time,CO2_flowrateData,DHumidity,DHumiditySeparator,pressure1External,pressure2ExternalVP,temp1,temp3,temp7,temp8,temp9,temp10,downStreamBoiler_1,downStreamEnergy,DPressure_BOILER,DPressure_SAMPLING_POINT,DPressure_separator,DPressureVP,DTemp_BOILER_TEMP,DTemp_PHE_C_OUT,DTemp_PHE_STEAM_OUT,DTemp_SAMPLING_POINT,DTempHumidity,DTempPHE_C_IN,DTempPHE_STEAM_IN,DTempSeparator,kessesEnergy,pressure_2_INTERNAL_PLENUM,pressure_SENSOR_PLENUM,temp2,temp4,temp5,temp6,temp11,temp12,downStreamBoiler_2,RFUWaterTemp,SteamFlowRates,Cumulative_SteamFlowRates_,t_stamp
1,NULL,NULL,NULL,NULL,NULL,NULL,NULL,NULL,NULL,NULL,NULL,NULL,NULL,NULL,NULL,NULL,NULL,NULL,NULL,NULL,NULL,NULL,NULL,NULL,NULL,NULL,NULL,NULL,NULL,NULL,NULL,NULL,NULL,NULL,NULL,NULL,NULL,NULL,13/12/2024 13:12
2,NULL,NULL,NULL,NULL,NULL,NULL,NULL,NULL,NULL,NULL,NULL,NULL,NULL,NULL,NULL,NULL,NULL,NULL,NULL,NULL,NULL,NULL,NULL,NULL,NULL,NULL,NULL,NULL,NULL,NULL,NULL,NULL,NULL,NULL,NULL,NULL,NULL,NULL,13/12/2024 13:12
3,NULL,NULL,NULL,NULL,NULL,NULL,NULL,NULL,NULL,NULL,NULL,NULL,NULL,NULL,NULL,NULL,NULL,NULL,NULL,NULL,NULL,NULL,NULL,NULL,NULL,NULL,NULL,NULL,NULL,NULL,NULL,NULL,NULL,NULL,NULL,NULL,NULL,NULL,13/12/2024 13:12
4,NULL,NULL,NULL,NULL,NULL,NULL,NULL,NULL,NULL,NULL,NULL,NULL,NULL,NULL,NULL,NULL,NULL,NULL,NULL,NULL,NULL,NULL,NULL,NULL,NULL,NULL,NULL,NULL,NULL,NULL,NULL,NULL,NULL,NULL,NULL,NULL,NULL,NULL,13/12/2024 13:12
5,NULL,NULL,NULL,NULL,NULL,NULL,NULL,NULL,NULL,NULL,NULL,NULL,NULL,NULL,NULL,NULL,NULL,NULL,NULL,NULL,NULL,NULL,NULL,NULL,NULL,NULL,NULL,NULL,NULL,NULL,NULL,NULL,NULL,NULL,NULL,NULL,NULL,NULL,13/12/2024 13:12
6,NULL,NULL,NULL,NULL,NULL,NULL,NULL,NULL,NULL,NULL,NULL,NULL,NULL,NULL,NULL,NULL,NULL,NULL,NULL,NULL,NULL,NULL,NULL,NULL,NULL,NULL,NULL,NULL,NULL,NULL,NULL,NULL,NULL,NULL,NULL,NULL,NULL,NULL,13/12/2024 13:12
7,NULL,NULL,NULL,NULL,NULL,NULL,NULL,NULL,NULL,NULL,NULL,NULL,NULL,NULL,NULL,NULL,NULL,NULL,NULL,NULL,NULL,NULL,NULL,NULL,NULL,NULL,NULL,NULL,NULL,NULL,NULL,NULL,NULL,NULL,NULL,NULL,NULL,NULL,13/12/2024 13:12
8,NULL,NULL,NULL,NULL,NULL,NULL,NULL,NULL,NULL,NULL,NULL,NULL,NULL,NULL,NULL,NULL,NULL,NULL,NULL,NULL,NULL,NULL,NULL,NULL,NULL,NULL,NULL,NULL,NULL,NULL,NULL,NULL,NULL,NULL,NULL,NULL,NULL,NULL,13/12/2024 13:12
9,NULL,NULL,NULL,NULL,NULL,NULL,NULL,NULL,NULL,NULL,NULL,NULL,NULL,NULL,NULL,NULL,NULL,NULL,NULL,NULL,NULL,NULL,NULL,NULL,NULL,NULL,NULL,NULL,NULL,NULL,NULL,NULL,NULL,NULL,NULL,NULL,NULL,NULL,13/12/2024 13:12
10,NULL,NULL,NULL,NULL,NULL,NULL,NULL,NULL,NULL,NULL,NULL,NULL,NULL,NULL,NULL,NULL,NULL,NULL,NULL,NULL,NULL,NULL,NULL,NULL,NULL,NULL,NULL,NULL,NULL,NULL,NULL,NULL,NULL,NULL,NULL,NULL,NULL,NULL,13/12/2024 13:12
11,NULL,NULL,NULL,NULL,NULL,NULL,NULL,NULL,NULL,NULL,NULL,NULL,NULL,NULL,NULL,NULL,NULL,NULL,NULL,NULL,NULL,NULL,NULL,NULL,NULL,NULL,NULL,NULL,NULL,NULL,NULL,NULL,NULL,NULL,NULL,NULL,NULL,NULL,13/12/2024 13:12
12,NULL,NULL,NULL,NULL,NULL,NULL,NULL,NULL,NULL,NULL,NULL,NULL,NULL,NULL,NULL,NULL,NULL,NULL,NULL,NULL,NULL,NULL,NULL,NULL,NULL,NULL,NULL,NULL,NULL,NULL,NULL,NULL,NULL,NULL,NULL,NULL,NULL,NULL,13/12/2024 13:12
13,NULL,NULL,NULL,NULL,NULL,NULL,NULL,NULL,NULL,NULL,NULL,NULL,NULL,NULL,NULL,NULL,NULL,NULL,NULL,NULL,NULL,NULL,NULL,NULL,NULL,NULL,NULL,NULL,NULL,NULL,NULL,NULL,NULL,NULL,NULL,NULL,NULL,NULL,13/12/2024 13:12
14,NULL,NULL,NULL,NULL,NULL,NULL,NULL,NULL,NULL,NULL,NULL,NULL,NULL,NULL,NULL,NULL,NULL,NULL,NULL,NULL,NULL,NULL,NULL,NULL,NULL,NULL,NULL,NULL,NULL,NULL,NULL,NULL,NULL,NULL,NULL,NULL,NULL,NULL,13/12/2024 13:12
15,NULL,NULL,NULL,NULL,NULL,NULL,NULL,NULL,NULL,NULL,NULL,NULL,NULL,NULL,NULL,NULL,NULL,NULL,NULL,NULL,NULL,NULL,NULL,NULL,NULL,NULL,NULL,NULL,NULL,NULL,NULL,NULL,NULL,NULL,NULL,NULL,NULL,NULL,13/12/2024 13:12
16,NULL,NULL,NULL,NULL,NULL,NULL,NULL,NULL,NULL,NULL,NULL,NULL,NULL,NULL,NULL,NULL,NULL,NULL,NULL,NULL,NULL,NULL,NULL,NULL,NULL,NULL,NULL,NULL,NULL,NULL,NULL,NULL,NULL,NULL,NULL,NULL,NULL,NULL,13/12/2024 13:12
17,NULL,NULL,NULL,NULL,NULL,NULL,NULL,NULL,NULL,NULL,NULL,NULL,NULL,NULL,NULL,NULL,NULL,NULL,NULL,NULL,NULL,NULL,NULL,NULL,NULL,NULL,NULL,NULL,NULL,NULL,NULL,NULL,NULL,NULL,NULL,NULL,NULL,NULL,13/12/2024 13:12
18,NULL,NULL,NULL,NULL,NULL,NULL,NULL,NULL,NULL,NULL,NULL,NULL,NULL,NULL,NULL,NULL,NULL,NULL,NULL,NULL,NULL,NULL,NULL,NULL,NULL,NULL,NULL,NULL,NULL,NULL,NULL,NULL,NULL,NULL,NULL,NULL,NULL,NULL,13/12/2024 13:12
19,NULL,NULL,NULL,NULL,NULL,NULL,NULL,NULL,NULL,NULL,NULL,NULL,NULL,NULL,NULL,NULL,NULL,NULL,NULL,NULL,NULL,NULL,NULL,NULL,NULL,NULL,NULL,NULL,NULL,NULL,NULL,NULL,NULL,NULL,NULL,NULL,NULL,NULL,13/12/2024 13:12
20,NULL,NULL,NULL,NULL,NULL,NULL,NULL,NULL,NULL,NULL,NULL,NULL,NULL,NULL,NULL,NULL,NULL,NULL,NULL,NULL,NULL,NULL,NULL,NULL,NULL,NULL,NULL,NULL,NULL,NULL,NULL,NULL,NULL,NULL,NULL,NULL,NULL,NULL,13/12/2024 13:12
21,NULL,NULL,NULL,NULL,NULL,NULL,NULL,NULL,NULL,NULL,NULL,NULL,NULL,NULL,NULL,NULL,NULL,NULL,NULL,NULL,NULL,NULL,NULL,NULL,NULL,NULL,NULL,NULL,NULL,NULL,NULL,NULL,NULL,NULL,NULL,NULL,NULL,NULL,13/12/2024 13:12
22,NULL,NULL,NULL,NULL,NULL,NULL,NULL,NULL,NULL,NULL,NULL,NULL,NULL,NULL,NULL,NULL,NULL,NULL,NULL,NULL,NULL,NULL,NULL,NULL,NULL,NULL,NULL,NULL,NULL,NULL,NULL,NULL,NULL,NULL,NULL,NULL,NULL,NULL,13/12/2024 13:12
23,NULL,NULL,NULL,NULL,NULL,NULL,NULL,NULL,NULL,NULL,NULL,NULL,NULL,NULL,NULL,NULL,NULL,NULL,NULL,NULL,NULL,NULL,NULL,NULL,NULL,NULL,NULL,NULL,NULL,NULL,NULL,NULL,NULL,NULL,NULL,NULL,NULL,NULL,13/12/2024 13:12
24,NULL,NULL,NULL,NULL,NULL,NULL,NULL,NULL,NULL,NULL,NULL,NULL,NULL,NULL,NULL,NULL,NULL,NULL,NULL,NULL,NULL,NULL,NULL,NULL,NULL,NULL,NULL,NULL,NULL,NULL,NULL,NULL,NULL,NULL,NULL,NULL,NULL,NULL,13/12/2024 13:12
25,NULL,NULL,NULL,NULL,NULL,NULL,NULL,NULL,NULL,NULL,NULL,NULL,NULL,NULL,NULL,NULL,NULL,NULL,NULL,NULL,NULL,NULL,NULL,NULL,NULL,NULL,NULL,NULL,NULL,NULL,NULL,NULL,NULL,NULL,NULL,NULL,NULL,NULL,13/12/2024 13:12
26,NULL,NULL,NULL,NULL,NULL,NULL,NULL,NULL,NULL,NULL,NULL,NULL,NULL,NULL,NULL,NULL,NULL,NULL,NULL,NULL,NULL,NULL,NULL,NULL,NULL,NULL,NULL,NULL,NULL,NULL,NULL,NULL,NULL,NULL,NULL,NULL,NULL,NULL,13/12/2024 13:12
27,NULL,NULL,NULL,NULL,NULL,NULL,NULL,NULL,NULL,NULL,NULL,NULL,NULL,NULL,NULL,NULL,NULL,NULL,NULL,NULL,NULL,NULL,NULL,NULL,NULL,NULL,NULL,NULL,NULL,NULL,NULL,NULL,NULL,NULL,NULL,NULL,NULL,NULL,13/12/2024 13:12
28,NULL,NULL,NULL,NULL,NULL,NULL,NULL,NULL,NULL,NULL,NULL,NULL,NULL,NULL,NULL,NULL,NULL,NULL,NULL,NULL,NULL,NULL,NULL,NULL,NULL,NULL,NULL,NULL,NULL,NULL,NULL,NULL,NULL,NULL,NULL,NULL,NULL,NULL,13/12/2024 13:12
29,NULL,NULL,NULL,NULL,NULL,NULL,NULL,NULL,NULL,NULL,NULL,NULL,NULL,NULL,NULL,NULL,NULL,NULL,NULL,NULL,NULL,NULL,NULL,NULL,NULL,NULL,NULL,NULL,NULL,NULL,NULL,NULL,NULL,NULL,NULL,NULL,NULL,NULL,13/12/2024 13:12
30,NULL,NULL,NULL,NULL,NULL,NULL,NULL,NULL,NULL,NULL,NULL,NULL,NULL,NULL,NULL,NULL,NULL,NULL,NULL,NULL,NULL,NULL,NULL,NULL,NULL,NULL,NULL,NULL,NULL,NULL,NULL,NULL,NULL,NULL,NULL,NULL,NULL,NULL,13/12/2024 13:12
31,NULL,NULL,NULL,NULL,NULL,NULL,NULL,NULL,NULL,NULL,NULL,NULL,NULL,NULL,NULL,NULL,NULL,NULL,NULL,NULL,NULL,NULL,NULL,NULL,NULL,NULL,NULL,NULL,NULL,NULL,NULL,NULL,NULL,NULL,NULL,NULL,NULL,NULL,13/12/2024 13:12
32,NULL,NULL,NULL,NULL,NULL,NULL,NULL,NULL,NULL,NULL,NULL,NULL,NULL,NULL,NULL,NULL,NULL,NULL,NULL,NULL,NULL,NULL,NULL,NULL,NULL,NULL,NULL,NULL,NULL,NULL,NULL,NULL,NULL,NULL,NULL,NULL,NULL,NULL,13/12/2024 13:12
33,NULL,NULL,NULL,NULL,NULL,NULL,NULL,NULL,NULL,NULL,NULL,NULL,NULL,NULL,NULL,NULL,NULL,NULL,NULL,NULL,NULL,NULL,NULL,NULL,NULL,NULL,NULL,NULL,NULL,NULL,NULL,NULL,NULL,NULL,NULL,NULL,NULL,NULL,13/12/2024 13:12
34,NULL,NULL,NULL,NULL,NULL,NULL,NULL,NULL,NULL,NULL,NULL,NULL,NULL,NULL,NULL,NULL,NULL,NULL,NULL,NULL,NULL,NULL,NULL,NULL,NULL,NULL,NULL,NULL,NULL,NULL,NULL,NULL,NULL,NULL,NULL,NULL,NULL,NULL,13/12/2024 13:12
35,NULL,NULL,NULL,NULL,NULL,NULL,NULL,NULL,NULL,NULL,NULL,NULL,NULL,NULL,NULL,NULL,NULL,NULL,NULL,NULL,NULL,NULL,NULL,NULL,NULL,NULL,NULL,NULL,NULL,NULL,NULL,NULL,NULL,NULL,NULL,NULL,NULL,NULL,13/12/2024 13:12
36,NULL,NULL,NULL,NULL,NULL,NULL,NULL,NULL,NULL,NULL,NULL,NULL,NULL,NULL,NULL,NULL,NULL,NULL,NULL,NULL,NULL,NULL,NULL,NULL,NULL,NULL,NULL,NULL,NULL,NULL,NULL,NULL,NULL,NULL,NULL,NULL,NULL,NULL,13/12/2024 13:12
37,NULL,NULL,NULL,NULL,NULL,NULL,NULL,NULL,NULL,NULL,NULL,NULL,NULL,NULL,NULL,NULL,NULL,NULL,NULL,NULL,NULL,NULL,NULL,NULL,NULL,NULL,NULL,NULL,NULL,NULL,NULL,NULL,NULL,NULL,NULL,NULL,NULL,NULL,13/12/2024 13:12
38,NULL,NULL,NULL,NULL,NULL,NULL,NULL,NULL,NULL,NULL,NULL,NULL,NULL,NULL,NULL,NULL,NULL,NULL,NULL,NULL,NULL,NULL,NULL,NULL,NULL,NULL,NULL,NULL,NULL,NULL,NULL,NULL,NULL,NULL,NULL,NULL,NULL,NULL,13/12/2024 13:12
39,NULL,NULL,NULL,NULL,NULL,NULL,NULL,NULL,NULL,NULL,NULL,NULL,NULL,NULL,NULL,NULL,NULL,NULL,NULL,NULL,NULL,NULL,NULL,NULL,NULL,NULL,NULL,NULL,NULL,NULL,NULL,NULL,NULL,NULL,NULL,NULL,NULL,NULL,13/12/2024 13:12
40,NULL,NULL,NULL,NULL,NULL,NULL,NULL,NULL,NULL,NULL,NULL,NULL,NULL,NULL,NULL,NULL,NULL,NULL,NULL,NULL,NULL,NULL,NULL,NULL,NULL,NULL,NULL,NULL,NULL,NULL,NULL,NULL,NULL,NULL,NULL,NULL,NULL,NULL,13/12/2024 13:12
41,NULL,NULL,NULL,NULL,NULL,NULL,NULL,NULL,NULL,NULL,NULL,NULL,NULL,NULL,NULL,NULL,NULL,NULL,NULL,NULL,NULL,NULL,NULL,NULL,NULL,NULL,NULL,NULL,NULL,NULL,NULL,NULL,NULL,NULL,NULL,NULL,NULL,NULL,13/12/2024 13:12
42,NULL,NULL,NULL,NULL,NULL,NULL,NULL,NULL,NULL,NULL,NULL,NULL,NULL,NULL,NULL,NULL,NULL,NULL,NULL,NULL,NULL,NULL,NULL,NULL,NULL,NULL,NULL,NULL,NULL,NULL,NULL,NULL,NULL,NULL,NULL,NULL,NULL,NULL,13/12/2024 13:12
43,NULL,NULL,NULL,NULL,NULL,NULL,NULL,NULL,NULL,NULL,NULL,NULL,NULL,NULL,NULL,NULL,NULL,NULL,NULL,NULL,NULL,NULL,NULL,NULL,NULL,NULL,NULL,NULL,NULL,NULL,NULL,NULL,NULL,NULL,NULL,NULL,NULL,NULL,13/12/2024 13:12
44,NULL,NULL,NULL,NULL,NULL,NULL,NULL,NULL,NULL,NULL,NULL,NULL,NULL,NULL,NULL,NULL,NULL,NULL,NULL,NULL,NULL,NULL,NULL,NULL,NULL,NULL,NULL,NULL,NULL,NULL,NULL,NULL,NULL,NULL,NULL,NULL,NULL,NULL,13/12/2024 13:12
45,NULL,NULL,NULL,NULL,NULL,NULL,NULL,NULL,NULL,NULL,NULL,NULL,NULL,NULL,NULL,NULL,NULL,NULL,NULL,NULL,NULL,NULL,NULL,NULL,NULL,NULL,NULL,NULL,NULL,NULL,NULL,NULL,NULL,NULL,NULL,NULL,NULL,NULL,13/12/2024 13:12
46,NULL,NULL,NULL,NULL,NULL,NULL,NULL,NULL,NULL,NULL,NULL,NULL,NULL,NULL,NULL,NULL,NULL,NULL,NULL,NULL,NULL,NULL,NULL,NULL,NULL,NULL,NULL,NULL,NULL,NULL,NULL,NULL,NULL,NULL,NULL,NULL,NULL,NULL,13/12/2024 13:12
47,NULL,NULL,NULL,NULL,NULL,NULL,NULL,NULL,NULL,NULL,NULL,NULL,NULL,NULL,NULL,NULL,NULL,NULL,NULL,NULL,NULL,NULL,NULL,NULL,NULL,NULL,NULL,NULL,NULL,NULL,NULL,NULL,NULL,NULL,NULL,NULL,NULL,NULL,13/12/2024 13:12
48,NULL,NULL,NULL,NULL,NULL,NULL,NULL,NULL,NULL,NULL,NULL,NULL,NULL,NULL,NULL,NULL,NULL,NULL,NULL,NULL,NULL,NULL,NULL,NULL,NULL,NULL,NULL,NULL,NULL,NULL,NULL,NULL,NULL,NULL,NULL,NULL,NULL,NULL,13/12/2024 13:12
49,NULL,NULL,NULL,NULL,NULL,NULL,NULL,NULL,NULL,NULL,NULL,NULL,NULL,NULL,NULL,NULL,NULL,NULL,NULL,NULL,NULL,NULL,NULL,NULL,NULL,NULL,NULL,NULL,NULL,NULL,NULL,NULL,NULL,NULL,NULL,NULL,NULL,NULL,13/12/2024 13:12
50,NULL,NULL,NULL,NULL,NULL,NULL,NULL,NULL,NULL,NULL,NULL,NULL,NULL,NULL,NULL,NULL,NULL,NULL,NULL,NULL,NULL,NULL,NULL,NULL,NULL,NULL,NULL,NULL,NULL,NULL,NULL,NULL,NULL,NULL,NULL,NULL,NULL,NULL,13/12/2024 13:13
51,NULL,NULL,NULL,NULL,NULL,NULL,NULL,NULL,NULL,NULL,NULL,NULL,NULL,NULL,NULL,NULL,NULL,NULL,NULL,NULL,NULL,NULL,NULL,NULL,NULL,NULL,NULL,NULL,NULL,NULL,NULL,NULL,NULL,NULL,NULL,NULL,NULL,NULL,13/12/2024 13:13
52,NULL,NULL,NULL,NULL,NULL,NULL,NULL,NULL,NULL,NULL,NULL,NULL,NULL,NULL,NULL,NULL,NULL,NULL,NULL,NULL,NULL,NULL,NULL,NULL,NULL,NULL,NULL,NULL,NULL,NULL,NULL,NULL,NULL,NULL,NULL,NULL,NULL,NULL,13/12/2024 13:13
53,NULL,NULL,NULL,NULL,NULL,NULL,NULL,NULL,NULL,NULL,NULL,NULL,NULL,NULL,NULL,NULL,NULL,NULL,NULL,NULL,NULL,NULL,NULL,NULL,NULL,NULL,NULL,NULL,NULL,NULL,NULL,NULL,NULL,NULL,NULL,NULL,NULL,NULL,13/12/2024 13:13
54,NULL,NULL,NULL,NULL,NULL,NULL,NULL,NULL,NULL,NULL,NULL,NULL,NULL,NULL,NULL,NULL,NULL,NULL,NULL,NULL,NULL,NULL,NULL,NULL,NULL,NULL,NULL,NULL,NULL,NULL,NULL,NULL,NULL,NULL,NULL,NULL,NULL,NULL,13/12/2024 13:13
55,NULL,NULL,NULL,NULL,NULL,NULL,NULL,NULL,NULL,NULL,NULL,NULL,NULL,NULL,NULL,NULL,NULL,NULL,NULL,NULL,NULL,NULL,NULL,NULL,NULL,NULL,NULL,NULL,NULL,NULL,NULL,NULL,NULL,NULL,NULL,NULL,NULL,NULL,13/12/2024 13:13
56,NULL,NULL,NULL,NULL,NULL,NULL,NULL,NULL,NULL,NULL,NULL,NULL,NULL,NULL,NULL,NULL,NULL,NULL,NULL,NULL,NULL,NULL,NULL,NULL,NULL,NULL,NULL,NULL,NULL,NULL,NULL,NULL,NULL,NULL,NULL,NULL,NULL,NULL,13/12/2024 13:13
57,NULL,NULL,NULL,NULL,NULL,NULL,NULL,NULL,NULL,NULL,NULL,NULL,NULL,NULL,NULL,NULL,NULL,NULL,NULL,NULL,NULL,NULL,NULL,NULL,NULL,NULL,NULL,NULL,NULL,NULL,NULL,NULL,NULL,NULL,NULL,NULL,NULL,NULL,13/12/2024 13:13
58,NULL,NULL,NULL,NULL,NULL,NULL,NULL,NULL,NULL,NULL,NULL,NULL,NULL,NULL,NULL,NULL,NULL,NULL,NULL,NULL,NULL,NULL,NULL,NULL,NULL,NULL,NULL,NULL,NULL,NULL,NULL,NULL,NULL,NULL,NULL,NULL,NULL,NULL,13/12/2024 13:13
59,NULL,NULL,NULL,NULL,NULL,NULL,NULL,NULL,NULL,NULL,NULL,NULL,NULL,NULL,NULL,NULL,NULL,NULL,NULL,NULL,NULL,NULL,NULL,NULL,NULL,NULL,NULL,NULL,NULL,NULL,NULL,NULL,NULL,NULL,NULL,NULL,NULL,NULL,13/12/2024 13:13
60,NULL,NULL,NULL,NULL,NULL,NULL,NULL,NULL,NULL,NULL,NULL,NULL,NULL,NULL,NULL,NULL,NULL,NULL,NULL,NULL,NULL,NULL,NULL,NULL,NULL,NULL,NULL,NULL,NULL,NULL,NULL,NULL,NULL,NULL,NULL,NULL,NULL,NULL,13/12/2024 13:13
61,NULL,NULL,NULL,NULL,NULL,NULL,NULL,NULL,NULL,NULL,NULL,NULL,NULL,NULL,NULL,NULL,NULL,NULL,NULL,NULL,NULL,NULL,NULL,NULL,NULL,NULL,NULL,NULL,NULL,NULL,NULL,NULL,NULL,NULL,NULL,NULL,NULL,NULL,13/12/2024 13:13
62,NULL,NULL,NULL,NULL,NULL,NULL,NULL,NULL,NULL,NULL,NULL,NULL,NULL,NULL,NULL,NULL,NULL,NULL,NULL,NULL,NULL,NULL,NULL,NULL,NULL,NULL,NULL,NULL,NULL,NULL,NULL,NULL,NULL,NULL,NULL,NULL,NULL,NULL,13/12/2024 13:13
63,NULL,NULL,NULL,NULL,NULL,NULL,NULL,NULL,NULL,NULL,NULL,NULL,NULL,NULL,NULL,NULL,NULL,NULL,NULL,NULL,NULL,NULL,NULL,NULL,NULL,NULL,NULL,NULL,NULL,NULL,NULL,NULL,NULL,NULL,NULL,NULL,NULL,NULL,13/12/2024 13:13
64,NULL,NULL,NULL,NULL,NULL,NULL,NULL,NULL,NULL,NULL,NULL,NULL,NULL,NULL,NULL,NULL,NULL,NULL,NULL,NULL,NULL,NULL,NULL,NULL,NULL,NULL,NULL,NULL,NULL,NULL,NULL,NULL,NULL,NULL,NULL,NULL,NULL,NULL,13/12/2024 13:13
65,NULL,NULL,NULL,NULL,NULL,NULL,NULL,NULL,NULL,NULL,NULL,NULL,NULL,NULL,NULL,NULL,NULL,NULL,NULL,NULL,NULL,NULL,NULL,NULL,NULL,NULL,NULL,NULL,NULL,NULL,NULL,NULL,NULL,NULL,NULL,NULL,NULL,NULL,13/12/2024 13:13
66,NULL,NULL,NULL,NULL,NULL,NULL,NULL,NULL,NULL,NULL,NULL,NULL,NULL,NULL,NULL,NULL,NULL,NULL,NULL,NULL,NULL,NULL,NULL,NULL,NULL,NULL,NULL,NULL,NULL,NULL,NULL,NULL,NULL,NULL,NULL,NULL,NULL,NULL,13/12/2024 13:13
67,NULL,NULL,NULL,NULL,NULL,NULL,NULL,NULL,NULL,NULL,NULL,NULL,NULL,NULL,NULL,NULL,NULL,NULL,NULL,NULL,NULL,NULL,NULL,NULL,NULL,NULL,NULL,NULL,NULL,NULL,NULL,NULL,NULL,NULL,NULL,NULL,NULL,NULL,13/12/2024 13:13
68,NULL,NULL,NULL,NULL,NULL,NULL,NULL,NULL,NULL,NULL,NULL,NULL,NULL,NULL,NULL,NULL,NULL,NULL,NULL,NULL,NULL,NULL,NULL,NULL,NULL,NULL,NULL,NULL,NULL,NULL,NULL,NULL,NULL,NULL,NULL,NULL,NULL,NULL,13/12/2024 13:13
69,NULL,NULL,NULL,NULL,NULL,NULL,NULL,NULL,NULL,NULL,NULL,NULL,NULL,NULL,NULL,NULL,NULL,NULL,NULL,NULL,NULL,NULL,NULL,NULL,NULL,NULL,NULL,NULL,NULL,NULL,NULL,NULL,NULL,NULL,NULL,NULL,NULL,NULL,13/12/2024 13:13
70,NULL,NULL,NULL,NULL,NULL,NULL,NULL,NULL,NULL,NULL,NULL,NULL,NULL,NULL,NULL,NULL,NULL,NULL,NULL,NULL,NULL,NULL,NULL,NULL,NULL,NULL,NULL,NULL,NULL,NULL,NULL,NULL,NULL,NULL,NULL,NULL,NULL,NULL,13/12/2024 13:13
71,NULL,NULL,NULL,NULL,NULL,NULL,NULL,NULL,NULL,NULL,NULL,NULL,NULL,NULL,NULL,NULL,NULL,NULL,NULL,NULL,NULL,NULL,NULL,NULL,NULL,NULL,NULL,NULL,NULL,NULL,NULL,NULL,NULL,NULL,NULL,NULL,NULL,NULL,13/12/2024 13:13
72,NULL,NULL,NULL,NULL,NULL,NULL,NULL,NULL,NULL,NULL,NULL,NULL,NULL,NULL,NULL,NULL,NULL,NULL,NULL,NULL,NULL,NULL,NULL,NULL,NULL,NULL,NULL,NULL,NULL,NULL,NULL,NULL,NULL,NULL,NULL,NULL,NULL,NULL,13/12/2024 13:13
73,NULL,NULL,NULL,NULL,NULL,NULL,NULL,NULL,NULL,NULL,NULL,NULL,NULL,NULL,NULL,NULL,NULL,NULL,NULL,NULL,NULL,NULL,NULL,NULL,NULL,NULL,NULL,NULL,NULL,NULL,NULL,NULL,NULL,NULL,NULL,NULL,NULL,NULL,13/12/2024 13:13
74,NULL,NULL,NULL,NULL,NULL,NULL,NULL,NULL,NULL,NULL,NULL,NULL,NULL,NULL,NULL,NULL,NULL,NULL,NULL,NULL,NULL,NULL,NULL,NULL,NULL,NULL,NULL,NULL,NULL,NULL,NULL,NULL,NULL,NULL,NULL,NULL,NULL,NULL,13/12/2024 13:13
75,NULL,NULL,NULL,NULL,NULL,NULL,NULL,NULL,NULL,NULL,NULL,NULL,NULL,NULL,NULL,NULL,NULL,NULL,NULL,NULL,NULL,NULL,NULL,NULL,NULL,NULL,NULL,NULL,NULL,NULL,NULL,NULL,NULL,NULL,NULL,NULL,NULL,NULL,13/12/2024 13:13
76,NULL,NULL,NULL,NULL,NULL,NULL,NULL,NULL,NULL,NULL,NULL,NULL,NULL,NULL,NULL,NULL,NULL,NULL,NULL,NULL,NULL,NULL,NULL,NULL,NULL,NULL,NULL,NULL,NULL,NULL,NULL,NULL,NULL,NULL,NULL,NULL,NULL,NULL,13/12/2024 13:13
77,NULL,NULL,NULL,NULL,NULL,NULL,NULL,NULL,NULL,NULL,NULL,NULL,NULL,NULL,NULL,NULL,NULL,NULL,NULL,NULL,NULL,NULL,NULL,NULL,NULL,NULL,NULL,NULL,NULL,NULL,NULL,NULL,NULL,NULL,NULL,NULL,NULL,NULL,13/12/2024 13:13
78,NULL,NULL,NULL,NULL,NULL,NULL,NULL,NULL,NULL,NULL,NULL,NULL,NULL,NULL,NULL,NULL,NULL,NULL,NULL,NULL,NULL,NULL,NULL,NULL,NULL,NULL,NULL,NULL,NULL,NULL,NULL,NULL,NULL,NULL,NULL,NULL,NULL,NULL,13/12/2024 13:13
79,NULL,NULL,NULL,NULL,NULL,NULL,NULL,NULL,NULL,NULL,NULL,NULL,NULL,NULL,NULL,NULL,NULL,NULL,NULL,NULL,NULL,NULL,NULL,NULL,NULL,NULL,NULL,NULL,NULL,NULL,NULL,NULL,NULL,NULL,NULL,NULL,NULL,NULL,13/12/2024 13:13
80,NULL,NULL,NULL,NULL,NULL,NULL,NULL,NULL,NULL,NULL,NULL,NULL,NULL,NULL,NULL,NULL,NULL,NULL,NULL,NULL,NULL,NULL,NULL,NULL,NULL,NULL,NULL,NULL,NULL,NULL,NULL,NULL,NULL,NULL,NULL,NULL,NULL,NULL,13/12/2024 13:13
81,NULL,NULL,NULL,NULL,NULL,NULL,NULL,NULL,NULL,NULL,NULL,NULL,NULL,NULL,NULL,NULL,NULL,NULL,NULL,NULL,NULL,NULL,NULL,NULL,NULL,NULL,NULL,NULL,NULL,NULL,NULL,NULL,NULL,NULL,NULL,NULL,NULL,NULL,13/12/2024 13:13
82,NULL,NULL,NULL,NULL,NULL,NULL,NULL,NULL,NULL,NULL,NULL,NULL,NULL,NULL,NULL,NULL,NULL,NULL,NULL,NULL,NULL,NULL,NULL,NULL,NULL,NULL,NULL,NULL,NULL,NULL,NULL,NULL,NULL,NULL,NULL,NULL,NULL,NULL,13/12/2024 13:13
83,NULL,NULL,NULL,NULL,NULL,NULL,NULL,NULL,NULL,NULL,NULL,NULL,NULL,NULL,NULL,NULL,NULL,NULL,NULL,NULL,NULL,NULL,NULL,NULL,NULL,NULL,NULL,NULL,NULL,NULL,NULL,NULL,NULL,NULL,NULL,NULL,NULL,NULL,13/12/2024 13:13
84,NULL,NULL,NULL,NULL,NULL,NULL,NULL,NULL,NULL,NULL,NULL,NULL,NULL,NULL,NULL,NULL,NULL,NULL,NULL,NULL,NULL,NULL,NULL,NULL,NULL,NULL,NULL,NULL,NULL,NULL,NULL,NULL,NULL,NULL,NULL,NULL,NULL,NULL,13/12/2024 13:13
85,NULL,NULL,NULL,NULL,NULL,NULL,NULL,NULL,NULL,NULL,NULL,NULL,NULL,NULL,NULL,NULL,NULL,NULL,NULL,NULL,NULL,NULL,NULL,NULL,NULL,NULL,NULL,NULL,NULL,NULL,NULL,NULL,NULL,NULL,NULL,NULL,NULL,NULL,13/12/2024 13:13
86,NULL,NULL,NULL,NULL,NULL,NULL,NULL,NULL,NULL,NULL,NULL,NULL,NULL,NULL,NULL,NULL,NULL,NULL,NULL,NULL,NULL,NULL,NULL,NULL,NULL,NULL,NULL,NULL,NULL,NULL,NULL,NULL,NULL,NULL,NULL,NULL,NULL,NULL,13/12/2024 13:13
87,NULL,NULL,NULL,NULL,NULL,NULL,NULL,NULL,NULL,NULL,NULL,NULL,NULL,NULL,NULL,NULL,NULL,NULL,NULL,NULL,NULL,NULL,NULL,NULL,NULL,NULL,NULL,NULL,NULL,NULL,NULL,NULL,NULL,NULL,NULL,NULL,NULL,NULL,13/12/2024 13:13
88,NULL,NULL,NULL,NULL,NULL,NULL,NULL,NULL,NULL,NULL,NULL,NULL,NULL,NULL,NULL,NULL,NULL,NULL,NULL,NULL,NULL,NULL,NULL,NULL,NULL,NULL,NULL,NULL,NULL,NULL,NULL,NULL,NULL,NULL,NULL,NULL,NULL,NULL,13/12/2024 13:13
89,NULL,NULL,NULL,NULL,NULL,NULL,NULL,NULL,NULL,NULL,NULL,NULL,NULL,NULL,NULL,NULL,NULL,NULL,NULL,NULL,NULL,NULL,NULL,NULL,NULL,NULL,NULL,NULL,NULL,NULL,NULL,NULL,NULL,NULL,NULL,NULL,NULL,NULL,13/12/2024 13:13
90,NULL,NULL,NULL,NULL,NULL,NULL,NULL,NULL,NULL,NULL,NULL,NULL,NULL,NULL,NULL,NULL,NULL,NULL,NULL,NULL,NULL,NULL,NULL,NULL,NULL,NULL,NULL,NULL,NULL,NULL,NULL,NULL,NULL,NULL,NULL,NULL,NULL,NULL,13/12/2024 13:13
91,NULL,NULL,NULL,NULL,NULL,NULL,NULL,NULL,NULL,NULL,NULL,NULL,NULL,NULL,NULL,NULL,NULL,NULL,NULL,NULL,NULL,NULL,NULL,NULL,NULL,NULL,NULL,NULL,NULL,NULL,NULL,NULL,NULL,NULL,NULL,NULL,NULL,NULL,13/12/2024 13:13
92,NULL,NULL,NULL,NULL,NULL,NULL,NULL,NULL,NULL,NULL,NULL,NULL,NULL,NULL,NULL,NULL,NULL,NULL,NULL,NULL,NULL,NULL,NULL,NULL,NULL,NULL,NULL,NULL,NULL,NULL,NULL,NULL,NULL,NULL,NULL,NULL,NULL,NULL,13/12/2024 13:13
93,NULL,NULL,NULL,NULL,NULL,NULL,NULL,NULL,NULL,NULL,NULL,NULL,NULL,NULL,NULL,NULL,NULL,NULL,NULL,NULL,NULL,NULL,NULL,NULL,NULL,NULL,NULL,NULL,NULL,NULL,NULL,NULL,NULL,NULL,NULL,NULL,NULL,NULL,13/12/2024 13:13
94,NULL,NULL,NULL,NULL,NULL,NULL,NULL,NULL,NULL,NULL,NULL,NULL,NULL,NULL,NULL,NULL,NULL,NULL,NULL,NULL,NULL,NULL,NULL,NULL,NULL,NULL,NULL,NULL,NULL,NULL,NULL,NULL,NULL,NULL,NULL,NULL,NULL,NULL,13/12/2024 13:13
95,NULL,NULL,NULL,NULL,NULL,NULL,NULL,NULL,NULL,NULL,NULL,NULL,NULL,NULL,NULL,NULL,NULL,NULL,NULL,NULL,NULL,NULL,NULL,NULL,NULL,NULL,NULL,NULL,NULL,NULL,NULL,NULL,NULL,NULL,NULL,NULL,NULL,NULL,13/12/2024 13:13
96,NULL,NULL,NULL,NULL,NULL,NULL,NULL,NULL,NULL,NULL,NULL,NULL,NULL,NULL,NULL,NULL,NULL,NULL,NULL,NULL,NULL,NULL,NULL,NULL,NULL,NULL,NULL,NULL,NULL,NULL,NULL,NULL,NULL,NULL,NULL,NULL,NULL,NULL,13/12/2024 13:13
97,NULL,NULL,NULL,NULL,NULL,NULL,NULL,NULL,NULL,NULL,NULL,NULL,NULL,NULL,NULL,NULL,NULL,NULL,NULL,NULL,NULL,NULL,NULL,NULL,NULL,NULL,NULL,NULL,NULL,NULL,NULL,NULL,NULL,NULL,NULL,NULL,NULL,NULL,13/12/2024 13:13
98,NULL,NULL,NULL,NULL,NULL,NULL,NULL,NULL,NULL,NULL,NULL,NULL,NULL,NULL,NULL,NULL,NULL,NULL,NULL,NULL,NULL,NULL,NULL,NULL,NULL,NULL,NULL,NULL,NULL,NULL,NULL,NULL,NULL,NULL,NULL,NULL,NULL,NULL,13/12/2024 13:13
99,NULL,NULL,NULL,NULL,NULL,NULL,NULL,NULL,NULL,NULL,NULL,NULL,NULL,NULL,NULL,NULL,NULL,NULL,NULL,NULL,NULL,NULL,NULL,NULL,NULL,NULL,NULL,NULL,NULL,NULL,NULL,NULL,NULL,NULL,NULL,NULL,NULL,NULL,13/12/2024 13:13
100,NULL,NULL,NULL,NULL,NULL,NULL,NULL,NULL,NULL,NULL,NULL,NULL,NULL,NULL,NULL,NULL,NULL,NULL,NULL,NULL,NULL,NULL,NULL,NULL,NULL,NULL,NULL,NULL,NULL,NULL,NULL,NULL,NULL,NULL,NULL,NULL,NULL,NULL,13/12/2024 13:13
101,NULL,NULL,NULL,NULL,NULL,NULL,NULL,NULL,NULL,NULL,NULL,NULL,NULL,NULL,NULL,NULL,NULL,NULL,NULL,NULL,NULL,NULL,NULL,NULL,NULL,NULL,NULL,NULL,NULL,NULL,NULL,NULL,NULL,NULL,NULL,NULL,NULL,NULL,13/12/2024 13:13
102,NULL,NULL,NULL,NULL,NULL,NULL,NULL,NULL,NULL,NULL,NULL,NULL,NULL,NULL,NULL,NULL,NULL,NULL,NULL,NULL,NULL,NULL,NULL,NULL,NULL,NULL,NULL,NULL,NULL,NULL,NULL,NULL,NULL,NULL,NULL,NULL,NULL,NULL,13/12/2024 13:13
103,NULL,NULL,NULL,NULL,NULL,NULL,NULL,NULL,NULL,NULL,NULL,NULL,NULL,NULL,NULL,NULL,NULL,NULL,NULL,NULL,NULL,NULL,NULL,NULL,NULL,NULL,NULL,NULL,NULL,NULL,NULL,NULL,NULL,NULL,NULL,NULL,NULL,NULL,13/12/2024 13:13
104,NULL,NULL,NULL,NULL,NULL,NULL,NULL,NULL,NULL,NULL,NULL,NULL,NULL,NULL,NULL,NULL,NULL,NULL,NULL,NULL,NULL,NULL,NULL,NULL,NULL,NULL,NULL,NULL,NULL,NULL,NULL,NULL,NULL,NULL,NULL,NULL,NULL,NULL,13/12/2024 13:13
105,NULL,NULL,NULL,NULL,NULL,NULL,NULL,NULL,NULL,NULL,NULL,NULL,NULL,NULL,NULL,NULL,NULL,NULL,NULL,NULL,NULL,NULL,NULL,NULL,NULL,NULL,NULL,NULL,NULL,NULL,NULL,NULL,NULL,NULL,NULL,NULL,NULL,NULL,13/12/2024 13:13
106,NULL,NULL,NULL,NULL,NULL,NULL,NULL,NULL,NULL,NULL,NULL,NULL,NULL,NULL,NULL,NULL,NULL,NULL,NULL,NULL,NULL,NULL,NULL,NULL,NULL,NULL,NULL,NULL,NULL,NULL,NULL,NULL,NULL,NULL,NULL,NULL,NULL,NULL,13/12/2024 13:13
107,NULL,NULL,NULL,NULL,NULL,NULL,NULL,NULL,NULL,NULL,NULL,NULL,NULL,NULL,NULL,NULL,NULL,NULL,NULL,NULL,NULL,NULL,NULL,NULL,NULL,NULL,NULL,NULL,NULL,NULL,NULL,NULL,NULL,NULL,NULL,NULL,NULL,NULL,13/12/2024 13:13
108,NULL,NULL,NULL,NULL,NULL,NULL,NULL,NULL,NULL,NULL,NULL,NULL,NULL,NULL,NULL,NULL,NULL,NULL,NULL,NULL,NULL,NULL,NULL,NULL,NULL,NULL,NULL,NULL,NULL,NULL,NULL,NULL,NULL,NULL,NULL,NULL,NULL,NULL,13/12/2024 13:13
109,NULL,NULL,NULL,NULL,NULL,NULL,NULL,NULL,NULL,NULL,NULL,NULL,NULL,NULL,NULL,NULL,NULL,NULL,NULL,NULL,NULL,NULL,NULL,NULL,NULL,NULL,NULL,NULL,NULL,NULL,NULL,NULL,NULL,NULL,NULL,NULL,NULL,NULL,13/12/2024 13:13
110,NULL,NULL,NULL,NULL,NULL,NULL,NULL,NULL,NULL,NULL,NULL,NULL,NULL,NULL,NULL,NULL,NULL,NULL,NULL,NULL,NULL,NULL,NULL,NULL,NULL,NULL,NULL,NULL,NULL,NULL,NULL,NULL,NULL,NULL,NULL,NULL,NULL,NULL,13/12/2024 13:14
111,NULL,NULL,NULL,NULL,NULL,NULL,NULL,NULL,NULL,NULL,NULL,NULL,NULL,NULL,NULL,NULL,NULL,NULL,NULL,NULL,NULL,NULL,NULL,NULL,NULL,NULL,NULL,NULL,NULL,NULL,NULL,NULL,NULL,NULL,NULL,NULL,NULL,NULL,13/12/2024 13:14
112,NULL,NULL,NULL,NULL,NULL,NULL,NULL,NULL,NULL,NULL,NULL,NULL,NULL,NULL,NULL,NULL,NULL,NULL,NULL,NULL,NULL,NULL,NULL,NULL,NULL,NULL,NULL,NULL,NULL,NULL,NULL,NULL,NULL,NULL,NULL,NULL,NULL,NULL,13/12/2024 13:14
113,NULL,NULL,NULL,NULL,NULL,NULL,NULL,NULL,NULL,NULL,NULL,NULL,NULL,NULL,NULL,NULL,NULL,NULL,NULL,NULL,NULL,NULL,NULL,NULL,NULL,NULL,NULL,NULL,NULL,NULL,NULL,NULL,NULL,NULL,NULL,NULL,NULL,NULL,13/12/2024 13:14
114,NULL,NULL,NULL,NULL,NULL,NULL,NULL,NULL,NULL,NULL,NULL,NULL,NULL,NULL,NULL,NULL,NULL,NULL,NULL,NULL,NULL,NULL,NULL,NULL,NULL,NULL,NULL,NULL,NULL,NULL,NULL,NULL,NULL,NULL,NULL,NULL,NULL,NULL,13/12/2024 13:14
115,NULL,NULL,NULL,NULL,NULL,NULL,NULL,NULL,NULL,NULL,NULL,NULL,NULL,NULL,NULL,NULL,NULL,NULL,NULL,NULL,NULL,NULL,NULL,NULL,NULL,NULL,NULL,NULL,NULL,NULL,NULL,NULL,NULL,NULL,NULL,NULL,NULL,NULL,13/12/2024 13:14
116,NULL,NULL,NULL,NULL,NULL,NULL,NULL,NULL,NULL,NULL,NULL,NULL,NULL,NULL,NULL,NULL,NULL,NULL,NULL,NULL,NULL,NULL,NULL,NULL,NULL,NULL,NULL,NULL,NULL,NULL,NULL,NULL,NULL,NULL,NULL,NULL,NULL,NULL,13/12/2024 13:14
117,NULL,NULL,NULL,NULL,NULL,NULL,NULL,NULL,NULL,NULL,NULL,NULL,NULL,NULL,NULL,NULL,NULL,NULL,NULL,NULL,NULL,NULL,NULL,NULL,NULL,NULL,NULL,NULL,NULL,NULL,NULL,NULL,NULL,NULL,NULL,NULL,NULL,NULL,13/12/2024 13:14
118,NULL,NULL,NULL,NULL,NULL,NULL,NULL,NULL,NULL,NULL,NULL,NULL,NULL,NULL,NULL,NULL,NULL,NULL,NULL,NULL,NULL,NULL,NULL,NULL,NULL,NULL,NULL,NULL,NULL,NULL,NULL,NULL,NULL,NULL,NULL,NULL,NULL,NULL,13/12/2024 13:14
119,NULL,NULL,NULL,NULL,NULL,NULL,NULL,NULL,NULL,NULL,NULL,NULL,NULL,NULL,NULL,NULL,NULL,NULL,NULL,NULL,NULL,NULL,NULL,NULL,NULL,NULL,NULL,NULL,NULL,NULL,NULL,NULL,NULL,NULL,NULL,NULL,NULL,NULL,13/12/2024 13:14
120,NULL,NULL,NULL,NULL,NULL,NULL,NULL,NULL,NULL,NULL,NULL,NULL,NULL,NULL,NULL,NULL,NULL,NULL,NULL,NULL,NULL,NULL,NULL,NULL,NULL,NULL,NULL,NULL,NULL,NULL,NULL,NULL,NULL,NULL,NULL,NULL,NULL,NULL,13/12/2024 13:14
121,NULL,NULL,NULL,NULL,NULL,NULL,NULL,NULL,NULL,NULL,NULL,NULL,NULL,NULL,NULL,NULL,NULL,NULL,NULL,NULL,NULL,NULL,NULL,NULL,NULL,NULL,NULL,NULL,NULL,NULL,NULL,NULL,NULL,NULL,NULL,NULL,NULL,NULL,13/12/2024 13:14
122,NULL,NULL,NULL,NULL,NULL,NULL,NULL,NULL,NULL,NULL,NULL,NULL,NULL,NULL,NULL,NULL,NULL,NULL,NULL,NULL,NULL,NULL,NULL,NULL,NULL,NULL,NULL,NULL,NULL,NULL,NULL,NULL,NULL,NULL,NULL,NULL,NULL,NULL,13/12/2024 13:14
123,NULL,NULL,NULL,NULL,NULL,NULL,NULL,NULL,NULL,NULL,NULL,NULL,NULL,NULL,NULL,NULL,NULL,NULL,NULL,NULL,NULL,NULL,NULL,NULL,NULL,NULL,NULL,NULL,NULL,NULL,NULL,NULL,NULL,NULL,NULL,NULL,NULL,NULL,13/12/2024 13:14
124,NULL,NULL,NULL,NULL,NULL,NULL,NULL,NULL,NULL,NULL,NULL,NULL,NULL,NULL,NULL,NULL,NULL,NULL,NULL,NULL,NULL,NULL,NULL,NULL,NULL,NULL,NULL,NULL,NULL,NULL,NULL,NULL,NULL,NULL,NULL,NULL,NULL,NULL,13/12/2024 13:14
125,NULL,NULL,NULL,NULL,NULL,NULL,NULL,NULL,NULL,NULL,NULL,NULL,NULL,NULL,NULL,NULL,NULL,NULL,NULL,NULL,NULL,NULL,NULL,NULL,NULL,NULL,NULL,NULL,NULL,NULL,NULL,NULL,NULL,NULL,NULL,NULL,NULL,NULL,13/12/2024 13:14
126,NULL,NULL,NULL,NULL,NULL,NULL,NULL,NULL,NULL,NULL,NULL,NULL,NULL,NULL,NULL,NULL,NULL,NULL,NULL,NULL,NULL,NULL,NULL,NULL,NULL,NULL,NULL,NULL,NULL,NULL,NULL,NULL,NULL,NULL,NULL,NULL,NULL,NULL,13/12/2024 13:14
127,NULL,NULL,NULL,NULL,NULL,NULL,NULL,NULL,NULL,NULL,NULL,NULL,NULL,NULL,NULL,NULL,NULL,NULL,NULL,NULL,NULL,NULL,NULL,NULL,NULL,NULL,NULL,NULL,NULL,NULL,NULL,NULL,NULL,NULL,NULL,NULL,NULL,NULL,13/12/2024 13:14
128,NULL,NULL,NULL,NULL,NULL,NULL,NULL,NULL,NULL,NULL,NULL,NULL,NULL,NULL,NULL,NULL,NULL,NULL,NULL,NULL,NULL,NULL,NULL,NULL,NULL,NULL,NULL,NULL,NULL,NULL,NULL,NULL,NULL,NULL,NULL,NULL,NULL,NULL,13/12/2024 13:14
129,NULL,NULL,NULL,NULL,NULL,NULL,NULL,NULL,NULL,NULL,NULL,NULL,NULL,NULL,NULL,NULL,NULL,NULL,NULL,NULL,NULL,NULL,NULL,NULL,NULL,NULL,NULL,NULL,NULL,NULL,NULL,NULL,NULL,NULL,NULL,NULL,NULL,NULL,13/12/2024 13:14
130,NULL,NULL,NULL,NULL,NULL,NULL,NULL,NULL,NULL,NULL,NULL,NULL,NULL,NULL,NULL,NULL,NULL,NULL,NULL,NULL,NULL,NULL,NULL,NULL,NULL,NULL,NULL,NULL,NULL,NULL,NULL,NULL,NULL,NULL,NULL,NULL,NULL,NULL,13/12/2024 13:14
131,NULL,NULL,NULL,NULL,NULL,NULL,NULL,NULL,NULL,NULL,NULL,NULL,NULL,NULL,NULL,NULL,NULL,NULL,NULL,NULL,NULL,NULL,NULL,NULL,NULL,NULL,NULL,NULL,NULL,NULL,NULL,NULL,NULL,NULL,NULL,NULL,NULL,NULL,13/12/2024 13:14
132,NULL,NULL,NULL,NULL,NULL,NULL,NULL,NULL,NULL,NULL,NULL,NULL,NULL,NULL,NULL,NULL,NULL,NULL,NULL,NULL,NULL,NULL,NULL,NULL,NULL,NULL,NULL,NULL,NULL,NULL,NULL,NULL,NULL,NULL,NULL,NULL,NULL,NULL,13/12/2024 13:14
133,NULL,NULL,NULL,NULL,NULL,NULL,NULL,NULL,NULL,NULL,NULL,NULL,NULL,NULL,NULL,NULL,NULL,NULL,NULL,NULL,NULL,NULL,NULL,NULL,NULL,NULL,NULL,NULL,NULL,NULL,NULL,NULL,NULL,NULL,NULL,NULL,NULL,NULL,13/12/2024 13:14
134,NULL,NULL,NULL,NULL,NULL,NULL,NULL,NULL,NULL,NULL,NULL,NULL,NULL,NULL,NULL,NULL,NULL,NULL,NULL,NULL,NULL,NULL,NULL,NULL,NULL,NULL,NULL,NULL,NULL,NULL,NULL,NULL,NULL,NULL,NULL,NULL,NULL,NULL,13/12/2024 13:14
135,NULL,NULL,NULL,NULL,NULL,NULL,NULL,NULL,NULL,NULL,NULL,NULL,NULL,NULL,NULL,NULL,NULL,NULL,NULL,NULL,NULL,NULL,NULL,NULL,NULL,NULL,NULL,NULL,NULL,NULL,NULL,NULL,NULL,NULL,NULL,NULL,NULL,NULL,13/12/2024 13:14
136,NULL,NULL,NULL,NULL,NULL,NULL,NULL,NULL,NULL,NULL,NULL,NULL,NULL,NULL,NULL,NULL,NULL,NULL,NULL,NULL,NULL,NULL,NULL,NULL,NULL,NULL,NULL,NULL,NULL,NULL,NULL,NULL,NULL,NULL,NULL,NULL,NULL,NULL,13/12/2024 13:14
137,NULL,NULL,NULL,NULL,NULL,NULL,NULL,NULL,NULL,NULL,NULL,NULL,NULL,NULL,NULL,NULL,NULL,NULL,NULL,NULL,NULL,NULL,NULL,NULL,NULL,NULL,NULL,NULL,NULL,NULL,NULL,NULL,NULL,NULL,NULL,NULL,NULL,NULL,13/12/2024 13:14
138,NULL,NULL,NULL,NULL,NULL,NULL,NULL,NULL,NULL,NULL,NULL,NULL,NULL,NULL,NULL,NULL,NULL,NULL,NULL,NULL,NULL,NULL,NULL,NULL,NULL,NULL,NULL,NULL,NULL,NULL,NULL,NULL,NULL,NULL,NULL,NULL,NULL,NULL,13/12/2024 13:14
139,NULL,NULL,NULL,NULL,NULL,NULL,NULL,NULL,NULL,NULL,NULL,NULL,NULL,NULL,NULL,NULL,NULL,NULL,NULL,NULL,NULL,NULL,NULL,NULL,NULL,NULL,NULL,NULL,NULL,NULL,NULL,NULL,NULL,NULL,NULL,NULL,NULL,NULL,13/12/2024 13:14
140,NULL,NULL,NULL,NULL,NULL,NULL,NULL,NULL,NULL,NULL,NULL,NULL,NULL,NULL,NULL,NULL,NULL,NULL,NULL,NULL,NULL,NULL,NULL,NULL,NULL,NULL,NULL,NULL,NULL,NULL,NULL,NULL,NULL,NULL,NULL,NULL,NULL,NULL,13/12/2024 13:14
141,NULL,NULL,NULL,NULL,NULL,NULL,NULL,NULL,NULL,NULL,NULL,NULL,NULL,NULL,NULL,NULL,NULL,NULL,NULL,NULL,NULL,NULL,NULL,NULL,NULL,NULL,NULL,NULL,NULL,NULL,NULL,NULL,NULL,NULL,NULL,NULL,NULL,NULL,13/12/2024 13:14
142,NULL,NULL,NULL,NULL,NULL,NULL,NULL,NULL,NULL,NULL,NULL,NULL,NULL,NULL,NULL,NULL,NULL,NULL,NULL,NULL,NULL,NULL,NULL,NULL,NULL,NULL,NULL,NULL,NULL,NULL,NULL,NULL,NULL,NULL,NULL,NULL,NULL,NULL,13/12/2024 13:14
143,NULL,NULL,NULL,NULL,NULL,NULL,NULL,NULL,NULL,NULL,NULL,NULL,NULL,NULL,NULL,NULL,NULL,NULL,NULL,NULL,NULL,NULL,NULL,NULL,NULL,NULL,NULL,NULL,NULL,NULL,NULL,NULL,NULL,NULL,NULL,NULL,NULL,NULL,13/12/2024 13:14
144,NULL,NULL,NULL,NULL,NULL,NULL,NULL,NULL,NULL,NULL,NULL,NULL,NULL,NULL,NULL,NULL,NULL,NULL,NULL,NULL,NULL,NULL,NULL,NULL,NULL,NULL,NULL,NULL,NULL,NULL,NULL,NULL,NULL,NULL,NULL,NULL,NULL,NULL,13/12/2024 13:14
145,NULL,NULL,NULL,NULL,NULL,NULL,NULL,NULL,NULL,NULL,NULL,NULL,NULL,NULL,NULL,NULL,NULL,NULL,NULL,NULL,NULL,NULL,NULL,NULL,NULL,NULL,NULL,NULL,NULL,NULL,NULL,NULL,NULL,NULL,NULL,NULL,NULL,NULL,13/12/2024 13:14
146,NULL,NULL,NULL,NULL,NULL,NULL,NULL,NULL,NULL,NULL,NULL,NULL,NULL,NULL,NULL,NULL,NULL,NULL,NULL,NULL,NULL,NULL,NULL,NULL,NULL,NULL,NULL,NULL,NULL,NULL,NULL,NULL,NULL,NULL,NULL,NULL,NULL,NULL,13/12/2024 13:14
147,NULL,NULL,NULL,NULL,NULL,NULL,NULL,NULL,NULL,NULL,NULL,NULL,NULL,NULL,NULL,NULL,NULL,NULL,NULL,NULL,NULL,NULL,NULL,NULL,NULL,NULL,NULL,NULL,NULL,NULL,NULL,NULL,NULL,NULL,NULL,NULL,NULL,NULL,13/12/2024 13:14
148,NULL,NULL,NULL,NULL,NULL,NULL,NULL,NULL,NULL,NULL,NULL,NULL,NULL,NULL,NULL,NULL,NULL,NULL,NULL,NULL,NULL,NULL,NULL,NULL,NULL,NULL,NULL,NULL,NULL,NULL,NULL,NULL,NULL,NULL,NULL,NULL,NULL,NULL,13/12/2024 13:14
149,NULL,NULL,NULL,NULL,NULL,NULL,NULL,NULL,NULL,NULL,NULL,NULL,NULL,NULL,NULL,NULL,NULL,NULL,NULL,NULL,NULL,NULL,NULL,NULL,NULL,NULL,NULL,NULL,NULL,NULL,NULL,NULL,NULL,NULL,NULL,NULL,NULL,NULL,13/12/2024 13:14
150,NULL,NULL,NULL,NULL,NULL,NULL,NULL,NULL,NULL,NULL,NULL,NULL,NULL,NULL,NULL,NULL,NULL,NULL,NULL,NULL,NULL,NULL,NULL,NULL,NULL,NULL,NULL,NULL,NULL,NULL,NULL,NULL,NULL,NULL,NULL,NULL,NULL,NULL,13/12/2024 13:14
151,NULL,NULL,NULL,NULL,NULL,NULL,NULL,NULL,NULL,NULL,NULL,NULL,NULL,NULL,NULL,NULL,NULL,NULL,NULL,NULL,NULL,NULL,NULL,NULL,NULL,NULL,NULL,NULL,NULL,NULL,NULL,NULL,NULL,NULL,NULL,NULL,NULL,NULL,13/12/2024 13:14
152,NULL,NULL,NULL,NULL,NULL,NULL,NULL,NULL,NULL,NULL,NULL,NULL,NULL,NULL,NULL,NULL,NULL,NULL,NULL,NULL,NULL,NULL,NULL,NULL,NULL,NULL,NULL,NULL,NULL,NULL,NULL,NULL,NULL,NULL,NULL,NULL,NULL,NULL,13/12/2024 13:14
153,NULL,NULL,NULL,NULL,NULL,NULL,NULL,NULL,NULL,NULL,NULL,NULL,NULL,NULL,NULL,NULL,NULL,NULL,NULL,NULL,NULL,NULL,NULL,NULL,NULL,NULL,NULL,NULL,NULL,NULL,NULL,NULL,NULL,NULL,NULL,NULL,NULL,NULL,13/12/2024 13:14
154,NULL,NULL,NULL,NULL,NULL,NULL,NULL,NULL,NULL,NULL,NULL,NULL,NULL,NULL,NULL,NULL,NULL,NULL,NULL,NULL,NULL,NULL,NULL,NULL,NULL,NULL,NULL,NULL,NULL,NULL,NULL,NULL,NULL,NULL,NULL,NULL,NULL,NULL,13/12/2024 13:14
155,NULL,NULL,NULL,NULL,NULL,NULL,NULL,NULL,NULL,NULL,NULL,NULL,NULL,NULL,NULL,NULL,NULL,NULL,NULL,NULL,NULL,NULL,NULL,NULL,NULL,NULL,NULL,NULL,NULL,NULL,NULL,NULL,NULL,NULL,NULL,NULL,NULL,NULL,13/12/2024 13:14
156,NULL,NULL,NULL,NULL,NULL,NULL,NULL,NULL,NULL,NULL,NULL,NULL,NULL,NULL,NULL,NULL,NULL,NULL,NULL,NULL,NULL,NULL,NULL,NULL,NULL,NULL,NULL,NULL,NULL,NULL,NULL,NULL,NULL,NULL,NULL,NULL,NULL,NULL,13/12/2024 13:14
157,NULL,NULL,NULL,NULL,NULL,NULL,NULL,NULL,NULL,NULL,NULL,NULL,NULL,NULL,NULL,NULL,NULL,NULL,NULL,NULL,NULL,NULL,NULL,NULL,NULL,NULL,NULL,NULL,NULL,NULL,NULL,NULL,NULL,NULL,NULL,NULL,NULL,NULL,13/12/2024 13:14
158,NULL,NULL,NULL,NULL,NULL,NULL,NULL,NULL,NULL,NULL,NULL,NULL,NULL,NULL,NULL,NULL,NULL,NULL,NULL,NULL,NULL,NULL,NULL,NULL,NULL,NULL,NULL,NULL,NULL,NULL,NULL,NULL,NULL,NULL,NULL,NULL,NULL,NULL,13/12/2024 13:14
159,NULL,NULL,NULL,NULL,NULL,NULL,NULL,NULL,NULL,NULL,NULL,NULL,NULL,NULL,NULL,NULL,NULL,NULL,NULL,NULL,NULL,NULL,NULL,NULL,NULL,NULL,NULL,NULL,NULL,NULL,NULL,NULL,NULL,NULL,NULL,NULL,NULL,NULL,13/12/2024 13:14
160,NULL,NULL,NULL,NULL,NULL,NULL,NULL,NULL,NULL,NULL,NULL,NULL,NULL,NULL,NULL,NULL,NULL,NULL,NULL,NULL,NULL,NULL,NULL,NULL,NULL,NULL,NULL,NULL,NULL,NULL,NULL,NULL,NULL,NULL,NULL,NULL,NULL,NULL,13/12/2024 13:14
161,NULL,NULL,NULL,NULL,NULL,NULL,NULL,NULL,NULL,NULL,NULL,NULL,NULL,NULL,NULL,NULL,NULL,NULL,NULL,NULL,NULL,NULL,NULL,NULL,NULL,NULL,NULL,NULL,NULL,NULL,NULL,NULL,NULL,NULL,NULL,NULL,NULL,NULL,13/12/2024 13:14
162,NULL,NULL,NULL,NULL,NULL,NULL,NULL,NULL,NULL,NULL,NULL,NULL,NULL,NULL,NULL,NULL,NULL,NULL,NULL,NULL,NULL,NULL,NULL,NULL,NULL,NULL,NULL,NULL,NULL,NULL,NULL,NULL,NULL,NULL,NULL,NULL,NULL,NULL,13/12/2024 13:14
163,NULL,NULL,NULL,NULL,NULL,NULL,NULL,NULL,NULL,NULL,NULL,NULL,NULL,NULL,NULL,NULL,NULL,NULL,NULL,NULL,NULL,NULL,NULL,NULL,NULL,NULL,NULL,NULL,NULL,NULL,NULL,NULL,NULL,NULL,NULL,NULL,NULL,NULL,13/12/2024 13:14
164,NULL,NULL,NULL,NULL,NULL,NULL,NULL,NULL,NULL,NULL,NULL,NULL,NULL,NULL,NULL,NULL,NULL,NULL,NULL,NULL,NULL,NULL,NULL,NULL,NULL,NULL,NULL,NULL,NULL,NULL,NULL,NULL,NULL,NULL,NULL,NULL,NULL,NULL,13/12/2024 13:14
165,NULL,NULL,NULL,NULL,NULL,NULL,NULL,NULL,NULL,NULL,NULL,NULL,NULL,NULL,NULL,NULL,NULL,NULL,NULL,NULL,NULL,NULL,NULL,NULL,NULL,NULL,NULL,NULL,NULL,NULL,NULL,NULL,NULL,NULL,NULL,NULL,NULL,NULL,13/12/2024 13:14
166,NULL,NULL,NULL,NULL,NULL,NULL,NULL,NULL,NULL,NULL,NULL,NULL,NULL,NULL,NULL,NULL,NULL,NULL,NULL,NULL,NULL,NULL,NULL,NULL,NULL,NULL,NULL,NULL,NULL,NULL,NULL,NULL,NULL,NULL,NULL,NULL,NULL,NULL,13/12/2024 13:14
167,NULL,NULL,NULL,NULL,NULL,NULL,NULL,NULL,NULL,NULL,NULL,NULL,NULL,NULL,NULL,NULL,NULL,NULL,NULL,NULL,NULL,NULL,NULL,NULL,NULL,NULL,NULL,NULL,NULL,NULL,NULL,NULL,NULL,NULL,NULL,NULL,NULL,NULL,13/12/2024 13:14
168,NULL,NULL,NULL,NULL,NULL,NULL,NULL,NULL,NULL,NULL,NULL,NULL,NULL,NULL,NULL,NULL,NULL,NULL,NULL,NULL,NULL,NULL,NULL,NULL,NULL,NULL,NULL,NULL,NULL,NULL,NULL,NULL,NULL,NULL,NULL,NULL,NULL,NULL,13/12/2024 13:14
169,NULL,NULL,NULL,NULL,NULL,NULL,NULL,NULL,NULL,NULL,NULL,NULL,NULL,NULL,NULL,NULL,NULL,NULL,NULL,NULL,NULL,NULL,NULL,NULL,NULL,NULL,NULL,NULL,NULL,NULL,NULL,NULL,NULL,NULL,NULL,NULL,NULL,NULL,13/12/2024 13:14
170,NULL,NULL,NULL,NULL,NULL,NULL,NULL,NULL,NULL,NULL,NULL,NULL,NULL,NULL,NULL,NULL,NULL,NULL,NULL,NULL,NULL,NULL,NULL,NULL,NULL,NULL,NULL,NULL,NULL,NULL,NULL,NULL,NULL,NULL,NULL,NULL,NULL,NULL,13/12/2024 13:15
171,NULL,NULL,NULL,NULL,NULL,NULL,NULL,NULL,NULL,NULL,NULL,NULL,NULL,NULL,NULL,NULL,NULL,NULL,NULL,NULL,NULL,NULL,NULL,NULL,NULL,NULL,NULL,NULL,NULL,NULL,NULL,NULL,NULL,NULL,NULL,NULL,NULL,NULL,13/12/2024 13:15
172,NULL,NULL,NULL,NULL,NULL,NULL,NULL,NULL,NULL,NULL,NULL,NULL,NULL,NULL,NULL,NULL,NULL,NULL,NULL,NULL,NULL,NULL,NULL,NULL,NULL,NULL,NULL,NULL,NULL,NULL,NULL,NULL,NULL,NULL,NULL,NULL,NULL,NULL,13/12/2024 13:15
173,NULL,NULL,NULL,NULL,NULL,NULL,NULL,NULL,NULL,NULL,NULL,NULL,NULL,NULL,NULL,NULL,NULL,NULL,NULL,NULL,NULL,NULL,NULL,NULL,NULL,NULL,NULL,NULL,NULL,NULL,NULL,NULL,NULL,NULL,NULL,NULL,NULL,NULL,13/12/2024 13:15
174,NULL,NULL,NULL,NULL,NULL,NULL,NULL,NULL,NULL,NULL,NULL,NULL,NULL,NULL,NULL,NULL,NULL,NULL,NULL,NULL,NULL,NULL,NULL,NULL,NULL,NULL,NULL,NULL,NULL,NULL,NULL,NULL,NULL,NULL,NULL,NULL,NULL,NULL,13/12/2024 13:15
175,NULL,NULL,NULL,NULL,NULL,NULL,NULL,NULL,NULL,NULL,NULL,NULL,NULL,NULL,NULL,NULL,NULL,NULL,NULL,NULL,NULL,NULL,NULL,NULL,NULL,NULL,NULL,NULL,NULL,NULL,NULL,NULL,NULL,NULL,NULL,NULL,NULL,NULL,13/12/2024 13:15
176,NULL,NULL,NULL,NULL,NULL,NULL,NULL,NULL,NULL,NULL,NULL,NULL,NULL,NULL,NULL,NULL,NULL,NULL,NULL,NULL,NULL,NULL,NULL,NULL,NULL,NULL,NULL,NULL,NULL,NULL,NULL,NULL,NULL,NULL,NULL,NULL,NULL,NULL,13/12/2024 13:15
177,NULL,NULL,NULL,NULL,NULL,NULL,NULL,NULL,NULL,NULL,NULL,NULL,NULL,NULL,NULL,NULL,NULL,NULL,NULL,NULL,NULL,NULL,NULL,NULL,NULL,NULL,NULL,NULL,NULL,NULL,NULL,NULL,NULL,NULL,NULL,NULL,NULL,NULL,13/12/2024 13:15
178,NULL,NULL,NULL,NULL,NULL,NULL,NULL,NULL,NULL,NULL,NULL,NULL,NULL,NULL,NULL,NULL,NULL,NULL,NULL,NULL,NULL,NULL,NULL,NULL,NULL,NULL,NULL,NULL,NULL,NULL,NULL,NULL,NULL,NULL,NULL,NULL,NULL,NULL,13/12/2024 13:15
179,NULL,NULL,NULL,NULL,NULL,NULL,NULL,NULL,NULL,NULL,NULL,NULL,NULL,NULL,NULL,NULL,NULL,NULL,NULL,NULL,NULL,NULL,NULL,NULL,NULL,NULL,NULL,NULL,NULL,NULL,NULL,NULL,NULL,NULL,NULL,NULL,NULL,NULL,13/12/2024 13:15
180,NULL,NULL,NULL,NULL,NULL,NULL,NULL,NULL,NULL,NULL,NULL,NULL,NULL,NULL,NULL,NULL,NULL,NULL,NULL,NULL,NULL,NULL,NULL,NULL,NULL,NULL,NULL,NULL,NULL,NULL,NULL,NULL,NULL,NULL,NULL,NULL,NULL,NULL,13/12/2024 13:15
181,NULL,NULL,NULL,NULL,NULL,NULL,NULL,NULL,NULL,NULL,NULL,NULL,NULL,NULL,NULL,NULL,NULL,NULL,NULL,NULL,NULL,NULL,NULL,NULL,NULL,NULL,NULL,NULL,NULL,NULL,NULL,NULL,NULL,NULL,NULL,NULL,NULL,NULL,13/12/2024 13:15
182,NULL,NULL,NULL,NULL,NULL,NULL,NULL,NULL,NULL,NULL,NULL,NULL,NULL,NULL,NULL,NULL,NULL,NULL,NULL,NULL,NULL,NULL,NULL,NULL,NULL,NULL,NULL,NULL,NULL,NULL,NULL,NULL,NULL,NULL,NULL,NULL,NULL,NULL,13/12/2024 13:15
183,NULL,NULL,NULL,NULL,NULL,NULL,NULL,NULL,NULL,NULL,NULL,NULL,NULL,NULL,NULL,NULL,NULL,NULL,NULL,NULL,NULL,NULL,NULL,NULL,NULL,NULL,NULL,NULL,NULL,NULL,NULL,NULL,NULL,NULL,NULL,NULL,NULL,NULL,13/12/2024 13:15
184,NULL,NULL,NULL,NULL,NULL,NULL,NULL,NULL,NULL,NULL,NULL,NULL,NULL,NULL,NULL,NULL,NULL,NULL,NULL,NULL,NULL,NULL,NULL,NULL,NULL,NULL,NULL,NULL,NULL,NULL,NULL,NULL,NULL,NULL,NULL,NULL,NULL,NULL,13/12/2024 13:15
185,NULL,NULL,NULL,NULL,NULL,NULL,NULL,NULL,NULL,NULL,NULL,NULL,NULL,NULL,NULL,NULL,NULL,NULL,NULL,NULL,NULL,NULL,NULL,NULL,NULL,NULL,NULL,NULL,NULL,NULL,NULL,NULL,NULL,NULL,NULL,NULL,NULL,NULL,13/12/2024 13:15
186,NULL,NULL,NULL,NULL,NULL,NULL,NULL,NULL,NULL,NULL,NULL,NULL,NULL,NULL,NULL,NULL,NULL,NULL,NULL,NULL,NULL,NULL,NULL,NULL,NULL,NULL,NULL,NULL,NULL,NULL,NULL,NULL,NULL,NULL,NULL,NULL,NULL,NULL,13/12/2024 13:15
187,NULL,NULL,NULL,NULL,NULL,NULL,NULL,NULL,NULL,NULL,NULL,NULL,NULL,NULL,NULL,NULL,NULL,NULL,NULL,NULL,NULL,NULL,NULL,NULL,NULL,NULL,NULL,NULL,NULL,NULL,NULL,NULL,NULL,NULL,NULL,NULL,NULL,NULL,13/12/2024 13:15
188,NULL,NULL,NULL,NULL,NULL,NULL,NULL,NULL,NULL,NULL,NULL,NULL,NULL,NULL,NULL,NULL,NULL,NULL,NULL,NULL,NULL,NULL,NULL,NULL,NULL,NULL,NULL,NULL,NULL,NULL,NULL,NULL,NULL,NULL,NULL,NULL,NULL,NULL,13/12/2024 13:15
189,NULL,NULL,NULL,NULL,NULL,NULL,NULL,NULL,NULL,NULL,NULL,NULL,NULL,NULL,NULL,NULL,NULL,NULL,NULL,NULL,NULL,NULL,NULL,NULL,NULL,NULL,NULL,NULL,NULL,NULL,NULL,NULL,NULL,NULL,NULL,NULL,NULL,NULL,13/12/2024 13:15
190,NULL,NULL,NULL,NULL,NULL,NULL,NULL,NULL,NULL,NULL,NULL,NULL,NULL,NULL,NULL,NULL,NULL,NULL,NULL,NULL,NULL,NULL,NULL,NULL,NULL,NULL,NULL,NULL,NULL,NULL,NULL,NULL,NULL,NULL,NULL,NULL,NULL,NULL,13/12/2024 13:15
191,NULL,NULL,NULL,NULL,NULL,NULL,NULL,NULL,NULL,NULL,NULL,NULL,NULL,NULL,NULL,NULL,NULL,NULL,NULL,NULL,NULL,NULL,NULL,NULL,NULL,NULL,NULL,NULL,NULL,NULL,NULL,NULL,NULL,NULL,NULL,NULL,NULL,NULL,13/12/2024 13:15
192,NULL,NULL,NULL,NULL,NULL,NULL,NULL,NULL,NULL,NULL,NULL,NULL,NULL,NULL,NULL,NULL,NULL,NULL,NULL,NULL,NULL,NULL,NULL,NULL,NULL,NULL,NULL,NULL,NULL,NULL,NULL,NULL,NULL,NULL,NULL,NULL,NULL,NULL,13/12/2024 13:15
193,NULL,NULL,NULL,NULL,NULL,NULL,NULL,NULL,NULL,NULL,NULL,NULL,NULL,NULL,NULL,NULL,NULL,NULL,NULL,NULL,NULL,NULL,NULL,NULL,NULL,NULL,NULL,NULL,NULL,NULL,NULL,NULL,NULL,NULL,NULL,NULL,NULL,NULL,13/12/2024 13:15
194,NULL,NULL,NULL,NULL,NULL,NULL,NULL,NULL,NULL,NULL,NULL,NULL,NULL,NULL,NULL,NULL,NULL,NULL,NULL,NULL,NULL,NULL,NULL,NULL,NULL,NULL,NULL,NULL,NULL,NULL,NULL,NULL,NULL,NULL,NULL,NULL,NULL,NULL,13/12/2024 13:15
195,NULL,NULL,NULL,NULL,NULL,NULL,NULL,NULL,NULL,NULL,NULL,NULL,NULL,NULL,NULL,NULL,NULL,NULL,NULL,NULL,NULL,NULL,NULL,NULL,NULL,NULL,NULL,NULL,NULL,NULL,NULL,NULL,NULL,NULL,NULL,NULL,NULL,NULL,13/12/2024 13:15
196,NULL,NULL,NULL,NULL,NULL,NULL,NULL,NULL,NULL,NULL,NULL,NULL,NULL,NULL,NULL,NULL,NULL,NULL,NULL,NULL,NULL,NULL,NULL,NULL,NULL,NULL,NULL,NULL,NULL,NULL,NULL,NULL,NULL,NULL,NULL,NULL,NULL,NULL,13/12/2024 13:15
197,NULL,NULL,NULL,NULL,NULL,NULL,NULL,NULL,NULL,NULL,NULL,NULL,NULL,NULL,NULL,NULL,NULL,NULL,NULL,NULL,NULL,NULL,NULL,NULL,NULL,NULL,NULL,NULL,NULL,NULL,NULL,NULL,NULL,NULL,NULL,NULL,NULL,NULL,13/12/2024 13:15
198,NULL,NULL,NULL,NULL,NULL,NULL,NULL,NULL,NULL,NULL,NULL,NULL,NULL,NULL,NULL,NULL,NULL,NULL,NULL,NULL,NULL,NULL,NULL,NULL,NULL,NULL,NULL,NULL,NULL,NULL,NULL,NULL,NULL,NULL,NULL,NULL,NULL,NULL,13/12/2024 13:15
199,NULL,NULL,NULL,NULL,NULL,NULL,NULL,NULL,NULL,NULL,NULL,NULL,NULL,NULL,NULL,NULL,NULL,NULL,NULL,NULL,NULL,NULL,NULL,NULL,NULL,NULL,NULL,NULL,NULL,NULL,NULL,NULL,NULL,NULL,NULL,NULL,NULL,NULL,13/12/2024 13:15
200,NULL,NULL,NULL,NULL,NULL,NULL,NULL,NULL,NULL,NULL,NULL,NULL,NULL,NULL,NULL,NULL,NULL,NULL,NULL,NULL,NULL,NULL,NULL,NULL,NULL,NULL,NULL,NULL,NULL,NULL,NULL,NULL,NULL,NULL,NULL,NULL,NULL,NULL,13/12/2024 13:15
201,NULL,NULL,NULL,NULL,NULL,NULL,NULL,NULL,NULL,NULL,NULL,NULL,NULL,NULL,NULL,NULL,NULL,NULL,NULL,NULL,NULL,NULL,NULL,NULL,NULL,NULL,NULL,NULL,NULL,NULL,NULL,NULL,NULL,NULL,NULL,NULL,NULL,NULL,13/12/2024 13:15
202,NULL,NULL,NULL,NULL,NULL,NULL,NULL,NULL,NULL,NULL,NULL,NULL,NULL,NULL,NULL,NULL,NULL,NULL,NULL,NULL,NULL,NULL,NULL,NULL,NULL,NULL,NULL,NULL,NULL,NULL,NULL,NULL,NULL,NULL,NULL,NULL,NULL,NULL,13/12/2024 13:15
203,NULL,NULL,NULL,NULL,NULL,NULL,NULL,NULL,NULL,NULL,NULL,NULL,NULL,NULL,NULL,NULL,NULL,NULL,NULL,NULL,NULL,NULL,NULL,NULL,NULL,NULL,NULL,NULL,NULL,NULL,NULL,NULL,NULL,NULL,NULL,NULL,NULL,NULL,13/12/2024 13:15
204,NULL,NULL,NULL,NULL,NULL,NULL,NULL,NULL,NULL,NULL,NULL,NULL,NULL,NULL,NULL,NULL,NULL,NULL,NULL,NULL,NULL,NULL,NULL,NULL,NULL,NULL,NULL,NULL,NULL,NULL,NULL,NULL,NULL,NULL,NULL,NULL,NULL,NULL,13/12/2024 13:15
205,NULL,NULL,NULL,NULL,NULL,NULL,NULL,NULL,NULL,NULL,NULL,NULL,NULL,NULL,NULL,NULL,NULL,NULL,NULL,NULL,NULL,NULL,NULL,NULL,NULL,NULL,NULL,NULL,NULL,NULL,NULL,NULL,NULL,NULL,NULL,NULL,NULL,NULL,13/12/2024 13:15
206,NULL,NULL,NULL,NULL,NULL,NULL,NULL,NULL,NULL,NULL,NULL,NULL,NULL,NULL,NULL,NULL,NULL,NULL,NULL,NULL,NULL,NULL,NULL,NULL,NULL,NULL,NULL,NULL,NULL,NULL,NULL,NULL,NULL,NULL,NULL,NULL,NULL,NULL,13/12/2024 13:15
207,NULL,NULL,NULL,NULL,NULL,NULL,NULL,NULL,NULL,NULL,NULL,NULL,NULL,NULL,NULL,NULL,NULL,NULL,NULL,NULL,NULL,NULL,NULL,NULL,NULL,NULL,NULL,NULL,NULL,NULL,NULL,NULL,NULL,NULL,NULL,NULL,NULL,NULL,13/12/2024 13:15
208,NULL,NULL,NULL,NULL,NULL,NULL,NULL,NULL,NULL,NULL,NULL,NULL,NULL,NULL,NULL,NULL,NULL,NULL,NULL,NULL,NULL,NULL,NULL,NULL,NULL,NULL,NULL,NULL,NULL,NULL,NULL,NULL,NULL,NULL,NULL,NULL,NULL,NULL,13/12/2024 13:15
209,NULL,NULL,NULL,NULL,NULL,NULL,NULL,NULL,NULL,NULL,NULL,NULL,NULL,NULL,NULL,NULL,NULL,NULL,NULL,NULL,NULL,NULL,NULL,NULL,NULL,NULL,NULL,NULL,NULL,NULL,NULL,NULL,NULL,NULL,NULL,NULL,NULL,NULL,13/12/2024 13:15
210,NULL,NULL,NULL,NULL,NULL,NULL,NULL,NULL,NULL,NULL,NULL,NULL,NULL,NULL,NULL,NULL,NULL,NULL,NULL,NULL,NULL,NULL,NULL,NULL,NULL,NULL,NULL,NULL,NULL,NULL,NULL,NULL,NULL,NULL,NULL,NULL,NULL,NULL,13/12/2024 13:15
211,NULL,NULL,NULL,NULL,NULL,NULL,NULL,NULL,NULL,NULL,NULL,NULL,NULL,NULL,NULL,NULL,NULL,NULL,NULL,NULL,NULL,NULL,NULL,NULL,NULL,NULL,NULL,NULL,NULL,NULL,NULL,NULL,NULL,NULL,NULL,NULL,NULL,NULL,13/12/2024 13:15
212,NULL,NULL,NULL,NULL,NULL,NULL,NULL,NULL,NULL,NULL,NULL,NULL,NULL,NULL,NULL,NULL,NULL,NULL,NULL,NULL,NULL,NULL,NULL,NULL,NULL,NULL,NULL,NULL,NULL,NULL,NULL,NULL,NULL,NULL,NULL,NULL,NULL,NULL,13/12/2024 13:15
213,NULL,NULL,NULL,NULL,NULL,NULL,NULL,NULL,NULL,NULL,NULL,NULL,NULL,NULL,NULL,NULL,NULL,NULL,NULL,NULL,NULL,NULL,NULL,NULL,NULL,NULL,NULL,NULL,NULL,NULL,NULL,NULL,NULL,NULL,NULL,NULL,NULL,NULL,13/12/2024 13:15
214,NULL,NULL,NULL,NULL,NULL,NULL,NULL,NULL,NULL,NULL,NULL,NULL,NULL,NULL,NULL,NULL,NULL,NULL,NULL,NULL,NULL,NULL,NULL,NULL,NULL,NULL,NULL,NULL,NULL,NULL,NULL,NULL,NULL,NULL,NULL,NULL,NULL,NULL,13/12/2024 13:15
215,NULL,NULL,NULL,NULL,NULL,NULL,NULL,NULL,NULL,NULL,NULL,NULL,NULL,NULL,NULL,NULL,NULL,NULL,NULL,NULL,NULL,NULL,NULL,NULL,NULL,NULL,NULL,NULL,NULL,NULL,NULL,NULL,NULL,NULL,NULL,NULL,NULL,NULL,13/12/2024 13:15
216,NULL,NULL,NULL,NULL,NULL,NULL,NULL,NULL,NULL,NULL,NULL,NULL,NULL,NULL,NULL,NULL,NULL,NULL,NULL,NULL,NULL,NULL,NULL,NULL,NULL,NULL,NULL,NULL,NULL,NULL,NULL,NULL,NULL,NULL,NULL,NULL,NULL,NULL,13/12/2024 13:15
217,NULL,NULL,NULL,NULL,NULL,NULL,NULL,NULL,NULL,NULL,NULL,NULL,NULL,NULL,NULL,NULL,NULL,NULL,NULL,NULL,NULL,NULL,NULL,NULL,NULL,NULL,NULL,NULL,NULL,NULL,NULL,NULL,NULL,NULL,NULL,NULL,NULL,NULL,13/12/2024 13:15
218,NULL,NULL,NULL,NULL,NULL,NULL,NULL,NULL,NULL,NULL,NULL,NULL,NULL,NULL,NULL,NULL,NULL,NULL,NULL,NULL,NULL,NULL,NULL,NULL,NULL,NULL,NULL,NULL,NULL,NULL,NULL,NULL,NULL,NULL,NULL,NULL,NULL,NULL,13/12/2024 13:15
219,NULL,NULL,NULL,NULL,NULL,NULL,NULL,NULL,NULL,NULL,NULL,NULL,NULL,NULL,NULL,NULL,NULL,NULL,NULL,NULL,NULL,NULL,NULL,NULL,NULL,NULL,NULL,NULL,NULL,NULL,NULL,NULL,NULL,NULL,NULL,NULL,NULL,NULL,13/12/2024 13:15
220,NULL,NULL,NULL,NULL,NULL,NULL,NULL,NULL,NULL,NULL,NULL,NULL,NULL,NULL,NULL,NULL,NULL,NULL,NULL,NULL,NULL,NULL,NULL,NULL,NULL,NULL,NULL,NULL,NULL,NULL,NULL,NULL,NULL,NULL,NULL,NULL,NULL,NULL,13/12/2024 13:15
221,NULL,NULL,NULL,NULL,NULL,NULL,NULL,NULL,NULL,NULL,NULL,NULL,NULL,NULL,NULL,NULL,NULL,NULL,NULL,NULL,NULL,NULL,NULL,NULL,NULL,NULL,NULL,NULL,NULL,NULL,NULL,NULL,NULL,NULL,NULL,NULL,NULL,NULL,13/12/2024 13:15
222,NULL,NULL,NULL,NULL,NULL,NULL,NULL,NULL,NULL,NULL,NULL,NULL,NULL,NULL,NULL,NULL,NULL,NULL,NULL,NULL,NULL,NULL,NULL,NULL,NULL,NULL,NULL,NULL,NULL,NULL,NULL,NULL,NULL,NULL,NULL,NULL,NULL,NULL,13/12/2024 13:15
223,NULL,NULL,NULL,NULL,NULL,NULL,NULL,NULL,NULL,NULL,NULL,NULL,NULL,NULL,NULL,NULL,NULL,NULL,NULL,NULL,NULL,NULL,NULL,NULL,NULL,NULL,NULL,NULL,NULL,NULL,NULL,NULL,NULL,NULL,NULL,NULL,NULL,NULL,13/12/2024 13:15
224,NULL,NULL,NULL,NULL,NULL,NULL,NULL,NULL,NULL,NULL,NULL,NULL,NULL,NULL,NULL,NULL,NULL,NULL,NULL,NULL,NULL,NULL,NULL,NULL,NULL,NULL,NULL,NULL,NULL,NULL,NULL,NULL,NULL,NULL,NULL,NULL,NULL,NULL,13/12/2024 13:15
225,NULL,NULL,NULL,NULL,NULL,NULL,NULL,NULL,NULL,NULL,NULL,NULL,NULL,NULL,NULL,NULL,NULL,NULL,NULL,NULL,NULL,NULL,NULL,NULL,NULL,NULL,NULL,NULL,NULL,NULL,NULL,NULL,NULL,NULL,NULL,NULL,NULL,NULL,13/12/2024 13:15
226,NULL,NULL,NULL,NULL,NULL,NULL,NULL,NULL,NULL,NULL,NULL,NULL,NULL,NULL,NULL,NULL,NULL,NULL,NULL,NULL,NULL,NULL,NULL,NULL,NULL,NULL,NULL,NULL,NULL,NULL,NULL,NULL,NULL,NULL,NULL,NULL,NULL,NULL,13/12/2024 13:15
227,NULL,NULL,NULL,NULL,NULL,NULL,NULL,NULL,NULL,NULL,NULL,NULL,NULL,NULL,NULL,NULL,NULL,NULL,NULL,NULL,NULL,NULL,NULL,NULL,NULL,NULL,NULL,NULL,NULL,NULL,NULL,NULL,NULL,NULL,NULL,NULL,NULL,NULL,13/12/2024 13:15
228,NULL,NULL,NULL,NULL,NULL,NULL,NULL,NULL,NULL,NULL,NULL,NULL,NULL,NULL,NULL,NULL,NULL,NULL,NULL,NULL,NULL,NULL,NULL,NULL,NULL,NULL,NULL,NULL,NULL,NULL,NULL,NULL,NULL,NULL,NULL,NULL,NULL,NULL,13/12/2024 13:15
229,NULL,NULL,NULL,NULL,NULL,NULL,NULL,NULL,NULL,NULL,NULL,NULL,NULL,NULL,NULL,NULL,NULL,NULL,NULL,NULL,NULL,NULL,NULL,NULL,NULL,NULL,NULL,NULL,NULL,NULL,NULL,NULL,NULL,NULL,NULL,NULL,NULL,NULL,13/12/2024 13:16
230,NULL,NULL,NULL,NULL,NULL,NULL,NULL,NULL,NULL,NULL,NULL,NULL,NULL,NULL,NULL,NULL,NULL,NULL,NULL,NULL,NULL,NULL,NULL,NULL,NULL,NULL,NULL,NULL,NULL,NULL,NULL,NULL,NULL,NULL,NULL,NULL,NULL,NULL,13/12/2024 13:16
231,NULL,NULL,NULL,NULL,NULL,NULL,NULL,NULL,NULL,NULL,NULL,NULL,NULL,NULL,NULL,NULL,NULL,NULL,NULL,NULL,NULL,NULL,NULL,NULL,NULL,NULL,NULL,NULL,NULL,NULL,NULL,NULL,NULL,NULL,NULL,NULL,NULL,NULL,13/12/2024 13:16
232,NULL,NULL,NULL,NULL,NULL,NULL,NULL,NULL,NULL,NULL,NULL,NULL,NULL,NULL,NULL,NULL,NULL,NULL,NULL,NULL,NULL,NULL,NULL,NULL,NULL,NULL,NULL,NULL,NULL,NULL,NULL,NULL,NULL,NULL,NULL,NULL,NULL,NULL,13/12/2024 13:16
233,NULL,NULL,NULL,NULL,NULL,NULL,NULL,NULL,NULL,NULL,NULL,NULL,NULL,NULL,NULL,NULL,NULL,NULL,NULL,NULL,NULL,NULL,NULL,NULL,NULL,NULL,NULL,NULL,NULL,NULL,NULL,NULL,NULL,NULL,NULL,NULL,NULL,NULL,13/12/2024 13:16
234,NULL,NULL,NULL,NULL,NULL,NULL,NULL,NULL,NULL,NULL,NULL,NULL,NULL,NULL,NULL,NULL,NULL,NULL,NULL,NULL,NULL,NULL,NULL,NULL,NULL,NULL,NULL,NULL,NULL,NULL,NULL,NULL,NULL,NULL,NULL,NULL,NULL,NULL,13/12/2024 13:16
235,NULL,NULL,NULL,NULL,NULL,NULL,NULL,NULL,NULL,NULL,NULL,NULL,NULL,NULL,NULL,NULL,NULL,NULL,NULL,NULL,NULL,NULL,NULL,NULL,NULL,NULL,NULL,NULL,NULL,NULL,NULL,NULL,NULL,NULL,NULL,NULL,NULL,NULL,13/12/2024 13:16
236,NULL,NULL,NULL,NULL,NULL,NULL,NULL,NULL,NULL,NULL,NULL,NULL,NULL,NULL,NULL,NULL,NULL,NULL,NULL,NULL,NULL,NULL,NULL,NULL,NULL,NULL,NULL,NULL,NULL,NULL,NULL,NULL,NULL,NULL,NULL,NULL,NULL,NULL,13/12/2024 13:16
237,NULL,NULL,NULL,NULL,NULL,NULL,NULL,NULL,NULL,NULL,NULL,NULL,NULL,NULL,NULL,NULL,NULL,NULL,NULL,NULL,NULL,NULL,NULL,NULL,NULL,NULL,NULL,NULL,NULL,NULL,NULL,NULL,NULL,NULL,NULL,NULL,NULL,NULL,13/12/2024 13:16
238,NULL,NULL,NULL,NULL,NULL,NULL,NULL,NULL,NULL,NULL,NULL,NULL,NULL,NULL,NULL,NULL,NULL,NULL,NULL,NULL,NULL,NULL,NULL,NULL,NULL,NULL,NULL,NULL,NULL,NULL,NULL,NULL,NULL,NULL,NULL,NULL,NULL,NULL,13/12/2024 13:16
239,NULL,NULL,NULL,NULL,NULL,NULL,NULL,NULL,NULL,NULL,NULL,NULL,NULL,NULL,NULL,NULL,NULL,NULL,NULL,NULL,NULL,NULL,NULL,NULL,NULL,NULL,NULL,NULL,NULL,NULL,NULL,NULL,NULL,NULL,NULL,NULL,NULL,NULL,13/12/2024 13:16
240,NULL,NULL,NULL,NULL,NULL,NULL,NULL,NULL,NULL,NULL,NULL,NULL,NULL,NULL,NULL,NULL,NULL,NULL,NULL,NULL,NULL,NULL,NULL,NULL,NULL,NULL,NULL,NULL,NULL,NULL,NULL,NULL,NULL,NULL,NULL,NULL,NULL,NULL,13/12/2024 13:16
241,NULL,NULL,NULL,NULL,NULL,NULL,NULL,NULL,NULL,NULL,NULL,NULL,NULL,NULL,NULL,NULL,NULL,NULL,NULL,NULL,NULL,NULL,NULL,NULL,NULL,NULL,NULL,NULL,NULL,NULL,NULL,NULL,NULL,NULL,NULL,NULL,NULL,NULL,13/12/2024 13:16
242,NULL,NULL,NULL,NULL,NULL,NULL,NULL,NULL,NULL,NULL,NULL,NULL,NULL,NULL,NULL,NULL,NULL,NULL,NULL,NULL,NULL,NULL,NULL,NULL,NULL,NULL,NULL,NULL,NULL,NULL,NULL,NULL,NULL,NULL,NULL,NULL,NULL,NULL,13/12/2024 13:16
243,NULL,NULL,NULL,NULL,NULL,NULL,NULL,NULL,NULL,NULL,NULL,NULL,NULL,NULL,NULL,NULL,NULL,NULL,NULL,NULL,NULL,NULL,NULL,NULL,NULL,NULL,NULL,NULL,NULL,NULL,NULL,NULL,NULL,NULL,NULL,NULL,NULL,NULL,13/12/2024 13:16
244,NULL,NULL,NULL,NULL,NULL,NULL,NULL,NULL,NULL,NULL,NULL,NULL,NULL,NULL,NULL,NULL,NULL,NULL,NULL,NULL,NULL,NULL,NULL,NULL,NULL,NULL,NULL,NULL,NULL,NULL,NULL,NULL,NULL,NULL,NULL,NULL,NULL,NULL,13/12/2024 13:16
245,NULL,NULL,NULL,NULL,NULL,NULL,NULL,NULL,NULL,NULL,NULL,NULL,NULL,NULL,NULL,NULL,NULL,NULL,NULL,NULL,NULL,NULL,NULL,NULL,NULL,NULL,NULL,NULL,NULL,NULL,NULL,NULL,NULL,NULL,NULL,NULL,NULL,NULL,13/12/2024 13:16
246,NULL,NULL,NULL,NULL,NULL,NULL,NULL,NULL,NULL,NULL,NULL,NULL,NULL,NULL,NULL,NULL,NULL,NULL,NULL,NULL,NULL,NULL,NULL,NULL,NULL,NULL,NULL,NULL,NULL,NULL,NULL,NULL,NULL,NULL,NULL,NULL,NULL,NULL,13/12/2024 13:16
247,NULL,NULL,NULL,NULL,NULL,NULL,NULL,NULL,NULL,NULL,NULL,NULL,NULL,NULL,NULL,NULL,NULL,NULL,NULL,NULL,NULL,NULL,NULL,NULL,NULL,NULL,NULL,NULL,NULL,NULL,NULL,NULL,NULL,NULL,NULL,NULL,NULL,NULL,13/12/2024 13:16
248,NULL,NULL,NULL,NULL,NULL,NULL,NULL,NULL,NULL,NULL,NULL,NULL,NULL,NULL,NULL,NULL,NULL,NULL,NULL,NULL,NULL,NULL,NULL,NULL,NULL,NULL,NULL,NULL,NULL,NULL,NULL,NULL,NULL,NULL,NULL,NULL,NULL,NULL,13/12/2024 13:16
249,NULL,NULL,NULL,NULL,NULL,NULL,NULL,NULL,NULL,NULL,NULL,NULL,NULL,NULL,NULL,NULL,NULL,NULL,NULL,NULL,NULL,NULL,NULL,NULL,NULL,NULL,NULL,NULL,NULL,NULL,NULL,NULL,NULL,NULL,NULL,NULL,NULL,NULL,13/12/2024 13:16
250,NULL,NULL,NULL,NULL,NULL,NULL,NULL,NULL,NULL,NULL,NULL,NULL,NULL,NULL,NULL,NULL,NULL,NULL,NULL,NULL,NULL,NULL,NULL,NULL,NULL,NULL,NULL,NULL,NULL,NULL,NULL,NULL,NULL,NULL,NULL,NULL,NULL,NULL,13/12/2024 13:16
251,NULL,NULL,NULL,NULL,NULL,NULL,NULL,NULL,NULL,NULL,NULL,NULL,NULL,NULL,NULL,NULL,NULL,NULL,NULL,NULL,NULL,NULL,NULL,NULL,NULL,NULL,NULL,NULL,NULL,NULL,NULL,NULL,NULL,NULL,NULL,NULL,NULL,NULL,13/12/2024 13:16
252,NULL,NULL,NULL,NULL,NULL,NULL,NULL,NULL,NULL,NULL,NULL,NULL,NULL,NULL,NULL,NULL,NULL,NULL,NULL,NULL,NULL,NULL,NULL,NULL,NULL,NULL,NULL,NULL,NULL,NULL,NULL,NULL,NULL,NULL,NULL,NULL,NULL,NULL,13/12/2024 13:16
253,NULL,NULL,NULL,NULL,NULL,NULL,NULL,NULL,NULL,NULL,NULL,NULL,NULL,NULL,NULL,NULL,NULL,NULL,NULL,NULL,NULL,NULL,NULL,NULL,NULL,NULL,NULL,NULL,NULL,NULL,NULL,NULL,NULL,NULL,NULL,NULL,NULL,NULL,13/12/2024 13:16
254,NULL,NULL,NULL,NULL,NULL,NULL,NULL,NULL,NULL,NULL,NULL,NULL,NULL,NULL,NULL,NULL,NULL,NULL,NULL,NULL,NULL,NULL,NULL,NULL,NULL,NULL,NULL,NULL,NULL,NULL,NULL,NULL,NULL,NULL,NULL,NULL,NULL,NULL,13/12/2024 13:16
255,NULL,NULL,NULL,NULL,NULL,NULL,NULL,NULL,NULL,NULL,NULL,NULL,NULL,NULL,NULL,NULL,NULL,NULL,NULL,NULL,NULL,NULL,NULL,NULL,NULL,NULL,NULL,NULL,NULL,NULL,NULL,NULL,NULL,NULL,NULL,NULL,NULL,NULL,13/12/2024 13:16
256,NULL,NULL,NULL,NULL,NULL,NULL,NULL,NULL,NULL,NULL,NULL,NULL,NULL,NULL,NULL,NULL,NULL,NULL,NULL,NULL,NULL,NULL,NULL,NULL,NULL,NULL,NULL,NULL,NULL,NULL,NULL,NULL,NULL,NULL,NULL,NULL,NULL,NULL,13/12/2024 13:16
257,NULL,NULL,NULL,NULL,NULL,NULL,NULL,NULL,NULL,NULL,NULL,NULL,NULL,NULL,NULL,NULL,NULL,NULL,NULL,NULL,NULL,NULL,NULL,NULL,NULL,NULL,NULL,NULL,NULL,NULL,NULL,NULL,NULL,NULL,NULL,NULL,NULL,NULL,13/12/2024 13:16
258,NULL,NULL,NULL,NULL,NULL,NULL,NULL,NULL,NULL,NULL,NULL,NULL,NULL,NULL,NULL,NULL,NULL,NULL,NULL,NULL,NULL,NULL,NULL,NULL,NULL,NULL,NULL,NULL,NULL,NULL,NULL,NULL,NULL,NULL,NULL,NULL,NULL,NULL,13/12/2024 13:16
259,NULL,NULL,NULL,NULL,NULL,NULL,NULL,NULL,NULL,NULL,NULL,NULL,NULL,NULL,NULL,NULL,NULL,NULL,NULL,NULL,NULL,NULL,NULL,NULL,NULL,NULL,NULL,NULL,NULL,NULL,NULL,NULL,NULL,NULL,NULL,NULL,NULL,NULL,13/12/2024 13:16
260,NULL,NULL,NULL,NULL,NULL,NULL,NULL,NULL,NULL,NULL,NULL,NULL,NULL,NULL,NULL,NULL,NULL,NULL,NULL,NULL,NULL,NULL,NULL,NULL,NULL,NULL,NULL,NULL,NULL,NULL,NULL,NULL,NULL,NULL,NULL,NULL,NULL,NULL,13/12/2024 13:16
261,NULL,NULL,NULL,NULL,NULL,NULL,NULL,NULL,NULL,NULL,NULL,NULL,NULL,NULL,NULL,NULL,NULL,NULL,NULL,NULL,NULL,NULL,NULL,NULL,NULL,NULL,NULL,NULL,NULL,NULL,NULL,NULL,NULL,NULL,NULL,NULL,NULL,NULL,13/12/2024 13:16
262,NULL,NULL,NULL,NULL,NULL,NULL,NULL,NULL,NULL,NULL,NULL,NULL,NULL,NULL,NULL,NULL,NULL,NULL,NULL,NULL,NULL,NULL,NULL,NULL,NULL,NULL,NULL,NULL,NULL,NULL,NULL,NULL,NULL,NULL,NULL,NULL,NULL,NULL,13/12/2024 13:16
263,NULL,NULL,NULL,NULL,NULL,NULL,NULL,NULL,NULL,NULL,NULL,NULL,NULL,NULL,NULL,NULL,NULL,NULL,NULL,NULL,NULL,NULL,NULL,NULL,NULL,NULL,NULL,NULL,NULL,NULL,NULL,NULL,NULL,NULL,NULL,NULL,NULL,NULL,13/12/2024 13:16
264,NULL,NULL,NULL,NULL,NULL,NULL,NULL,NULL,NULL,NULL,NULL,NULL,NULL,NULL,NULL,NULL,NULL,NULL,NULL,NULL,NULL,NULL,NULL,NULL,NULL,NULL,NULL,NULL,NULL,NULL,NULL,NULL,NULL,NULL,NULL,NULL,NULL,NULL,13/12/2024 13:16
265,NULL,NULL,NULL,NULL,NULL,NULL,NULL,NULL,NULL,NULL,NULL,NULL,NULL,NULL,NULL,NULL,NULL,NULL,NULL,NULL,NULL,NULL,NULL,NULL,NULL,NULL,NULL,NULL,NULL,NULL,NULL,NULL,NULL,NULL,NULL,NULL,NULL,NULL,13/12/2024 13:16
266,NULL,NULL,NULL,NULL,NULL,NULL,NULL,NULL,NULL,NULL,NULL,NULL,NULL,NULL,NULL,NULL,NULL,NULL,NULL,NULL,NULL,NULL,NULL,NULL,NULL,NULL,NULL,NULL,NULL,NULL,NULL,NULL,NULL,NULL,NULL,NULL,NULL,NULL,13/12/2024 13:16
267,NULL,NULL,NULL,NULL,NULL,NULL,NULL,NULL,NULL,NULL,NULL,NULL,NULL,NULL,NULL,NULL,NULL,NULL,NULL,NULL,NULL,NULL,NULL,NULL,NULL,NULL,NULL,NULL,NULL,NULL,NULL,NULL,NULL,NULL,NULL,NULL,NULL,NULL,13/12/2024 13:16
268,NULL,NULL,NULL,NULL,NULL,NULL,NULL,NULL,NULL,NULL,NULL,NULL,NULL,NULL,NULL,NULL,NULL,NULL,NULL,NULL,NULL,NULL,NULL,NULL,NULL,NULL,NULL,NULL,NULL,NULL,NULL,NULL,NULL,NULL,NULL,NULL,NULL,NULL,13/12/2024 13:16
269,NULL,NULL,NULL,NULL,NULL,NULL,NULL,NULL,NULL,NULL,NULL,NULL,NULL,NULL,NULL,NULL,NULL,NULL,NULL,NULL,NULL,NULL,NULL,NULL,NULL,NULL,NULL,NULL,NULL,NULL,NULL,NULL,NULL,NULL,NULL,NULL,NULL,NULL,13/12/2024 13:16
270,NULL,NULL,NULL,NULL,NULL,NULL,NULL,NULL,NULL,NULL,NULL,NULL,NULL,NULL,NULL,NULL,NULL,NULL,NULL,NULL,NULL,NULL,NULL,NULL,NULL,NULL,NULL,NULL,NULL,NULL,NULL,NULL,NULL,NULL,NULL,NULL,NULL,NULL,13/12/2024 13:16
271,NULL,NULL,NULL,NULL,NULL,NULL,NULL,NULL,NULL,NULL,NULL,NULL,NULL,NULL,NULL,NULL,NULL,NULL,NULL,NULL,NULL,NULL,NULL,NULL,NULL,NULL,NULL,NULL,NULL,NULL,NULL,NULL,NULL,NULL,NULL,NULL,NULL,NULL,13/12/2024 13:16
272,NULL,NULL,NULL,NULL,NULL,NULL,NULL,NULL,NULL,NULL,NULL,NULL,NULL,NULL,NULL,NULL,NULL,NULL,NULL,NULL,NULL,NULL,NULL,NULL,NULL,NULL,NULL,NULL,NULL,NULL,NULL,NULL,NULL,NULL,NULL,NULL,NULL,NULL,13/12/2024 13:16
273,NULL,NULL,NULL,NULL,NULL,NULL,NULL,NULL,NULL,NULL,NULL,NULL,NULL,NULL,NULL,NULL,NULL,NULL,NULL,NULL,NULL,NULL,NULL,NULL,NULL,NULL,NULL,NULL,NULL,NULL,NULL,NULL,NULL,NULL,NULL,NULL,NULL,NULL,13/12/2024 13:16
274,NULL,NULL,NULL,NULL,NULL,NULL,NULL,NULL,NULL,NULL,NULL,NULL,NULL,NULL,NULL,NULL,NULL,NULL,NULL,NULL,NULL,NULL,NULL,NULL,NULL,NULL,NULL,NULL,NULL,NULL,NULL,NULL,NULL,NULL,NULL,NULL,NULL,NULL,13/12/2024 13:16
275,NULL,NULL,NULL,NULL,NULL,NULL,NULL,NULL,NULL,NULL,NULL,NULL,NULL,NULL,NULL,NULL,NULL,NULL,NULL,NULL,NULL,NULL,NULL,NULL,NULL,NULL,NULL,NULL,NULL,NULL,NULL,NULL,NULL,NULL,NULL,NULL,NULL,NULL,13/12/2024 13:16
276,NULL,NULL,NULL,NULL,NULL,NULL,NULL,NULL,NULL,NULL,NULL,NULL,NULL,NULL,NULL,NULL,NULL,NULL,NULL,NULL,NULL,NULL,NULL,NULL,NULL,NULL,NULL,NULL,NULL,NULL,NULL,NULL,NULL,NULL,NULL,NULL,NULL,NULL,13/12/2024 13:16
277,NULL,NULL,NULL,NULL,NULL,NULL,NULL,NULL,NULL,NULL,NULL,NULL,NULL,NULL,NULL,NULL,NULL,NULL,NULL,NULL,NULL,NULL,NULL,NULL,NULL,NULL,NULL,NULL,NULL,NULL,NULL,NULL,NULL,NULL,NULL,NULL,NULL,NULL,13/12/2024 13:16
278,NULL,NULL,NULL,NULL,NULL,NULL,NULL,NULL,NULL,NULL,NULL,NULL,NULL,NULL,NULL,NULL,NULL,NULL,NULL,NULL,NULL,NULL,NULL,NULL,NULL,NULL,NULL,NULL,NULL,NULL,NULL,NULL,NULL,NULL,NULL,NULL,NULL,NULL,13/12/2024 13:16
279,NULL,NULL,NULL,NULL,NULL,NULL,NULL,NULL,NULL,NULL,NULL,NULL,NULL,NULL,NULL,NULL,NULL,NULL,NULL,NULL,NULL,NULL,NULL,NULL,NULL,NULL,NULL,NULL,NULL,NULL,NULL,NULL,NULL,NULL,NULL,NULL,NULL,NULL,13/12/2024 13:16
280,NULL,NULL,NULL,NULL,NULL,NULL,NULL,NULL,NULL,NULL,NULL,NULL,NULL,NULL,NULL,NULL,NULL,NULL,NULL,NULL,NULL,NULL,NULL,NULL,NULL,NULL,NULL,NULL,NULL,NULL,NULL,NULL,NULL,NULL,NULL,NULL,NULL,NULL,13/12/2024 13:16
281,NULL,NULL,NULL,NULL,NULL,NULL,NULL,NULL,NULL,NULL,NULL,NULL,NULL,NULL,NULL,NULL,NULL,NULL,NULL,NULL,NULL,NULL,NULL,NULL,NULL,NULL,NULL,NULL,NULL,NULL,NULL,NULL,NULL,NULL,NULL,NULL,NULL,NULL,13/12/2024 13:16
282,NULL,NULL,NULL,NULL,NULL,NULL,NULL,NULL,NULL,NULL,NULL,NULL,NULL,NULL,NULL,NULL,NULL,NULL,NULL,NULL,NULL,NULL,NULL,NULL,NULL,NULL,NULL,NULL,NULL,NULL,NULL,NULL,NULL,NULL,NULL,NULL,NULL,NULL,13/12/2024 13:16
283,NULL,NULL,NULL,NULL,NULL,NULL,NULL,NULL,NULL,NULL,NULL,NULL,NULL,NULL,NULL,NULL,NULL,NULL,NULL,NULL,NULL,NULL,NULL,NULL,NULL,NULL,NULL,NULL,NULL,NULL,NULL,NULL,NULL,NULL,NULL,NULL,NULL,NULL,13/12/2024 13:16
284,NULL,NULL,NULL,NULL,NULL,NULL,NULL,NULL,NULL,NULL,NULL,NULL,NULL,NULL,NULL,NULL,NULL,NULL,NULL,NULL,NULL,NULL,NULL,NULL,NULL,NULL,NULL,NULL,NULL,NULL,NULL,NULL,NULL,NULL,NULL,NULL,NULL,NULL,13/12/2024 13:16
285,NULL,NULL,NULL,NULL,NULL,NULL,NULL,NULL,NULL,NULL,NULL,NULL,NULL,NULL,NULL,NULL,NULL,NULL,NULL,NULL,NULL,NULL,NULL,NULL,NULL,NULL,NULL,NULL,NULL,NULL,NULL,NULL,NULL,NULL,NULL,NULL,NULL,NULL,13/12/2024 13:16
286,NULL,NULL,NULL,NULL,NULL,NULL,NULL,NULL,NULL,NULL,NULL,NULL,NULL,NULL,NULL,NULL,NULL,NULL,NULL,NULL,NULL,NULL,NULL,NULL,NULL,NULL,NULL,NULL,NULL,NULL,NULL,NULL,NULL,NULL,NULL,NULL,NULL,NULL,13/12/2024 13:16
287,NULL,NULL,NULL,NULL,NULL,NULL,NULL,NULL,NULL,NULL,NULL,NULL,NULL,NULL,NULL,NULL,NULL,NULL,NULL,NULL,NULL,NULL,NULL,NULL,NULL,NULL,NULL,NULL,NULL,NULL,NULL,NULL,NULL,NULL,NULL,NULL,NULL,NULL,13/12/2024 13:16
288,NULL,NULL,NULL,NULL,NULL,NULL,NULL,NULL,NULL,NULL,NULL,NULL,NULL,NULL,NULL,NULL,NULL,NULL,NULL,NULL,NULL,NULL,NULL,NULL,NULL,NULL,NULL,NULL,NULL,NULL,NULL,NULL,NULL,NULL,NULL,NULL,NULL,NULL,13/12/2024 13:16
289,NULL,NULL,NULL,NULL,NULL,NULL,NULL,NULL,NULL,NULL,NULL,NULL,NULL,NULL,NULL,NULL,NULL,NULL,NULL,NULL,NULL,NULL,NULL,NULL,NULL,NULL,NULL,NULL,NULL,NULL,NULL,NULL,NULL,NULL,NULL,NULL,NULL,NULL,13/12/2024 13:17
290,NULL,NULL,NULL,NULL,NULL,NULL,NULL,NULL,NULL,NULL,NULL,NULL,NULL,NULL,NULL,NULL,NULL,NULL,NULL,NULL,NULL,NULL,NULL,NULL,NULL,NULL,NULL,NULL,NULL,NULL,NULL,NULL,NULL,NULL,NULL,NULL,NULL,NULL,13/12/2024 13:17
291,NULL,NULL,NULL,NULL,NULL,NULL,NULL,NULL,NULL,NULL,NULL,NULL,NULL,NULL,NULL,NULL,NULL,NULL,NULL,NULL,NULL,NULL,NULL,NULL,NULL,NULL,NULL,NULL,NULL,NULL,NULL,NULL,NULL,NULL,NULL,NULL,NULL,NULL,13/12/2024 13:17
292,NULL,NULL,NULL,NULL,NULL,NULL,NULL,NULL,NULL,NULL,NULL,NULL,NULL,NULL,NULL,NULL,NULL,NULL,NULL,NULL,NULL,NULL,NULL,NULL,NULL,NULL,NULL,NULL,NULL,NULL,NULL,NULL,NULL,NULL,NULL,NULL,NULL,NULL,13/12/2024 13:17
293,NULL,NULL,NULL,NULL,NULL,NULL,NULL,NULL,NULL,NULL,NULL,NULL,NULL,NULL,NULL,NULL,NULL,NULL,NULL,NULL,NULL,NULL,NULL,NULL,NULL,NULL,NULL,NULL,NULL,NULL,NULL,NULL,NULL,NULL,NULL,NULL,NULL,NULL,13/12/2024 13:17
294,NULL,NULL,NULL,NULL,NULL,NULL,NULL,NULL,NULL,NULL,NULL,NULL,NULL,NULL,NULL,NULL,NULL,NULL,NULL,NULL,NULL,NULL,NULL,NULL,NULL,NULL,NULL,NULL,NULL,NULL,NULL,NULL,NULL,NULL,NULL,NULL,NULL,NULL,13/12/2024 13:17
295,NULL,NULL,NULL,NULL,NULL,NULL,NULL,NULL,NULL,NULL,NULL,NULL,NULL,NULL,NULL,NULL,NULL,NULL,NULL,NULL,NULL,NULL,NULL,NULL,NULL,NULL,NULL,NULL,NULL,NULL,NULL,NULL,NULL,NULL,NULL,NULL,NULL,NULL,13/12/2024 13:17
296,NULL,NULL,NULL,NULL,NULL,NULL,NULL,NULL,NULL,NULL,NULL,NULL,NULL,NULL,NULL,NULL,NULL,NULL,NULL,NULL,NULL,NULL,NULL,NULL,NULL,NULL,NULL,NULL,NULL,NULL,NULL,NULL,NULL,NULL,NULL,NULL,NULL,NULL,13/12/2024 13:17
297,NULL,NULL,NULL,NULL,NULL,NULL,NULL,NULL,NULL,NULL,NULL,NULL,NULL,NULL,NULL,NULL,NULL,NULL,NULL,NULL,NULL,NULL,NULL,NULL,NULL,NULL,NULL,NULL,NULL,NULL,NULL,NULL,NULL,NULL,NULL,NULL,NULL,NULL,13/12/2024 13:17
298,NULL,NULL,NULL,NULL,NULL,NULL,NULL,NULL,NULL,NULL,NULL,NULL,NULL,NULL,NULL,NULL,NULL,NULL,NULL,NULL,NULL,NULL,NULL,NULL,NULL,NULL,NULL,NULL,NULL,NULL,NULL,NULL,NULL,NULL,NULL,NULL,NULL,NULL,13/12/2024 13:17
299,NULL,NULL,NULL,NULL,NULL,NULL,NULL,NULL,NULL,NULL,NULL,NULL,NULL,NULL,NULL,NULL,NULL,NULL,NULL,NULL,NULL,NULL,NULL,NULL,NULL,NULL,NULL,NULL,NULL,NULL,NULL,NULL,NULL,NULL,NULL,NULL,NULL,NULL,13/12/2024 13:17
300,NULL,NULL,NULL,NULL,NULL,NULL,NULL,NULL,NULL,NULL,NULL,NULL,NULL,NULL,NULL,NULL,NULL,NULL,NULL,NULL,NULL,NULL,NULL,NULL,NULL,NULL,NULL,NULL,NULL,NULL,NULL,NULL,NULL,NULL,NULL,NULL,NULL,NULL,13/12/2024 13:17
301,NULL,NULL,NULL,NULL,NULL,NULL,NULL,NULL,NULL,NULL,NULL,NULL,NULL,NULL,NULL,NULL,NULL,NULL,NULL,NULL,NULL,NULL,NULL,NULL,NULL,NULL,NULL,NULL,NULL,NULL,NULL,NULL,NULL,NULL,NULL,NULL,NULL,NULL,13/12/2024 13:17
302,NULL,NULL,NULL,NULL,NULL,NULL,NULL,NULL,NULL,NULL,NULL,NULL,NULL,NULL,NULL,NULL,NULL,NULL,NULL,NULL,NULL,NULL,NULL,NULL,NULL,NULL,NULL,NULL,NULL,NULL,NULL,NULL,NULL,NULL,NULL,NULL,NULL,NULL,13/12/2024 13:17
303,NULL,NULL,NULL,NULL,NULL,NULL,NULL,NULL,NULL,NULL,NULL,NULL,NULL,NULL,NULL,NULL,NULL,NULL,NULL,NULL,NULL,NULL,NULL,NULL,NULL,NULL,NULL,NULL,NULL,NULL,NULL,NULL,NULL,NULL,NULL,NULL,NULL,NULL,13/12/2024 13:17
304,NULL,NULL,NULL,NULL,NULL,NULL,NULL,NULL,NULL,NULL,NULL,NULL,NULL,NULL,NULL,NULL,NULL,NULL,NULL,NULL,NULL,NULL,NULL,NULL,NULL,NULL,NULL,NULL,NULL,NULL,NULL,NULL,NULL,NULL,NULL,NULL,NULL,NULL,13/12/2024 13:17
305,NULL,NULL,NULL,NULL,NULL,NULL,NULL,NULL,NULL,NULL,NULL,NULL,NULL,NULL,NULL,NULL,NULL,NULL,NULL,NULL,NULL,NULL,NULL,NULL,NULL,NULL,NULL,NULL,NULL,NULL,NULL,NULL,NULL,NULL,NULL,NULL,NULL,NULL,13/12/2024 13:17
306,NULL,NULL,NULL,NULL,NULL,NULL,NULL,NULL,NULL,NULL,NULL,NULL,NULL,NULL,NULL,NULL,NULL,NULL,NULL,NULL,NULL,NULL,NULL,NULL,NULL,NULL,NULL,NULL,NULL,NULL,NULL,NULL,NULL,NULL,NULL,NULL,NULL,NULL,13/12/2024 13:17
307,NULL,NULL,NULL,NULL,NULL,NULL,NULL,NULL,NULL,NULL,NULL,NULL,NULL,NULL,NULL,NULL,NULL,NULL,NULL,NULL,NULL,NULL,NULL,NULL,NULL,NULL,NULL,NULL,NULL,NULL,NULL,NULL,NULL,NULL,NULL,NULL,NULL,NULL,13/12/2024 13:17
308,NULL,NULL,NULL,NULL,NULL,NULL,NULL,NULL,NULL,NULL,NULL,NULL,NULL,NULL,NULL,NULL,NULL,NULL,NULL,NULL,NULL,NULL,NULL,NULL,NULL,NULL,NULL,NULL,NULL,NULL,NULL,NULL,NULL,NULL,NULL,NULL,NULL,NULL,13/12/2024 13:17
309,NULL,NULL,NULL,NULL,NULL,NULL,NULL,NULL,NULL,NULL,NULL,NULL,NULL,NULL,NULL,NULL,NULL,NULL,NULL,NULL,NULL,NULL,NULL,NULL,NULL,NULL,NULL,NULL,NULL,NULL,NULL,NULL,NULL,NULL,NULL,NULL,NULL,NULL,13/12/2024 13:17
310,NULL,NULL,NULL,NULL,NULL,NULL,NULL,NULL,NULL,NULL,NULL,NULL,NULL,NULL,NULL,NULL,NULL,NULL,NULL,NULL,NULL,NULL,NULL,NULL,NULL,NULL,NULL,NULL,NULL,NULL,NULL,NULL,NULL,NULL,NULL,NULL,NULL,NULL,13/12/2024 13:17
311,NULL,NULL,NULL,NULL,NULL,NULL,NULL,NULL,NULL,NULL,NULL,NULL,NULL,NULL,NULL,NULL,NULL,NULL,NULL,NULL,NULL,NULL,NULL,NULL,NULL,NULL,NULL,NULL,NULL,NULL,NULL,NULL,NULL,NULL,NULL,NULL,NULL,NULL,13/12/2024 13:17
312,NULL,NULL,NULL,NULL,NULL,NULL,NULL,NULL,NULL,NULL,NULL,NULL,NULL,NULL,NULL,NULL,NULL,NULL,NULL,NULL,NULL,NULL,NULL,NULL,NULL,NULL,NULL,NULL,NULL,NULL,NULL,NULL,NULL,NULL,NULL,NULL,NULL,NULL,13/12/2024 13:17
313,NULL,NULL,NULL,NULL,NULL,NULL,NULL,NULL,NULL,NULL,NULL,NULL,NULL,NULL,NULL,NULL,NULL,NULL,NULL,NULL,NULL,NULL,NULL,NULL,NULL,NULL,NULL,NULL,NULL,NULL,NULL,NULL,NULL,NULL,NULL,NULL,NULL,NULL,13/12/2024 13:17
314,NULL,NULL,NULL,NULL,NULL,NULL,NULL,NULL,NULL,NULL,NULL,NULL,NULL,NULL,NULL,NULL,NULL,NULL,NULL,NULL,NULL,NULL,NULL,NULL,NULL,NULL,NULL,NULL,NULL,NULL,NULL,NULL,NULL,NULL,NULL,NULL,NULL,NULL,13/12/2024 13:17
315,NULL,NULL,NULL,NULL,NULL,NULL,NULL,NULL,NULL,NULL,NULL,NULL,NULL,NULL,NULL,NULL,NULL,NULL,NULL,NULL,NULL,NULL,NULL,NULL,NULL,NULL,NULL,NULL,NULL,NULL,NULL,NULL,NULL,NULL,NULL,NULL,NULL,NULL,13/12/2024 13:17
316,NULL,NULL,NULL,NULL,NULL,NULL,NULL,NULL,NULL,NULL,NULL,NULL,NULL,NULL,NULL,NULL,NULL,NULL,NULL,NULL,NULL,NULL,NULL,NULL,NULL,NULL,NULL,NULL,NULL,NULL,NULL,NULL,NULL,NULL,NULL,NULL,NULL,NULL,13/12/2024 13:17
317,NULL,NULL,NULL,NULL,NULL,NULL,NULL,NULL,NULL,NULL,NULL,NULL,NULL,NULL,NULL,NULL,NULL,NULL,NULL,NULL,NULL,NULL,NULL,NULL,NULL,NULL,NULL,NULL,NULL,NULL,NULL,NULL,NULL,NULL,NULL,NULL,NULL,NULL,13/12/2024 13:17
318,NULL,NULL,NULL,NULL,NULL,NULL,NULL,NULL,NULL,NULL,NULL,NULL,NULL,NULL,NULL,NULL,NULL,NULL,NULL,NULL,NULL,NULL,NULL,NULL,NULL,NULL,NULL,NULL,NULL,NULL,NULL,NULL,NULL,NULL,NULL,NULL,NULL,NULL,13/12/2024 13:17
319,NULL,NULL,NULL,NULL,NULL,NULL,NULL,NULL,NULL,NULL,NULL,NULL,NULL,NULL,NULL,NULL,NULL,NULL,NULL,NULL,NULL,NULL,NULL,NULL,NULL,NULL,NULL,NULL,NULL,NULL,NULL,NULL,NULL,NULL,NULL,NULL,NULL,NULL,13/12/2024 13:17
320,NULL,NULL,NULL,NULL,NULL,NULL,NULL,NULL,NULL,NULL,NULL,NULL,NULL,NULL,NULL,NULL,NULL,NULL,NULL,NULL,NULL,NULL,NULL,NULL,NULL,NULL,NULL,NULL,NULL,NULL,NULL,NULL,NULL,NULL,NULL,NULL,NULL,NULL,13/12/2024 13:17
321,NULL,NULL,NULL,NULL,NULL,NULL,NULL,NULL,NULL,NULL,NULL,NULL,NULL,NULL,NULL,NULL,NULL,NULL,NULL,NULL,NULL,NULL,NULL,NULL,NULL,NULL,NULL,NULL,NULL,NULL,NULL,NULL,NULL,NULL,NULL,NULL,NULL,NULL,13/12/2024 13:17
322,NULL,NULL,NULL,NULL,NULL,NULL,NULL,NULL,NULL,NULL,NULL,NULL,NULL,NULL,NULL,NULL,NULL,NULL,NULL,NULL,NULL,NULL,NULL,NULL,NULL,NULL,NULL,NULL,NULL,NULL,NULL,NULL,NULL,NULL,NULL,NULL,NULL,NULL,13/12/2024 13:17
323,NULL,NULL,NULL,NULL,NULL,NULL,NULL,NULL,NULL,NULL,NULL,NULL,NULL,NULL,NULL,NULL,NULL,NULL,NULL,NULL,NULL,NULL,NULL,NULL,NULL,NULL,NULL,NULL,NULL,NULL,NULL,NULL,NULL,NULL,NULL,NULL,NULL,NULL,13/12/2024 13:17
324,NULL,NULL,NULL,NULL,NULL,NULL,NULL,NULL,NULL,NULL,NULL,NULL,NULL,NULL,NULL,NULL,NULL,NULL,NULL,NULL,NULL,NULL,NULL,NULL,NULL,NULL,NULL,NULL,NULL,NULL,NULL,NULL,NULL,NULL,NULL,NULL,NULL,NULL,13/12/2024 13:17
325,NULL,NULL,NULL,NULL,NULL,NULL,NULL,NULL,NULL,NULL,NULL,NULL,NULL,NULL,NULL,NULL,NULL,NULL,NULL,NULL,NULL,NULL,NULL,NULL,NULL,NULL,NULL,NULL,NULL,NULL,NULL,NULL,NULL,NULL,NULL,NULL,NULL,NULL,13/12/2024 13:17
326,NULL,NULL,NULL,NULL,NULL,NULL,NULL,NULL,NULL,NULL,NULL,NULL,NULL,NULL,NULL,NULL,NULL,NULL,NULL,NULL,NULL,NULL,NULL,NULL,NULL,NULL,NULL,NULL,NULL,NULL,NULL,NULL,NULL,NULL,NULL,NULL,NULL,NULL,13/12/2024 13:17
327,NULL,NULL,NULL,NULL,NULL,NULL,NULL,NULL,NULL,NULL,NULL,NULL,NULL,NULL,NULL,NULL,NULL,NULL,NULL,NULL,NULL,NULL,NULL,NULL,NULL,NULL,NULL,NULL,NULL,NULL,NULL,NULL,NULL,NULL,NULL,NULL,NULL,NULL,13/12/2024 13:17
328,NULL,NULL,NULL,NULL,NULL,NULL,NULL,NULL,NULL,NULL,NULL,NULL,NULL,NULL,NULL,NULL,NULL,NULL,NULL,NULL,NULL,NULL,NULL,NULL,NULL,NULL,NULL,NULL,NULL,NULL,NULL,NULL,NULL,NULL,NULL,NULL,NULL,NULL,13/12/2024 13:17
329,NULL,NULL,NULL,NULL,NULL,NULL,NULL,NULL,NULL,NULL,NULL,NULL,NULL,NULL,NULL,NULL,NULL,NULL,NULL,NULL,NULL,NULL,NULL,NULL,NULL,NULL,NULL,NULL,NULL,NULL,NULL,NULL,NULL,NULL,NULL,NULL,NULL,NULL,13/12/2024 13:17
330,NULL,NULL,NULL,NULL,NULL,NULL,NULL,NULL,NULL,NULL,NULL,NULL,NULL,NULL,NULL,NULL,NULL,NULL,NULL,NULL,NULL,NULL,NULL,NULL,NULL,NULL,NULL,NULL,NULL,NULL,NULL,NULL,NULL,NULL,NULL,NULL,NULL,NULL,13/12/2024 13:17
331,NULL,NULL,NULL,NULL,NULL,NULL,NULL,NULL,NULL,NULL,NULL,NULL,NULL,NULL,NULL,NULL,NULL,NULL,NULL,NULL,NULL,NULL,NULL,NULL,NULL,NULL,NULL,NULL,NULL,NULL,NULL,NULL,NULL,NULL,NULL,NULL,NULL,NULL,13/12/2024 13:17
332,NULL,NULL,NULL,NULL,NULL,NULL,NULL,NULL,NULL,NULL,NULL,NULL,NULL,NULL,NULL,NULL,NULL,NULL,NULL,NULL,NULL,NULL,NULL,NULL,NULL,NULL,NULL,NULL,NULL,NULL,NULL,NULL,NULL,NULL,NULL,NULL,NULL,NULL,13/12/2024 13:17
333,NULL,NULL,NULL,NULL,NULL,NULL,NULL,NULL,NULL,NULL,NULL,NULL,NULL,NULL,NULL,NULL,NULL,NULL,NULL,NULL,NULL,NULL,NULL,NULL,NULL,NULL,NULL,NULL,NULL,NULL,NULL,NULL,NULL,NULL,NULL,NULL,NULL,NULL,13/12/2024 13:17
334,NULL,NULL,NULL,NULL,NULL,NULL,NULL,NULL,NULL,NULL,NULL,NULL,NULL,NULL,NULL,NULL,NULL,NULL,NULL,NULL,NULL,NULL,NULL,NULL,NULL,NULL,NULL,NULL,NULL,NULL,NULL,NULL,NULL,NULL,NULL,NULL,NULL,NULL,13/12/2024 13:17
335,NULL,NULL,NULL,NULL,NULL,NULL,NULL,NULL,NULL,NULL,NULL,NULL,NULL,NULL,NULL,NULL,NULL,NULL,NULL,NULL,NULL,NULL,NULL,NULL,NULL,NULL,NULL,NULL,NULL,NULL,NULL,NULL,NULL,NULL,NULL,NULL,NULL,NULL,13/12/2024 13:17
336,NULL,NULL,NULL,NULL,NULL,NULL,NULL,NULL,NULL,NULL,NULL,NULL,NULL,NULL,NULL,NULL,NULL,NULL,NULL,NULL,NULL,NULL,NULL,NULL,NULL,NULL,NULL,NULL,NULL,NULL,NULL,NULL,NULL,NULL,NULL,NULL,NULL,NULL,13/12/2024 13:17
337,NULL,NULL,NULL,NULL,NULL,NULL,NULL,NULL,NULL,NULL,NULL,NULL,NULL,NULL,NULL,NULL,NULL,NULL,NULL,NULL,NULL,NULL,NULL,NULL,NULL,NULL,NULL,NULL,NULL,NULL,NULL,NULL,NULL,NULL,NULL,NULL,NULL,NULL,13/12/2024 13:17
338,NULL,NULL,NULL,NULL,NULL,NULL,NULL,NULL,NULL,NULL,NULL,NULL,NULL,NULL,NULL,NULL,NULL,NULL,NULL,NULL,NULL,NULL,NULL,NULL,NULL,NULL,NULL,NULL,NULL,NULL,NULL,NULL,NULL,NULL,NULL,NULL,NULL,NULL,13/12/2024 13:17
339,NULL,NULL,NULL,NULL,NULL,NULL,NULL,NULL,NULL,NULL,NULL,NULL,NULL,NULL,NULL,NULL,NULL,NULL,NULL,NULL,NULL,NULL,NULL,NULL,NULL,NULL,NULL,NULL,NULL,NULL,NULL,NULL,NULL,NULL,NULL,NULL,NULL,NULL,13/12/2024 13:17
340,NULL,NULL,NULL,NULL,NULL,NULL,NULL,NULL,NULL,NULL,NULL,NULL,NULL,NULL,NULL,NULL,NULL,NULL,NULL,NULL,NULL,NULL,NULL,NULL,NULL,NULL,NULL,NULL,NULL,NULL,NULL,NULL,NULL,NULL,NULL,NULL,NULL,NULL,13/12/2024 13:17
341,NULL,NULL,NULL,NULL,NULL,NULL,NULL,NULL,NULL,NULL,NULL,NULL,NULL,NULL,NULL,NULL,NULL,NULL,NULL,NULL,NULL,NULL,NULL,NULL,NULL,NULL,NULL,NULL,NULL,NULL,NULL,NULL,NULL,NULL,NULL,NULL,NULL,NULL,13/12/2024 13:17
342,NULL,NULL,NULL,NULL,NULL,NULL,NULL,NULL,NULL,NULL,NULL,NULL,NULL,NULL,NULL,NULL,NULL,NULL,NULL,NULL,NULL,NULL,NULL,NULL,NULL,NULL,NULL,NULL,NULL,NULL,NULL,NULL,NULL,NULL,NULL,NULL,NULL,NULL,13/12/2024 13:17
343,NULL,NULL,NULL,NULL,NULL,NULL,NULL,NULL,NULL,NULL,NULL,NULL,NULL,NULL,NULL,NULL,NULL,NULL,NULL,NULL,NULL,NULL,NULL,NULL,NULL,NULL,NULL,NULL,NULL,NULL,NULL,NULL,NULL,NULL,NULL,NULL,NULL,NULL,13/12/2024 13:17
344,NULL,NULL,NULL,NULL,NULL,NULL,NULL,NULL,NULL,NULL,NULL,NULL,NULL,NULL,NULL,NULL,NULL,NULL,NULL,NULL,NULL,NULL,NULL,NULL,NULL,NULL,NULL,NULL,NULL,NULL,NULL,NULL,NULL,NULL,NULL,NULL,NULL,NULL,13/12/2024 13:17
345,NULL,NULL,NULL,NULL,NULL,NULL,NULL,NULL,NULL,NULL,NULL,NULL,NULL,NULL,NULL,NULL,NULL,NULL,NULL,NULL,NULL,NULL,NULL,NULL,NULL,NULL,NULL,NULL,NULL,NULL,NULL,NULL,NULL,NULL,NULL,NULL,NULL,NULL,13/12/2024 13:17
346,NULL,NULL,NULL,NULL,NULL,NULL,NULL,NULL,NULL,NULL,NULL,NULL,NULL,NULL,NULL,NULL,NULL,NULL,NULL,NULL,NULL,NULL,NULL,NULL,NULL,NULL,NULL,NULL,NULL,NULL,NULL,NULL,NULL,NULL,NULL,NULL,NULL,NULL,13/12/2024 13:17
347,NULL,NULL,NULL,NULL,NULL,NULL,NULL,NULL,NULL,NULL,NULL,NULL,NULL,NULL,NULL,NULL,NULL,NULL,NULL,NULL,NULL,NULL,NULL,NULL,NULL,NULL,NULL,NULL,NULL,NULL,NULL,NULL,NULL,NULL,NULL,NULL,NULL,NULL,13/12/2024 13:17
348,NULL,NULL,NULL,NULL,NULL,NULL,NULL,NULL,NULL,NULL,NULL,NULL,NULL,NULL,NULL,NULL,NULL,NULL,NULL,NULL,NULL,NULL,NULL,NULL,NULL,NULL,NULL,NULL,NULL,NULL,NULL,NULL,NULL,NULL,NULL,NULL,NULL,NULL,13/12/2024 13:17
349,NULL,NULL,NULL,NULL,NULL,NULL,NULL,NULL,NULL,NULL,NULL,NULL,NULL,NULL,NULL,NULL,NULL,NULL,NULL,NULL,NULL,NULL,NULL,NULL,NULL,NULL,NULL,NULL,NULL,NULL,NULL,NULL,NULL,NULL,NULL,NULL,NULL,NULL,13/12/2024 13:18
350,NULL,NULL,NULL,NULL,NULL,NULL,NULL,NULL,NULL,NULL,NULL,NULL,NULL,NULL,NULL,NULL,NULL,NULL,NULL,NULL,NULL,NULL,NULL,NULL,NULL,NULL,NULL,NULL,NULL,NULL,NULL,NULL,NULL,NULL,NULL,NULL,NULL,NULL,13/12/2024 13:18
351,NULL,NULL,NULL,NULL,NULL,NULL,NULL,NULL,NULL,NULL,NULL,NULL,NULL,NULL,NULL,NULL,NULL,NULL,NULL,NULL,NULL,NULL,NULL,NULL,NULL,NULL,NULL,NULL,NULL,NULL,NULL,NULL,NULL,NULL,NULL,NULL,NULL,NULL,13/12/2024 13:18
352,NULL,NULL,NULL,NULL,NULL,NULL,NULL,NULL,NULL,NULL,NULL,NULL,NULL,NULL,NULL,NULL,NULL,NULL,NULL,NULL,NULL,NULL,NULL,NULL,NULL,NULL,NULL,NULL,NULL,NULL,NULL,NULL,NULL,NULL,NULL,NULL,NULL,NULL,13/12/2024 13:18
353,NULL,NULL,NULL,NULL,NULL,NULL,NULL,NULL,NULL,NULL,NULL,NULL,NULL,NULL,NULL,NULL,NULL,NULL,NULL,NULL,NULL,NULL,NULL,NULL,NULL,NULL,NULL,NULL,NULL,NULL,NULL,NULL,NULL,NULL,NULL,NULL,NULL,NULL,13/12/2024 13:18
354,NULL,NULL,NULL,NULL,NULL,NULL,NULL,NULL,NULL,NULL,NULL,NULL,NULL,NULL,NULL,NULL,NULL,NULL,NULL,NULL,NULL,NULL,NULL,NULL,NULL,NULL,NULL,NULL,NULL,NULL,NULL,NULL,NULL,NULL,NULL,NULL,NULL,NULL,13/12/2024 13:18
355,NULL,NULL,NULL,NULL,NULL,NULL,NULL,NULL,NULL,NULL,NULL,NULL,NULL,NULL,NULL,NULL,NULL,NULL,NULL,NULL,NULL,NULL,NULL,NULL,NULL,NULL,NULL,NULL,NULL,NULL,NULL,NULL,NULL,NULL,NULL,NULL,NULL,NULL,13/12/2024 13:18
356,NULL,NULL,NULL,NULL,NULL,NULL,NULL,NULL,NULL,NULL,NULL,NULL,NULL,NULL,NULL,NULL,NULL,NULL,NULL,NULL,NULL,NULL,NULL,NULL,NULL,NULL,NULL,NULL,NULL,NULL,NULL,NULL,NULL,NULL,NULL,NULL,NULL,NULL,13/12/2024 13:18
357,NULL,NULL,NULL,NULL,NULL,NULL,NULL,NULL,NULL,NULL,NULL,NULL,NULL,NULL,NULL,NULL,NULL,NULL,NULL,NULL,NULL,NULL,NULL,NULL,NULL,NULL,NULL,NULL,NULL,NULL,NULL,NULL,NULL,NULL,NULL,NULL,NULL,NULL,13/12/2024 13:18
358,NULL,NULL,NULL,NULL,NULL,NULL,NULL,NULL,NULL,NULL,NULL,NULL,NULL,NULL,NULL,NULL,NULL,NULL,NULL,NULL,NULL,NULL,NULL,NULL,NULL,NULL,NULL,NULL,NULL,NULL,NULL,NULL,NULL,NULL,NULL,NULL,NULL,NULL,13/12/2024 13:18
359,NULL,NULL,NULL,NULL,NULL,NULL,NULL,NULL,NULL,NULL,NULL,NULL,NULL,NULL,NULL,NULL,NULL,NULL,NULL,NULL,NULL,NULL,NULL,NULL,NULL,NULL,NULL,NULL,NULL,NULL,NULL,NULL,NULL,NULL,NULL,NULL,NULL,NULL,13/12/2024 13:18
360,NULL,NULL,NULL,NULL,NULL,NULL,NULL,NULL,NULL,NULL,NULL,NULL,NULL,NULL,NULL,NULL,NULL,NULL,NULL,NULL,NULL,NULL,NULL,NULL,NULL,NULL,NULL,NULL,NULL,NULL,NULL,NULL,NULL,NULL,NULL,NULL,NULL,NULL,13/12/2024 13:18
361,NULL,NULL,NULL,NULL,NULL,NULL,NULL,NULL,NULL,NULL,NULL,NULL,NULL,NULL,NULL,NULL,NULL,NULL,NULL,NULL,NULL,NULL,NULL,NULL,NULL,NULL,NULL,NULL,NULL,NULL,NULL,NULL,NULL,NULL,NULL,NULL,NULL,NULL,13/12/2024 13:18
362,NULL,NULL,NULL,NULL,NULL,NULL,NULL,NULL,NULL,NULL,NULL,NULL,NULL,NULL,NULL,NULL,NULL,NULL,NULL,NULL,NULL,NULL,NULL,NULL,NULL,NULL,NULL,NULL,NULL,NULL,NULL,NULL,NULL,NULL,NULL,NULL,NULL,NULL,13/12/2024 13:18
363,NULL,NULL,NULL,NULL,NULL,NULL,NULL,NULL,NULL,NULL,NULL,NULL,NULL,NULL,NULL,NULL,NULL,NULL,NULL,NULL,NULL,NULL,NULL,NULL,NULL,NULL,NULL,NULL,NULL,NULL,NULL,NULL,NULL,NULL,NULL,NULL,NULL,NULL,13/12/2024 13:18
364,NULL,NULL,NULL,NULL,NULL,NULL,NULL,NULL,NULL,NULL,NULL,NULL,NULL,NULL,NULL,NULL,NULL,NULL,NULL,NULL,NULL,NULL,NULL,NULL,NULL,NULL,NULL,NULL,NULL,NULL,NULL,NULL,NULL,NULL,NULL,NULL,NULL,NULL,13/12/2024 13:18
365,NULL,NULL,NULL,NULL,NULL,NULL,NULL,NULL,NULL,NULL,NULL,NULL,NULL,NULL,NULL,NULL,NULL,NULL,NULL,NULL,NULL,NULL,NULL,NULL,NULL,NULL,NULL,NULL,NULL,NULL,NULL,NULL,NULL,NULL,NULL,NULL,NULL,NULL,13/12/2024 13:18
366,NULL,NULL,NULL,NULL,NULL,NULL,NULL,NULL,NULL,NULL,NULL,NULL,NULL,NULL,NULL,NULL,NULL,NULL,NULL,NULL,NULL,NULL,NULL,NULL,NULL,NULL,NULL,NULL,NULL,NULL,NULL,NULL,NULL,NULL,NULL,NULL,NULL,NULL,13/12/2024 13:18
367,NULL,NULL,NULL,NULL,NULL,NULL,NULL,NULL,NULL,NULL,NULL,NULL,NULL,NULL,NULL,NULL,NULL,NULL,NULL,NULL,NULL,NULL,NULL,NULL,NULL,NULL,NULL,NULL,NULL,NULL,NULL,NULL,NULL,NULL,NULL,NULL,NULL,NULL,13/12/2024 13:18
368,NULL,NULL,NULL,NULL,NULL,NULL,NULL,NULL,NULL,NULL,NULL,NULL,NULL,NULL,NULL,NULL,NULL,NULL,NULL,NULL,NULL,NULL,NULL,NULL,NULL,NULL,NULL,NULL,NULL,NULL,NULL,NULL,NULL,NULL,NULL,NULL,NULL,NULL,13/12/2024 13:18
369,NULL,NULL,NULL,NULL,NULL,NULL,NULL,NULL,NULL,NULL,NULL,NULL,NULL,NULL,NULL,NULL,NULL,NULL,NULL,NULL,NULL,NULL,NULL,NULL,NULL,NULL,NULL,NULL,NULL,NULL,NULL,NULL,NULL,NULL,NULL,NULL,NULL,NULL,13/12/2024 13:18
370,NULL,NULL,NULL,NULL,NULL,NULL,NULL,NULL,NULL,NULL,NULL,NULL,NULL,NULL,NULL,NULL,NULL,NULL,NULL,NULL,NULL,NULL,NULL,NULL,NULL,NULL,NULL,NULL,NULL,NULL,NULL,NULL,NULL,NULL,NULL,NULL,NULL,NULL,13/12/2024 13:18
371,NULL,NULL,NULL,NULL,NULL,NULL,NULL,NULL,NULL,NULL,NULL,NULL,NULL,NULL,NULL,NULL,NULL,NULL,NULL,NULL,NULL,NULL,NULL,NULL,NULL,NULL,NULL,NULL,NULL,NULL,NULL,NULL,NULL,NULL,NULL,NULL,NULL,NULL,13/12/2024 13:18
372,NULL,NULL,NULL,NULL,NULL,NULL,NULL,NULL,NULL,NULL,NULL,NULL,NULL,NULL,NULL,NULL,NULL,NULL,NULL,NULL,NULL,NULL,NULL,NULL,NULL,NULL,NULL,NULL,NULL,NULL,NULL,NULL,NULL,NULL,NULL,NULL,NULL,NULL,13/12/2024 13:18
373,NULL,NULL,NULL,NULL,NULL,NULL,NULL,NULL,NULL,NULL,NULL,NULL,NULL,NULL,NULL,NULL,NULL,NULL,NULL,NULL,NULL,NULL,NULL,NULL,NULL,NULL,NULL,NULL,NULL,NULL,NULL,NULL,NULL,NULL,NULL,NULL,NULL,NULL,13/12/2024 13:18
374,NULL,NULL,NULL,NULL,NULL,NULL,NULL,NULL,NULL,NULL,NULL,NULL,NULL,NULL,NULL,NULL,NULL,NULL,NULL,NULL,NULL,NULL,NULL,NULL,NULL,NULL,NULL,NULL,NULL,NULL,NULL,NULL,NULL,NULL,NULL,NULL,NULL,NULL,13/12/2024 13:18
375,NULL,NULL,NULL,NULL,NULL,NULL,NULL,NULL,NULL,NULL,NULL,NULL,NULL,NULL,NULL,NULL,NULL,NULL,NULL,NULL,NULL,NULL,NULL,NULL,NULL,NULL,NULL,NULL,NULL,NULL,NULL,NULL,NULL,NULL,NULL,NULL,NULL,NULL,13/12/2024 13:18
376,NULL,NULL,NULL,NULL,NULL,NULL,NULL,NULL,NULL,NULL,NULL,NULL,NULL,NULL,NULL,NULL,NULL,NULL,NULL,NULL,NULL,NULL,NULL,NULL,NULL,NULL,NULL,NULL,NULL,NULL,NULL,NULL,NULL,NULL,NULL,NULL,NULL,NULL,13/12/2024 13:18
377,NULL,NULL,NULL,NULL,NULL,NULL,NULL,NULL,NULL,NULL,NULL,NULL,NULL,NULL,NULL,NULL,NULL,NULL,NULL,NULL,NULL,NULL,NULL,NULL,NULL,NULL,NULL,NULL,NULL,NULL,NULL,NULL,NULL,NULL,NULL,NULL,NULL,NULL,13/12/2024 13:18
378,NULL,NULL,NULL,NULL,NULL,NULL,NULL,NULL,NULL,NULL,NULL,NULL,NULL,NULL,NULL,NULL,NULL,NULL,NULL,NULL,NULL,NULL,NULL,NULL,NULL,NULL,NULL,NULL,NULL,NULL,NULL,NULL,NULL,NULL,NULL,NULL,NULL,NULL,13/12/2024 13:18
379,NULL,NULL,NULL,NULL,NULL,NULL,NULL,NULL,NULL,NULL,NULL,NULL,NULL,NULL,NULL,NULL,NULL,NULL,NULL,NULL,NULL,NULL,NULL,NULL,NULL,NULL,NULL,NULL,NULL,NULL,NULL,NULL,NULL,NULL,NULL,NULL,NULL,NULL,13/12/2024 13:18
380,NULL,NULL,NULL,NULL,NULL,NULL,NULL,NULL,NULL,NULL,NULL,NULL,NULL,NULL,NULL,NULL,NULL,NULL,NULL,NULL,NULL,NULL,NULL,NULL,NULL,NULL,NULL,NULL,NULL,NULL,NULL,NULL,NULL,NULL,NULL,NULL,NULL,NULL,13/12/2024 13:18
381,NULL,NULL,NULL,NULL,NULL,NULL,NULL,NULL,NULL,NULL,NULL,NULL,NULL,NULL,NULL,NULL,NULL,NULL,NULL,NULL,NULL,NULL,NULL,NULL,NULL,NULL,NULL,NULL,NULL,NULL,NULL,NULL,NULL,NULL,NULL,NULL,NULL,NULL,13/12/2024 13:18
382,NULL,NULL,NULL,NULL,NULL,NULL,NULL,NULL,NULL,NULL,NULL,NULL,NULL,NULL,NULL,NULL,NULL,NULL,NULL,NULL,NULL,NULL,NULL,NULL,NULL,NULL,NULL,NULL,NULL,NULL,NULL,NULL,NULL,NULL,NULL,NULL,NULL,NULL,13/12/2024 13:18
383,NULL,NULL,NULL,NULL,NULL,NULL,NULL,NULL,NULL,NULL,NULL,NULL,NULL,NULL,NULL,NULL,NULL,NULL,NULL,NULL,NULL,NULL,NULL,NULL,NULL,NULL,NULL,NULL,NULL,NULL,NULL,NULL,NULL,NULL,NULL,NULL,NULL,NULL,13/12/2024 13:18
384,NULL,NULL,NULL,NULL,NULL,NULL,NULL,NULL,NULL,NULL,NULL,NULL,NULL,NULL,NULL,NULL,NULL,NULL,NULL,NULL,NULL,NULL,NULL,NULL,NULL,NULL,NULL,NULL,NULL,NULL,NULL,NULL,NULL,NULL,NULL,NULL,NULL,NULL,13/12/2024 13:18
385,NULL,NULL,NULL,NULL,NULL,NULL,NULL,NULL,NULL,NULL,NULL,NULL,NULL,NULL,NULL,NULL,NULL,NULL,NULL,NULL,NULL,NULL,NULL,NULL,NULL,NULL,NULL,NULL,NULL,NULL,NULL,NULL,NULL,NULL,NULL,NULL,NULL,NULL,13/12/2024 13:18
386,NULL,NULL,NULL,NULL,NULL,NULL,NULL,NULL,NULL,NULL,NULL,NULL,NULL,NULL,NULL,NULL,NULL,NULL,NULL,NULL,NULL,NULL,NULL,NULL,NULL,NULL,NULL,NULL,NULL,NULL,NULL,NULL,NULL,NULL,NULL,NULL,NULL,NULL,13/12/2024 13:18
387,NULL,NULL,NULL,NULL,NULL,NULL,NULL,NULL,NULL,NULL,NULL,NULL,NULL,NULL,NULL,NULL,NULL,NULL,NULL,NULL,NULL,NULL,NULL,NULL,NULL,NULL,NULL,NULL,NULL,NULL,NULL,NULL,NULL,NULL,NULL,NULL,NULL,NULL,13/12/2024 13:18
388,NULL,NULL,NULL,NULL,NULL,NULL,NULL,NULL,NULL,NULL,NULL,NULL,NULL,NULL,NULL,NULL,NULL,NULL,NULL,NULL,NULL,NULL,NULL,NULL,NULL,NULL,NULL,NULL,NULL,NULL,NULL,NULL,NULL,NULL,NULL,NULL,NULL,NULL,13/12/2024 13:18
389,NULL,NULL,NULL,NULL,NULL,NULL,NULL,NULL,NULL,NULL,NULL,NULL,NULL,NULL,NULL,NULL,NULL,NULL,NULL,NULL,NULL,NULL,NULL,NULL,NULL,NULL,NULL,NULL,NULL,NULL,NULL,NULL,NULL,NULL,NULL,NULL,NULL,NULL,13/12/2024 13:18
390,NULL,NULL,NULL,NULL,NULL,NULL,NULL,NULL,NULL,NULL,NULL,NULL,NULL,NULL,NULL,NULL,NULL,NULL,NULL,NULL,NULL,NULL,NULL,NULL,NULL,NULL,NULL,NULL,NULL,NULL,NULL,NULL,NULL,NULL,NULL,NULL,NULL,NULL,13/12/2024 13:18
391,NULL,NULL,NULL,NULL,NULL,NULL,NULL,NULL,NULL,NULL,NULL,NULL,NULL,NULL,NULL,NULL,NULL,NULL,NULL,NULL,NULL,NULL,NULL,NULL,NULL,NULL,NULL,NULL,NULL,NULL,NULL,NULL,NULL,NULL,NULL,NULL,NULL,NULL,13/12/2024 13:18
392,NULL,NULL,NULL,NULL,NULL,NULL,NULL,NULL,NULL,NULL,NULL,NULL,NULL,NULL,NULL,NULL,NULL,NULL,NULL,NULL,NULL,NULL,NULL,NULL,NULL,NULL,NULL,NULL,NULL,NULL,NULL,NULL,NULL,NULL,NULL,NULL,NULL,NULL,13/12/2024 13:18
393,NULL,NULL,NULL,NULL,NULL,NULL,NULL,NULL,NULL,NULL,NULL,NULL,NULL,NULL,NULL,NULL,NULL,NULL,NULL,NULL,NULL,NULL,NULL,NULL,NULL,NULL,NULL,NULL,NULL,NULL,NULL,NULL,NULL,NULL,NULL,NULL,NULL,NULL,13/12/2024 13:18
394,NULL,NULL,NULL,NULL,NULL,NULL,NULL,NULL,NULL,NULL,NULL,NULL,NULL,NULL,NULL,NULL,NULL,NULL,NULL,NULL,NULL,NULL,NULL,NULL,NULL,NULL,NULL,NULL,NULL,NULL,NULL,NULL,NULL,NULL,NULL,NULL,NULL,NULL,13/12/2024 13:18
395,NULL,NULL,NULL,NULL,NULL,NULL,NULL,NULL,NULL,NULL,NULL,NULL,NULL,NULL,NULL,NULL,NULL,NULL,NULL,NULL,NULL,NULL,NULL,NULL,NULL,NULL,NULL,NULL,NULL,NULL,NULL,NULL,NULL,NULL,NULL,NULL,NULL,NULL,13/12/2024 13:18
396,NULL,NULL,NULL,NULL,NULL,NULL,NULL,NULL,NULL,NULL,NULL,NULL,NULL,NULL,NULL,NULL,NULL,NULL,NULL,NULL,NULL,NULL,NULL,NULL,NULL,NULL,NULL,NULL,NULL,NULL,NULL,NULL,NULL,NULL,NULL,NULL,NULL,NULL,13/12/2024 13:18
397,NULL,NULL,NULL,NULL,NULL,NULL,NULL,NULL,NULL,NULL,NULL,NULL,NULL,NULL,NULL,NULL,NULL,NULL,NULL,NULL,NULL,NULL,NULL,NULL,NULL,NULL,NULL,NULL,NULL,NULL,NULL,NULL,NULL,NULL,NULL,NULL,NULL,NULL,13/12/2024 13:18
398,NULL,NULL,NULL,NULL,NULL,NULL,NULL,NULL,NULL,NULL,NULL,NULL,NULL,NULL,NULL,NULL,NULL,NULL,NULL,NULL,NULL,NULL,NULL,NULL,NULL,NULL,NULL,NULL,NULL,NULL,NULL,NULL,NULL,NULL,NULL,NULL,NULL,NULL,13/12/2024 13:18
399,NULL,NULL,NULL,NULL,NULL,NULL,NULL,NULL,NULL,NULL,NULL,NULL,NULL,NULL,NULL,NULL,NULL,NULL,NULL,NULL,NULL,NULL,NULL,NULL,NULL,NULL,NULL,NULL,NULL,NULL,NULL,NULL,NULL,NULL,NULL,NULL,NULL,NULL,13/12/2024 13:18
400,NULL,NULL,NULL,NULL,NULL,NULL,NULL,NULL,NULL,NULL,NULL,NULL,NULL,NULL,NULL,NULL,NULL,NULL,NULL,NULL,NULL,NULL,NULL,NULL,NULL,NULL,NULL,NULL,NULL,NULL,NULL,NULL,NULL,NULL,NULL,NULL,NULL,NULL,13/12/2024 13:18
401,NULL,NULL,NULL,NULL,NULL,NULL,NULL,NULL,NULL,NULL,NULL,NULL,NULL,NULL,NULL,NULL,NULL,NULL,NULL,NULL,NULL,NULL,NULL,NULL,NULL,NULL,NULL,NULL,NULL,NULL,NULL,NULL,NULL,NULL,NULL,NULL,NULL,NULL,13/12/2024 13:18
402,NULL,NULL,NULL,NULL,NULL,NULL,NULL,NULL,NULL,NULL,NULL,NULL,NULL,NULL,NULL,NULL,NULL,NULL,NULL,NULL,NULL,NULL,NULL,NULL,NULL,NULL,NULL,NULL,NULL,NULL,NULL,NULL,NULL,NULL,NULL,NULL,NULL,NULL,13/12/2024 13:18
403,NULL,NULL,NULL,NULL,NULL,NULL,NULL,NULL,NULL,NULL,NULL,NULL,NULL,NULL,NULL,NULL,NULL,NULL,NULL,NULL,NULL,NULL,NULL,NULL,NULL,NULL,NULL,NULL,NULL,NULL,NULL,NULL,NULL,NULL,NULL,NULL,NULL,NULL,13/12/2024 13:18
404,NULL,NULL,NULL,NULL,NULL,NULL,NULL,NULL,NULL,NULL,NULL,NULL,NULL,NULL,NULL,NULL,NULL,NULL,NULL,NULL,NULL,NULL,NULL,NULL,NULL,NULL,NULL,NULL,NULL,NULL,NULL,NULL,NULL,NULL,NULL,NULL,NULL,NULL,13/12/2024 13:18
405,NULL,NULL,NULL,NULL,NULL,NULL,NULL,NULL,NULL,NULL,NULL,NULL,NULL,NULL,NULL,NULL,NULL,NULL,NULL,NULL,NULL,NULL,NULL,NULL,NULL,NULL,NULL,NULL,NULL,NULL,NULL,NULL,NULL,NULL,NULL,NULL,NULL,NULL,13/12/2024 13:18
406,NULL,NULL,NULL,NULL,NULL,NULL,NULL,NULL,NULL,NULL,NULL,NULL,NULL,NULL,NULL,NULL,NULL,NULL,NULL,NULL,NULL,NULL,NULL,NULL,NULL,NULL,NULL,NULL,NULL,NULL,NULL,NULL,NULL,NULL,NULL,NULL,NULL,NULL,13/12/2024 13:18
407,NULL,NULL,NULL,NULL,NULL,NULL,NULL,NULL,NULL,NULL,NULL,NULL,NULL,NULL,NULL,NULL,NULL,NULL,NULL,NULL,NULL,NULL,NULL,NULL,NULL,NULL,NULL,NULL,NULL,NULL,NULL,NULL,NULL,NULL,NULL,NULL,NULL,NULL,13/12/2024 13:18
408,NULL,NULL,NULL,NULL,NULL,NULL,NULL,NULL,NULL,NULL,NULL,NULL,NULL,NULL,NULL,NULL,NULL,NULL,NULL,NULL,NULL,NULL,NULL,NULL,NULL,NULL,NULL,NULL,NULL,NULL,NULL,NULL,NULL,NULL,NULL,NULL,NULL,NULL,13/12/2024 13:18
409,NULL,NULL,NULL,NULL,NULL,NULL,NULL,NULL,NULL,NULL,NULL,NULL,NULL,NULL,NULL,NULL,NULL,NULL,NULL,NULL,NULL,NULL,NULL,NULL,NULL,NULL,NULL,NULL,NULL,NULL,NULL,NULL,NULL,NULL,NULL,NULL,NULL,NULL,13/12/2024 13:19
410,NULL,NULL,NULL,NULL,NULL,NULL,NULL,NULL,NULL,NULL,NULL,NULL,NULL,NULL,NULL,NULL,NULL,NULL,NULL,NULL,NULL,NULL,NULL,NULL,NULL,NULL,NULL,NULL,NULL,NULL,NULL,NULL,NULL,NULL,NULL,NULL,NULL,NULL,13/12/2024 13:19
411,NULL,NULL,NULL,NULL,NULL,NULL,NULL,NULL,NULL,NULL,NULL,NULL,NULL,NULL,NULL,NULL,NULL,NULL,NULL,NULL,NULL,NULL,NULL,NULL,NULL,NULL,NULL,NULL,NULL,NULL,NULL,NULL,NULL,NULL,NULL,NULL,NULL,NULL,13/12/2024 13:19
412,NULL,NULL,NULL,NULL,NULL,NULL,NULL,NULL,NULL,NULL,NULL,NULL,NULL,NULL,NULL,NULL,NULL,NULL,NULL,NULL,NULL,NULL,NULL,NULL,NULL,NULL,NULL,NULL,NULL,NULL,NULL,NULL,NULL,NULL,NULL,NULL,NULL,NULL,13/12/2024 13:19
413,NULL,NULL,NULL,NULL,NULL,NULL,NULL,NULL,NULL,NULL,NULL,NULL,NULL,NULL,NULL,NULL,NULL,NULL,NULL,NULL,NULL,NULL,NULL,NULL,NULL,NULL,NULL,NULL,NULL,NULL,NULL,NULL,NULL,NULL,NULL,NULL,NULL,NULL,13/12/2024 13:19
414,NULL,NULL,NULL,NULL,NULL,NULL,NULL,NULL,NULL,NULL,NULL,NULL,NULL,NULL,NULL,NULL,NULL,NULL,NULL,NULL,NULL,NULL,NULL,NULL,NULL,NULL,NULL,NULL,NULL,NULL,NULL,NULL,NULL,NULL,NULL,NULL,NULL,NULL,13/12/2024 13:19
415,NULL,NULL,NULL,NULL,NULL,NULL,NULL,NULL,NULL,NULL,NULL,NULL,NULL,NULL,NULL,NULL,NULL,NULL,NULL,NULL,NULL,NULL,NULL,NULL,NULL,NULL,NULL,NULL,NULL,NULL,NULL,NULL,NULL,NULL,NULL,NULL,NULL,NULL,13/12/2024 13:19
416,NULL,NULL,NULL,NULL,NULL,NULL,NULL,NULL,NULL,NULL,NULL,NULL,NULL,NULL,NULL,NULL,NULL,NULL,NULL,NULL,NULL,NULL,NULL,NULL,NULL,NULL,NULL,NULL,NULL,NULL,NULL,NULL,NULL,NULL,NULL,NULL,NULL,NULL,13/12/2024 13:19
417,NULL,NULL,NULL,NULL,NULL,NULL,NULL,NULL,NULL,NULL,NULL,NULL,NULL,NULL,NULL,NULL,NULL,NULL,NULL,NULL,NULL,NULL,NULL,NULL,NULL,NULL,NULL,NULL,NULL,NULL,NULL,NULL,NULL,NULL,NULL,NULL,NULL,NULL,13/12/2024 13:19
418,NULL,NULL,NULL,NULL,NULL,NULL,NULL,NULL,NULL,NULL,NULL,NULL,NULL,NULL,NULL,NULL,NULL,NULL,NULL,NULL,NULL,NULL,NULL,NULL,NULL,NULL,NULL,NULL,NULL,NULL,NULL,NULL,NULL,NULL,NULL,NULL,NULL,NULL,13/12/2024 13:19
419,NULL,NULL,NULL,NULL,NULL,NULL,NULL,NULL,NULL,NULL,NULL,NULL,NULL,NULL,NULL,NULL,NULL,NULL,NULL,NULL,NULL,NULL,NULL,NULL,NULL,NULL,NULL,NULL,NULL,NULL,NULL,NULL,NULL,NULL,NULL,NULL,NULL,NULL,13/12/2024 13:19
420,NULL,NULL,NULL,NULL,NULL,NULL,NULL,NULL,NULL,NULL,NULL,NULL,NULL,NULL,NULL,NULL,NULL,NULL,NULL,NULL,NULL,NULL,NULL,NULL,NULL,NULL,NULL,NULL,NULL,NULL,NULL,NULL,NULL,NULL,NULL,NULL,NULL,NULL,13/12/2024 13:19
421,NULL,NULL,NULL,NULL,NULL,NULL,NULL,NULL,NULL,NULL,NULL,NULL,NULL,NULL,NULL,NULL,NULL,NULL,NULL,NULL,NULL,NULL,NULL,NULL,NULL,NULL,NULL,NULL,NULL,NULL,NULL,NULL,NULL,NULL,NULL,NULL,NULL,NULL,13/12/2024 13:19
422,NULL,NULL,NULL,NULL,NULL,NULL,NULL,NULL,NULL,NULL,NULL,NULL,NULL,NULL,NULL,NULL,NULL,NULL,NULL,NULL,NULL,NULL,NULL,NULL,NULL,NULL,NULL,NULL,NULL,NULL,NULL,NULL,NULL,NULL,NULL,NULL,NULL,NULL,13/12/2024 13:19
423,NULL,NULL,NULL,NULL,NULL,NULL,NULL,NULL,NULL,NULL,NULL,NULL,NULL,NULL,NULL,NULL,NULL,NULL,NULL,NULL,NULL,NULL,NULL,NULL,NULL,NULL,NULL,NULL,NULL,NULL,NULL,NULL,NULL,NULL,NULL,NULL,NULL,NULL,13/12/2024 13:19
424,NULL,NULL,NULL,NULL,NULL,NULL,NULL,NULL,NULL,NULL,NULL,NULL,NULL,NULL,NULL,NULL,NULL,NULL,NULL,NULL,NULL,NULL,NULL,NULL,NULL,NULL,NULL,NULL,NULL,NULL,NULL,NULL,NULL,NULL,NULL,NULL,NULL,NULL,13/12/2024 13:19
425,NULL,NULL,NULL,NULL,NULL,NULL,NULL,NULL,NULL,NULL,NULL,NULL,NULL,NULL,NULL,NULL,NULL,NULL,NULL,NULL,NULL,NULL,NULL,NULL,NULL,NULL,NULL,NULL,NULL,NULL,NULL,NULL,NULL,NULL,NULL,NULL,NULL,NULL,13/12/2024 13:19
426,NULL,NULL,NULL,NULL,NULL,NULL,NULL,NULL,NULL,NULL,NULL,NULL,NULL,NULL,NULL,NULL,NULL,NULL,NULL,NULL,NULL,NULL,NULL,NULL,NULL,NULL,NULL,NULL,NULL,NULL,NULL,NULL,NULL,NULL,NULL,NULL,NULL,NULL,13/12/2024 13:19
427,NULL,NULL,NULL,NULL,NULL,NULL,NULL,NULL,NULL,NULL,NULL,NULL,NULL,NULL,NULL,NULL,NULL,NULL,NULL,NULL,NULL,NULL,NULL,NULL,NULL,NULL,NULL,NULL,NULL,NULL,NULL,NULL,NULL,NULL,NULL,NULL,NULL,NULL,13/12/2024 13:19
428,NULL,NULL,NULL,NULL,NULL,NULL,NULL,NULL,NULL,NULL,NULL,NULL,NULL,NULL,NULL,NULL,NULL,NULL,NULL,NULL,NULL,NULL,NULL,NULL,NULL,NULL,NULL,NULL,NULL,NULL,NULL,NULL,NULL,NULL,NULL,NULL,NULL,NULL,13/12/2024 13:19
429,NULL,NULL,NULL,NULL,NULL,NULL,NULL,NULL,NULL,NULL,NULL,NULL,NULL,NULL,NULL,NULL,NULL,NULL,NULL,NULL,NULL,NULL,NULL,NULL,NULL,NULL,NULL,NULL,NULL,NULL,NULL,NULL,NULL,NULL,NULL,NULL,NULL,NULL,13/12/2024 13:19
430,NULL,NULL,NULL,NULL,NULL,NULL,NULL,NULL,NULL,NULL,NULL,NULL,NULL,NULL,NULL,NULL,NULL,NULL,NULL,NULL,NULL,NULL,NULL,NULL,NULL,NULL,NULL,NULL,NULL,NULL,NULL,NULL,NULL,NULL,NULL,NULL,NULL,NULL,13/12/2024 13:19
431,NULL,NULL,NULL,NULL,NULL,NULL,NULL,NULL,NULL,NULL,NULL,NULL,NULL,NULL,NULL,NULL,NULL,NULL,NULL,NULL,NULL,NULL,NULL,NULL,NULL,NULL,NULL,NULL,NULL,NULL,NULL,NULL,NULL,NULL,NULL,NULL,NULL,NULL,13/12/2024 13:19
432,NULL,NULL,NULL,NULL,NULL,NULL,NULL,NULL,NULL,NULL,NULL,NULL,NULL,NULL,NULL,NULL,NULL,NULL,NULL,NULL,NULL,NULL,NULL,NULL,NULL,NULL,NULL,NULL,NULL,NULL,NULL,NULL,NULL,NULL,NULL,NULL,NULL,NULL,13/12/2024 13:19
433,NULL,NULL,NULL,NULL,NULL,NULL,NULL,NULL,NULL,NULL,NULL,NULL,NULL,NULL,NULL,NULL,NULL,NULL,NULL,NULL,NULL,NULL,NULL,NULL,NULL,NULL,NULL,NULL,NULL,NULL,NULL,NULL,NULL,NULL,NULL,NULL,NULL,NULL,13/12/2024 13:19
434,NULL,NULL,NULL,NULL,NULL,NULL,NULL,NULL,NULL,NULL,NULL,NULL,NULL,NULL,NULL,NULL,NULL,NULL,NULL,NULL,NULL,NULL,NULL,NULL,NULL,NULL,NULL,NULL,NULL,NULL,NULL,NULL,NULL,NULL,NULL,NULL,NULL,NULL,13/12/2024 13:19
435,NULL,NULL,NULL,NULL,NULL,NULL,NULL,NULL,NULL,NULL,NULL,NULL,NULL,NULL,NULL,NULL,NULL,NULL,NULL,NULL,NULL,NULL,NULL,NULL,NULL,NULL,NULL,NULL,NULL,NULL,NULL,NULL,NULL,NULL,NULL,NULL,NULL,NULL,13/12/2024 13:19
436,NULL,NULL,NULL,NULL,NULL,NULL,NULL,NULL,NULL,NULL,NULL,NULL,NULL,NULL,NULL,NULL,NULL,NULL,NULL,NULL,NULL,NULL,NULL,NULL,NULL,NULL,NULL,NULL,NULL,NULL,NULL,NULL,NULL,NULL,NULL,NULL,NULL,NULL,13/12/2024 13:19
437,NULL,NULL,NULL,NULL,NULL,NULL,NULL,NULL,NULL,NULL,NULL,NULL,NULL,NULL,NULL,NULL,NULL,NULL,NULL,NULL,NULL,NULL,NULL,NULL,NULL,NULL,NULL,NULL,NULL,NULL,NULL,NULL,NULL,NULL,NULL,NULL,NULL,NULL,13/12/2024 13:19
438,NULL,NULL,NULL,NULL,NULL,NULL,NULL,NULL,NULL,NULL,NULL,NULL,NULL,NULL,NULL,NULL,NULL,NULL,NULL,NULL,NULL,NULL,NULL,NULL,NULL,NULL,NULL,NULL,NULL,NULL,NULL,NULL,NULL,NULL,NULL,NULL,NULL,NULL,13/12/2024 13:19
439,NULL,NULL,NULL,NULL,NULL,NULL,NULL,NULL,NULL,NULL,NULL,NULL,NULL,NULL,NULL,NULL,NULL,NULL,NULL,NULL,NULL,NULL,NULL,NULL,NULL,NULL,NULL,NULL,NULL,NULL,NULL,NULL,NULL,NULL,NULL,NULL,NULL,NULL,13/12/2024 13:19
440,NULL,NULL,NULL,NULL,NULL,NULL,NULL,NULL,NULL,NULL,NULL,NULL,NULL,NULL,NULL,NULL,NULL,NULL,NULL,NULL,NULL,NULL,NULL,NULL,NULL,NULL,NULL,NULL,NULL,NULL,NULL,NULL,NULL,NULL,NULL,NULL,NULL,NULL,13/12/2024 13:19
441,NULL,NULL,NULL,NULL,NULL,NULL,NULL,NULL,NULL,NULL,NULL,NULL,NULL,NULL,NULL,NULL,NULL,NULL,NULL,NULL,NULL,NULL,NULL,NULL,NULL,NULL,NULL,NULL,NULL,NULL,NULL,NULL,NULL,NULL,NULL,NULL,NULL,NULL,13/12/2024 13:19
442,NULL,NULL,NULL,NULL,NULL,NULL,NULL,NULL,NULL,NULL,NULL,NULL,NULL,NULL,NULL,NULL,NULL,NULL,NULL,NULL,NULL,NULL,NULL,NULL,NULL,NULL,NULL,NULL,NULL,NULL,NULL,NULL,NULL,NULL,NULL,NULL,NULL,NULL,13/12/2024 13:19
443,NULL,NULL,NULL,NULL,NULL,NULL,NULL,NULL,NULL,NULL,NULL,NULL,NULL,NULL,NULL,NULL,NULL,NULL,NULL,NULL,NULL,NULL,NULL,NULL,NULL,NULL,NULL,NULL,NULL,NULL,NULL,NULL,NULL,NULL,NULL,NULL,NULL,NULL,13/12/2024 13:19
444,NULL,NULL,NULL,NULL,NULL,NULL,NULL,NULL,NULL,NULL,NULL,NULL,NULL,NULL,NULL,NULL,NULL,NULL,NULL,NULL,NULL,NULL,NULL,NULL,NULL,NULL,NULL,NULL,NULL,NULL,NULL,NULL,NULL,NULL,NULL,NULL,NULL,NULL,13/12/2024 13:19
445,NULL,NULL,NULL,NULL,NULL,NULL,NULL,NULL,NULL,NULL,NULL,NULL,NULL,NULL,NULL,NULL,NULL,NULL,NULL,NULL,NULL,NULL,NULL,NULL,NULL,NULL,NULL,NULL,NULL,NULL,NULL,NULL,NULL,NULL,NULL,NULL,NULL,NULL,13/12/2024 13:19
446,NULL,NULL,NULL,NULL,NULL,NULL,NULL,NULL,NULL,NULL,NULL,NULL,NULL,NULL,NULL,NULL,NULL,NULL,NULL,NULL,NULL,NULL,NULL,NULL,NULL,NULL,NULL,NULL,NULL,NULL,NULL,NULL,NULL,NULL,NULL,NULL,NULL,NULL,13/12/2024 13:19
447,NULL,NULL,NULL,NULL,NULL,NULL,NULL,NULL,NULL,NULL,NULL,NULL,NULL,NULL,NULL,NULL,NULL,NULL,NULL,NULL,NULL,NULL,NULL,NULL,NULL,NULL,NULL,NULL,NULL,NULL,NULL,NULL,NULL,NULL,NULL,NULL,NULL,NULL,13/12/2024 13:19
448,NULL,NULL,NULL,NULL,NULL,NULL,NULL,NULL,NULL,NULL,NULL,NULL,NULL,NULL,NULL,NULL,NULL,NULL,NULL,NULL,NULL,NULL,NULL,NULL,NULL,NULL,NULL,NULL,NULL,NULL,NULL,NULL,NULL,NULL,NULL,NULL,NULL,NULL,13/12/2024 13:19
449,NULL,NULL,NULL,NULL,NULL,NULL,NULL,NULL,NULL,NULL,NULL,NULL,NULL,NULL,NULL,NULL,NULL,NULL,NULL,NULL,NULL,NULL,NULL,NULL,NULL,NULL,NULL,NULL,NULL,NULL,NULL,NULL,NULL,NULL,NULL,NULL,NULL,NULL,13/12/2024 13:19
450,NULL,NULL,NULL,NULL,NULL,NULL,NULL,NULL,NULL,NULL,NULL,NULL,NULL,NULL,NULL,NULL,NULL,NULL,NULL,NULL,NULL,NULL,NULL,NULL,NULL,NULL,NULL,NULL,NULL,NULL,NULL,NULL,NULL,NULL,NULL,NULL,NULL,NULL,13/12/2024 13:19
451,NULL,NULL,NULL,NULL,NULL,NULL,NULL,NULL,NULL,NULL,NULL,NULL,NULL,NULL,NULL,NULL,NULL,NULL,NULL,NULL,NULL,NULL,NULL,NULL,NULL,NULL,NULL,NULL,NULL,NULL,NULL,NULL,NULL,NULL,NULL,NULL,NULL,NULL,13/12/2024 13:19
452,NULL,NULL,NULL,NULL,NULL,NULL,NULL,NULL,NULL,NULL,NULL,NULL,NULL,NULL,NULL,NULL,NULL,NULL,NULL,NULL,NULL,NULL,NULL,NULL,NULL,NULL,NULL,NULL,NULL,NULL,NULL,NULL,NULL,NULL,NULL,NULL,NULL,NULL,13/12/2024 13:19
453,NULL,NULL,NULL,NULL,NULL,NULL,NULL,NULL,NULL,NULL,NULL,NULL,NULL,NULL,NULL,NULL,NULL,NULL,NULL,NULL,NULL,NULL,NULL,NULL,NULL,NULL,NULL,NULL,NULL,NULL,NULL,NULL,NULL,NULL,NULL,NULL,NULL,NULL,13/12/2024 13:19
454,NULL,NULL,NULL,NULL,NULL,NULL,NULL,NULL,NULL,NULL,NULL,NULL,NULL,NULL,NULL,NULL,NULL,NULL,NULL,NULL,NULL,NULL,NULL,NULL,NULL,NULL,NULL,NULL,NULL,NULL,NULL,NULL,NULL,NULL,NULL,NULL,NULL,NULL,13/12/2024 13:19
455,NULL,NULL,NULL,NULL,NULL,NULL,NULL,NULL,NULL,NULL,NULL,NULL,NULL,NULL,NULL,NULL,NULL,NULL,NULL,NULL,NULL,NULL,NULL,NULL,NULL,NULL,NULL,NULL,NULL,NULL,NULL,NULL,NULL,NULL,NULL,NULL,NULL,NULL,13/12/2024 13:19
456,NULL,NULL,NULL,NULL,NULL,NULL,NULL,NULL,NULL,NULL,NULL,NULL,NULL,NULL,NULL,NULL,NULL,NULL,NULL,NULL,NULL,NULL,NULL,NULL,NULL,NULL,NULL,NULL,NULL,NULL,NULL,NULL,NULL,NULL,NULL,NULL,NULL,NULL,13/12/2024 13:19
457,NULL,NULL,NULL,NULL,NULL,NULL,NULL,NULL,NULL,NULL,NULL,NULL,NULL,NULL,NULL,NULL,NULL,NULL,NULL,NULL,NULL,NULL,NULL,NULL,NULL,NULL,NULL,NULL,NULL,NULL,NULL,NULL,NULL,NULL,NULL,NULL,NULL,NULL,13/12/2024 13:19
458,NULL,NULL,NULL,NULL,NULL,NULL,NULL,NULL,NULL,NULL,NULL,NULL,NULL,NULL,NULL,NULL,NULL,NULL,NULL,NULL,NULL,NULL,NULL,NULL,NULL,NULL,NULL,NULL,NULL,NULL,NULL,NULL,NULL,NULL,NULL,NULL,NULL,NULL,13/12/2024 13:19
459,NULL,NULL,NULL,NULL,NULL,NULL,NULL,NULL,NULL,NULL,NULL,NULL,NULL,NULL,NULL,NULL,NULL,NULL,NULL,NULL,NULL,NULL,NULL,NULL,NULL,NULL,NULL,NULL,NULL,NULL,NULL,NULL,NULL,NULL,NULL,NULL,NULL,NULL,13/12/2024 13:19
460,NULL,NULL,NULL,NULL,NULL,NULL,NULL,NULL,NULL,NULL,NULL,NULL,NULL,NULL,NULL,NULL,NULL,NULL,NULL,NULL,NULL,NULL,NULL,NULL,NULL,NULL,NULL,NULL,NULL,NULL,NULL,NULL,NULL,NULL,NULL,NULL,NULL,NULL,13/12/2024 13:19
461,NULL,NULL,NULL,NULL,NULL,NULL,NULL,NULL,NULL,NULL,NULL,NULL,NULL,NULL,NULL,NULL,NULL,NULL,NULL,NULL,NULL,NULL,NULL,NULL,NULL,NULL,NULL,NULL,NULL,NULL,NULL,NULL,NULL,NULL,NULL,NULL,NULL,NULL,13/12/2024 13:19
462,NULL,NULL,NULL,NULL,NULL,NULL,NULL,NULL,NULL,NULL,NULL,NULL,NULL,NULL,NULL,NULL,NULL,NULL,NULL,NULL,NULL,NULL,NULL,NULL,NULL,NULL,NULL,NULL,NULL,NULL,NULL,NULL,NULL,NULL,NULL,NULL,NULL,NULL,13/12/2024 13:19
463,NULL,NULL,NULL,NULL,NULL,NULL,NULL,NULL,NULL,NULL,NULL,NULL,NULL,NULL,NULL,NULL,NULL,NULL,NULL,NULL,NULL,NULL,NULL,NULL,NULL,NULL,NULL,NULL,NULL,NULL,NULL,NULL,NULL,NULL,NULL,NULL,NULL,NULL,13/12/2024 13:19
464,NULL,NULL,NULL,NULL,NULL,NULL,NULL,NULL,NULL,NULL,NULL,NULL,NULL,NULL,NULL,NULL,NULL,NULL,NULL,NULL,NULL,NULL,NULL,NULL,NULL,NULL,NULL,NULL,NULL,NULL,NULL,NULL,NULL,NULL,NULL,NULL,NULL,NULL,13/12/2024 13:19
465,NULL,NULL,NULL,NULL,NULL,NULL,NULL,NULL,NULL,NULL,NULL,NULL,NULL,NULL,NULL,NULL,NULL,NULL,NULL,NULL,NULL,NULL,NULL,NULL,NULL,NULL,NULL,NULL,NULL,NULL,NULL,NULL,NULL,NULL,NULL,NULL,NULL,NULL,13/12/2024 13:19
466,NULL,NULL,NULL,NULL,NULL,NULL,NULL,NULL,NULL,NULL,NULL,NULL,NULL,NULL,NULL,NULL,NULL,NULL,NULL,NULL,NULL,NULL,NULL,NULL,NULL,NULL,NULL,NULL,NULL,NULL,NULL,NULL,NULL,NULL,NULL,NULL,NULL,NULL,13/12/2024 13:19
467,NULL,NULL,NULL,NULL,NULL,NULL,NULL,NULL,NULL,NULL,NULL,NULL,NULL,NULL,NULL,NULL,NULL,NULL,NULL,NULL,NULL,NULL,NULL,NULL,NULL,NULL,NULL,NULL,NULL,NULL,NULL,NULL,NULL,NULL,NULL,NULL,NULL,NULL,13/12/2024 13:19
468,NULL,NULL,NULL,NULL,NULL,NULL,NULL,NULL,NULL,NULL,NULL,NULL,NULL,NULL,NULL,NULL,NULL,NULL,NULL,NULL,NULL,NULL,NULL,NULL,NULL,NULL,NULL,NULL,NULL,NULL,NULL,NULL,NULL,NULL,NULL,NULL,NULL,NULL,13/12/2024 13:19
469,NULL,NULL,NULL,NULL,NULL,NULL,NULL,NULL,NULL,NULL,NULL,NULL,NULL,NULL,NULL,NULL,NULL,NULL,NULL,NULL,NULL,NULL,NULL,NULL,NULL,NULL,NULL,NULL,NULL,NULL,NULL,NULL,NULL,NULL,NULL,NULL,NULL,NULL,13/12/2024 13:20
470,NULL,NULL,NULL,NULL,NULL,NULL,NULL,NULL,NULL,NULL,NULL,NULL,NULL,NULL,NULL,NULL,NULL,NULL,NULL,NULL,NULL,NULL,NULL,NULL,NULL,NULL,NULL,NULL,NULL,NULL,NULL,NULL,NULL,NULL,NULL,NULL,NULL,NULL,13/12/2024 13:20
471,NULL,NULL,NULL,NULL,NULL,NULL,NULL,NULL,NULL,NULL,NULL,NULL,NULL,NULL,NULL,NULL,NULL,NULL,NULL,NULL,NULL,NULL,NULL,NULL,NULL,NULL,NULL,NULL,NULL,NULL,NULL,NULL,NULL,NULL,NULL,NULL,NULL,NULL,13/12/2024 13:20
472,NULL,NULL,NULL,NULL,NULL,NULL,NULL,NULL,NULL,NULL,NULL,NULL,NULL,NULL,NULL,NULL,NULL,NULL,NULL,NULL,NULL,NULL,NULL,NULL,NULL,NULL,NULL,NULL,NULL,NULL,NULL,NULL,NULL,NULL,NULL,NULL,NULL,NULL,13/12/2024 13:20
473,NULL,NULL,NULL,NULL,NULL,NULL,NULL,NULL,NULL,NULL,NULL,NULL,NULL,NULL,NULL,NULL,NULL,NULL,NULL,NULL,NULL,NULL,NULL,NULL,NULL,NULL,NULL,NULL,NULL,NULL,NULL,NULL,NULL,NULL,NULL,NULL,NULL,NULL,13/12/2024 13:20
474,NULL,NULL,NULL,NULL,NULL,NULL,NULL,NULL,NULL,NULL,NULL,NULL,NULL,NULL,NULL,NULL,NULL,NULL,NULL,NULL,NULL,NULL,NULL,NULL,NULL,NULL,NULL,NULL,NULL,NULL,NULL,NULL,NULL,NULL,NULL,NULL,NULL,NULL,13/12/2024 13:20
475,NULL,NULL,NULL,NULL,NULL,NULL,NULL,NULL,NULL,NULL,NULL,NULL,NULL,NULL,NULL,NULL,NULL,NULL,NULL,NULL,NULL,NULL,NULL,NULL,NULL,NULL,NULL,NULL,NULL,NULL,NULL,NULL,NULL,NULL,NULL,NULL,NULL,NULL,13/12/2024 13:20
476,NULL,NULL,NULL,NULL,NULL,NULL,NULL,NULL,NULL,NULL,NULL,NULL,NULL,NULL,NULL,NULL,NULL,NULL,NULL,NULL,NULL,NULL,NULL,NULL,NULL,NULL,NULL,NULL,NULL,NULL,NULL,NULL,NULL,NULL,NULL,NULL,NULL,NULL,13/12/2024 13:20
477,NULL,NULL,NULL,NULL,NULL,NULL,NULL,NULL,NULL,NULL,NULL,NULL,NULL,NULL,NULL,NULL,NULL,NULL,NULL,NULL,NULL,NULL,NULL,NULL,NULL,NULL,NULL,NULL,NULL,NULL,NULL,NULL,NULL,NULL,NULL,NULL,NULL,NULL,13/12/2024 13:20
478,NULL,NULL,NULL,NULL,NULL,NULL,NULL,NULL,NULL,NULL,NULL,NULL,NULL,NULL,NULL,NULL,NULL,NULL,NULL,NULL,NULL,NULL,NULL,NULL,NULL,NULL,NULL,NULL,NULL,NULL,NULL,NULL,NULL,NULL,NULL,NULL,NULL,NULL,13/12/2024 13:20
479,NULL,NULL,NULL,NULL,NULL,NULL,NULL,NULL,NULL,NULL,NULL,NULL,NULL,NULL,NULL,NULL,NULL,NULL,NULL,NULL,NULL,NULL,NULL,NULL,NULL,NULL,NULL,NULL,NULL,NULL,NULL,NULL,NULL,NULL,NULL,NULL,NULL,NULL,13/12/2024 13:20
480,NULL,NULL,NULL,NULL,NULL,NULL,NULL,NULL,NULL,NULL,NULL,NULL,NULL,NULL,NULL,NULL,NULL,NULL,NULL,NULL,NULL,NULL,NULL,NULL,NULL,NULL,NULL,NULL,NULL,NULL,NULL,NULL,NULL,NULL,NULL,NULL,NULL,NULL,13/12/2024 13:20
481,NULL,NULL,NULL,NULL,NULL,NULL,NULL,NULL,NULL,NULL,NULL,NULL,NULL,NULL,NULL,NULL,NULL,NULL,NULL,NULL,NULL,NULL,NULL,NULL,NULL,NULL,NULL,NULL,NULL,NULL,NULL,NULL,NULL,NULL,NULL,NULL,NULL,NULL,13/12/2024 13:20
482,NULL,NULL,NULL,NULL,NULL,NULL,NULL,NULL,NULL,NULL,NULL,NULL,NULL,NULL,NULL,NULL,NULL,NULL,NULL,NULL,NULL,NULL,NULL,NULL,NULL,NULL,NULL,NULL,NULL,NULL,NULL,NULL,NULL,NULL,NULL,NULL,NULL,NULL,13/12/2024 13:20
483,NULL,NULL,NULL,NULL,NULL,NULL,NULL,NULL,NULL,NULL,NULL,NULL,NULL,NULL,NULL,NULL,NULL,NULL,NULL,NULL,NULL,NULL,NULL,NULL,NULL,NULL,NULL,NULL,NULL,NULL,NULL,NULL,NULL,NULL,NULL,NULL,NULL,NULL,13/12/2024 13:20
484,NULL,NULL,NULL,NULL,NULL,NULL,NULL,NULL,NULL,NULL,NULL,NULL,NULL,NULL,NULL,NULL,NULL,NULL,NULL,NULL,NULL,NULL,NULL,NULL,NULL,NULL,NULL,NULL,NULL,NULL,NULL,NULL,NULL,NULL,NULL,NULL,NULL,NULL,13/12/2024 13:20
485,NULL,NULL,NULL,NULL,NULL,NULL,NULL,NULL,NULL,NULL,NULL,NULL,NULL,NULL,NULL,NULL,NULL,NULL,NULL,NULL,NULL,NULL,NULL,NULL,NULL,NULL,NULL,NULL,NULL,NULL,NULL,NULL,NULL,NULL,NULL,NULL,NULL,NULL,13/12/2024 13:20
486,NULL,NULL,NULL,NULL,NULL,NULL,NULL,NULL,NULL,NULL,NULL,NULL,NULL,NULL,NULL,NULL,NULL,NULL,NULL,NULL,NULL,NULL,NULL,NULL,NULL,NULL,NULL,NULL,NULL,NULL,NULL,NULL,NULL,NULL,NULL,NULL,NULL,NULL,13/12/2024 13:20
487,NULL,NULL,NULL,NULL,NULL,NULL,NULL,NULL,NULL,NULL,NULL,NULL,NULL,NULL,NULL,NULL,NULL,NULL,NULL,NULL,NULL,NULL,NULL,NULL,NULL,NULL,NULL,NULL,NULL,NULL,NULL,NULL,NULL,NULL,NULL,NULL,NULL,NULL,13/12/2024 13:20
488,NULL,NULL,NULL,NULL,NULL,NULL,NULL,NULL,NULL,NULL,NULL,NULL,NULL,NULL,NULL,NULL,NULL,NULL,NULL,NULL,NULL,NULL,NULL,NULL,NULL,NULL,NULL,NULL,NULL,NULL,NULL,NULL,NULL,NULL,NULL,NULL,NULL,NULL,13/12/2024 13:20
489,NULL,NULL,NULL,NULL,NULL,NULL,NULL,NULL,NULL,NULL,NULL,NULL,NULL,NULL,NULL,NULL,NULL,NULL,NULL,NULL,NULL,NULL,NULL,NULL,NULL,NULL,NULL,NULL,NULL,NULL,NULL,NULL,NULL,NULL,NULL,NULL,NULL,NULL,13/12/2024 13:20
490,NULL,NULL,NULL,NULL,NULL,NULL,NULL,NULL,NULL,NULL,NULL,NULL,NULL,NULL,NULL,NULL,NULL,NULL,NULL,NULL,NULL,NULL,NULL,NULL,NULL,NULL,NULL,NULL,NULL,NULL,NULL,NULL,NULL,NULL,NULL,NULL,NULL,NULL,13/12/2024 13:20
491,NULL,NULL,NULL,NULL,NULL,NULL,NULL,NULL,NULL,NULL,NULL,NULL,NULL,NULL,NULL,NULL,NULL,NULL,NULL,NULL,NULL,NULL,NULL,NULL,NULL,NULL,NULL,NULL,NULL,NULL,NULL,NULL,NULL,NULL,NULL,NULL,NULL,NULL,13/12/2024 13:20
492,NULL,NULL,NULL,NULL,NULL,NULL,NULL,NULL,NULL,NULL,NULL,NULL,NULL,NULL,NULL,NULL,NULL,NULL,NULL,NULL,NULL,NULL,NULL,NULL,NULL,NULL,NULL,NULL,NULL,NULL,NULL,NULL,NULL,NULL,NULL,NULL,NULL,NULL,13/12/2024 13:20
493,NULL,NULL,NULL,NULL,NULL,NULL,NULL,NULL,NULL,NULL,NULL,NULL,NULL,NULL,NULL,NULL,NULL,NULL,NULL,NULL,NULL,NULL,NULL,NULL,NULL,NULL,NULL,NULL,NULL,NULL,NULL,NULL,NULL,NULL,NULL,NULL,NULL,NULL,13/12/2024 13:20
494,NULL,NULL,NULL,NULL,NULL,NULL,NULL,NULL,NULL,NULL,NULL,NULL,NULL,NULL,NULL,NULL,NULL,NULL,NULL,NULL,NULL,NULL,NULL,NULL,NULL,NULL,NULL,NULL,NULL,NULL,NULL,NULL,NULL,NULL,NULL,NULL,NULL,NULL,13/12/2024 13:20
495,NULL,NULL,NULL,NULL,NULL,NULL,NULL,NULL,NULL,NULL,NULL,NULL,NULL,NULL,NULL,NULL,NULL,NULL,NULL,NULL,NULL,NULL,NULL,NULL,NULL,NULL,NULL,NULL,NULL,NULL,NULL,NULL,NULL,NULL,NULL,NULL,NULL,NULL,13/12/2024 13:20
496,NULL,NULL,NULL,NULL,NULL,NULL,NULL,NULL,NULL,NULL,NULL,NULL,NULL,NULL,NULL,NULL,NULL,NULL,NULL,NULL,NULL,NULL,NULL,NULL,NULL,NULL,NULL,NULL,NULL,NULL,NULL,NULL,NULL,NULL,NULL,NULL,NULL,NULL,13/12/2024 13:20
497,NULL,NULL,NULL,NULL,NULL,NULL,NULL,NULL,NULL,NULL,NULL,NULL,NULL,NULL,NULL,NULL,NULL,NULL,NULL,NULL,NULL,NULL,NULL,NULL,NULL,NULL,NULL,NULL,NULL,NULL,NULL,NULL,NULL,NULL,NULL,NULL,NULL,NULL,13/12/2024 13:20
498,NULL,NULL,NULL,NULL,NULL,NULL,NULL,NULL,NULL,NULL,NULL,NULL,NULL,NULL,NULL,NULL,NULL,NULL,NULL,NULL,NULL,NULL,NULL,NULL,NULL,NULL,NULL,NULL,NULL,NULL,NULL,NULL,NULL,NULL,NULL,NULL,NULL,NULL,13/12/2024 13:20
499,NULL,NULL,NULL,NULL,NULL,NULL,NULL,NULL,NULL,NULL,NULL,NULL,NULL,NULL,NULL,NULL,NULL,NULL,NULL,NULL,NULL,NULL,NULL,NULL,NULL,NULL,NULL,NULL,NULL,NULL,NULL,NULL,NULL,NULL,NULL,NULL,NULL,NULL,13/12/2024 13:20
500,NULL,NULL,NULL,NULL,NULL,NULL,NULL,NULL,NULL,NULL,NULL,NULL,NULL,NULL,NULL,NULL,NULL,NULL,NULL,NULL,NULL,NULL,NULL,NULL,NULL,NULL,NULL,NULL,NULL,NULL,NULL,NULL,NULL,NULL,NULL,NULL,NULL,NULL,13/12/2024 13:20
501,NULL,NULL,NULL,NULL,NULL,NULL,NULL,NULL,NULL,NULL,NULL,NULL,NULL,NULL,NULL,NULL,NULL,NULL,NULL,NULL,NULL,NULL,NULL,NULL,NULL,NULL,NULL,NULL,NULL,NULL,NULL,NULL,NULL,NULL,NULL,NULL,NULL,NULL,13/12/2024 13:20
502,NULL,NULL,NULL,NULL,NULL,NULL,NULL,NULL,NULL,NULL,NULL,NULL,NULL,NULL,NULL,NULL,NULL,NULL,NULL,NULL,NULL,NULL,NULL,NULL,NULL,NULL,NULL,NULL,NULL,NULL,NULL,NULL,NULL,NULL,NULL,NULL,NULL,NULL,13/12/2024 13:20
503,NULL,NULL,NULL,NULL,NULL,NULL,NULL,NULL,NULL,NULL,NULL,NULL,NULL,NULL,NULL,NULL,NULL,NULL,NULL,NULL,NULL,NULL,NULL,NULL,NULL,NULL,NULL,NULL,NULL,NULL,NULL,NULL,NULL,NULL,NULL,NULL,NULL,NULL,13/12/2024 13:20
504,NULL,NULL,NULL,NULL,NULL,NULL,NULL,NULL,NULL,NULL,NULL,NULL,NULL,NULL,NULL,NULL,NULL,NULL,NULL,NULL,NULL,NULL,NULL,NULL,NULL,NULL,NULL,NULL,NULL,NULL,NULL,NULL,NULL,NULL,NULL,NULL,NULL,NULL,13/12/2024 13:20
505,NULL,NULL,NULL,NULL,NULL,NULL,NULL,NULL,NULL,NULL,NULL,NULL,NULL,NULL,NULL,NULL,NULL,NULL,NULL,NULL,NULL,NULL,NULL,NULL,NULL,NULL,NULL,NULL,NULL,NULL,NULL,NULL,NULL,NULL,NULL,NULL,NULL,NULL,13/12/2024 13:20
506,NULL,NULL,NULL,NULL,NULL,NULL,NULL,NULL,NULL,NULL,NULL,NULL,NULL,NULL,NULL,NULL,NULL,NULL,NULL,NULL,NULL,NULL,NULL,NULL,NULL,NULL,NULL,NULL,NULL,NULL,NULL,NULL,NULL,NULL,NULL,NULL,NULL,NULL,13/12/2024 13:20
507,NULL,NULL,NULL,NULL,NULL,NULL,NULL,NULL,NULL,NULL,NULL,NULL,NULL,NULL,NULL,NULL,NULL,NULL,NULL,NULL,NULL,NULL,NULL,NULL,NULL,NULL,NULL,NULL,NULL,NULL,NULL,NULL,NULL,NULL,NULL,NULL,NULL,NULL,13/12/2024 13:20
508,NULL,NULL,NULL,NULL,NULL,NULL,NULL,NULL,NULL,NULL,NULL,NULL,NULL,NULL,NULL,NULL,NULL,NULL,NULL,NULL,NULL,NULL,NULL,NULL,NULL,NULL,NULL,NULL,NULL,NULL,NULL,NULL,NULL,NULL,NULL,NULL,NULL,NULL,13/12/2024 13:20
509,NULL,NULL,NULL,NULL,NULL,NULL,NULL,NULL,NULL,NULL,NULL,NULL,NULL,NULL,NULL,NULL,NULL,NULL,NULL,NULL,NULL,NULL,NULL,NULL,NULL,NULL,NULL,NULL,NULL,NULL,NULL,NULL,NULL,NULL,NULL,NULL,NULL,NULL,13/12/2024 13:20
510,NULL,NULL,NULL,NULL,NULL,NULL,NULL,NULL,NULL,NULL,NULL,NULL,NULL,NULL,NULL,NULL,NULL,NULL,NULL,NULL,NULL,NULL,NULL,NULL,NULL,NULL,NULL,NULL,NULL,NULL,NULL,NULL,NULL,NULL,NULL,NULL,NULL,NULL,13/12/2024 13:20
511,NULL,NULL,NULL,NULL,NULL,NULL,NULL,NULL,NULL,NULL,NULL,NULL,NULL,NULL,NULL,NULL,NULL,NULL,NULL,NULL,NULL,NULL,NULL,NULL,NULL,NULL,NULL,NULL,NULL,NULL,NULL,NULL,NULL,NULL,NULL,NULL,NULL,NULL,13/12/2024 13:20
512,NULL,NULL,NULL,NULL,NULL,NULL,NULL,NULL,NULL,NULL,NULL,NULL,NULL,NULL,NULL,NULL,NULL,NULL,NULL,NULL,NULL,NULL,NULL,NULL,NULL,NULL,NULL,NULL,NULL,NULL,NULL,NULL,NULL,NULL,NULL,NULL,NULL,NULL,13/12/2024 13:20
513,NULL,NULL,NULL,NULL,NULL,NULL,NULL,NULL,NULL,NULL,NULL,NULL,NULL,NULL,NULL,NULL,NULL,NULL,NULL,NULL,NULL,NULL,NULL,NULL,NULL,NULL,NULL,NULL,NULL,NULL,NULL,NULL,NULL,NULL,NULL,NULL,NULL,NULL,13/12/2024 13:20
514,NULL,NULL,NULL,NULL,NULL,NULL,NULL,NULL,NULL,NULL,NULL,NULL,NULL,NULL,NULL,NULL,NULL,NULL,NULL,NULL,NULL,NULL,NULL,NULL,NULL,NULL,NULL,NULL,NULL,NULL,NULL,NULL,NULL,NULL,NULL,NULL,NULL,NULL,13/12/2024 13:20
515,NULL,NULL,NULL,NULL,NULL,NULL,NULL,NULL,NULL,NULL,NULL,NULL,NULL,NULL,NULL,NULL,NULL,NULL,NULL,NULL,NULL,NULL,NULL,NULL,NULL,NULL,NULL,NULL,NULL,NULL,NULL,NULL,NULL,NULL,NULL,NULL,NULL,NULL,13/12/2024 13:20
516,NULL,NULL,NULL,NULL,NULL,NULL,NULL,NULL,NULL,NULL,NULL,NULL,NULL,NULL,NULL,NULL,NULL,NULL,NULL,NULL,NULL,NULL,NULL,NULL,NULL,NULL,NULL,NULL,NULL,NULL,NULL,NULL,NULL,NULL,NULL,NULL,NULL,NULL,13/12/2024 13:20
517,NULL,NULL,NULL,NULL,NULL,NULL,NULL,NULL,NULL,NULL,NULL,NULL,NULL,NULL,NULL,NULL,NULL,NULL,NULL,NULL,NULL,NULL,NULL,NULL,NULL,NULL,NULL,NULL,NULL,NULL,NULL,NULL,NULL,NULL,NULL,NULL,NULL,NULL,13/12/2024 13:20
518,NULL,NULL,NULL,NULL,NULL,NULL,NULL,NULL,NULL,NULL,NULL,NULL,NULL,NULL,NULL,NULL,NULL,NULL,NULL,NULL,NULL,NULL,NULL,NULL,NULL,NULL,NULL,NULL,NULL,NULL,NULL,NULL,NULL,NULL,NULL,NULL,NULL,NULL,13/12/2024 13:20
519,NULL,NULL,NULL,NULL,NULL,NULL,NULL,NULL,NULL,NULL,NULL,NULL,NULL,NULL,NULL,NULL,NULL,NULL,NULL,NULL,NULL,NULL,NULL,NULL,NULL,NULL,NULL,NULL,NULL,NULL,NULL,NULL,NULL,NULL,NULL,NULL,NULL,NULL,13/12/2024 13:20
520,NULL,NULL,NULL,NULL,NULL,NULL,NULL,NULL,NULL,NULL,NULL,NULL,NULL,NULL,NULL,NULL,NULL,NULL,NULL,NULL,NULL,NULL,NULL,NULL,NULL,NULL,NULL,NULL,NULL,NULL,NULL,NULL,NULL,NULL,NULL,NULL,NULL,NULL,13/12/2024 13:20
521,NULL,NULL,NULL,NULL,NULL,NULL,NULL,NULL,NULL,NULL,NULL,NULL,NULL,NULL,NULL,NULL,NULL,NULL,NULL,NULL,NULL,NULL,NULL,NULL,NULL,NULL,NULL,NULL,NULL,NULL,NULL,NULL,NULL,NULL,NULL,NULL,NULL,NULL,13/12/2024 13:20
522,NULL,NULL,NULL,NULL,NULL,NULL,NULL,NULL,NULL,NULL,NULL,NULL,NULL,NULL,NULL,NULL,NULL,NULL,NULL,NULL,NULL,NULL,NULL,NULL,NULL,NULL,NULL,NULL,NULL,NULL,NULL,NULL,NULL,NULL,NULL,NULL,NULL,NULL,13/12/2024 13:20
523,NULL,NULL,NULL,NULL,NULL,NULL,NULL,NULL,NULL,NULL,NULL,NULL,NULL,NULL,NULL,NULL,NULL,NULL,NULL,NULL,NULL,NULL,NULL,NULL,NULL,NULL,NULL,NULL,NULL,NULL,NULL,NULL,NULL,NULL,NULL,NULL,NULL,NULL,13/12/2024 13:20
524,NULL,NULL,NULL,NULL,NULL,NULL,NULL,NULL,NULL,NULL,NULL,NULL,NULL,NULL,NULL,NULL,NULL,NULL,NULL,NULL,NULL,NULL,NULL,NULL,NULL,NULL,NULL,NULL,NULL,NULL,NULL,NULL,NULL,NULL,NULL,NULL,NULL,NULL,13/12/2024 13:20
525,NULL,NULL,NULL,NULL,NULL,NULL,NULL,NULL,NULL,NULL,NULL,NULL,NULL,NULL,NULL,NULL,NULL,NULL,NULL,NULL,NULL,NULL,NULL,NULL,NULL,NULL,NULL,NULL,NULL,NULL,NULL,NULL,NULL,NULL,NULL,NULL,NULL,NULL,13/12/2024 13:20
526,NULL,NULL,NULL,NULL,NULL,NULL,NULL,NULL,NULL,NULL,NULL,NULL,NULL,NULL,NULL,NULL,NULL,NULL,NULL,NULL,NULL,NULL,NULL,NULL,NULL,NULL,NULL,NULL,NULL,NULL,NULL,NULL,NULL,NULL,NULL,NULL,NULL,NULL,13/12/2024 13:20
527,NULL,NULL,NULL,NULL,NULL,NULL,NULL,NULL,NULL,NULL,NULL,NULL,NULL,NULL,NULL,NULL,NULL,NULL,NULL,NULL,NULL,NULL,NULL,NULL,NULL,NULL,NULL,NULL,NULL,NULL,NULL,NULL,NULL,NULL,NULL,NULL,NULL,NULL,13/12/2024 13:20
528,NULL,NULL,NULL,NULL,NULL,NULL,NULL,NULL,NULL,NULL,NULL,NULL,NULL,NULL,NULL,NULL,NULL,NULL,NULL,NULL,NULL,NULL,NULL,NULL,NULL,NULL,NULL,NULL,NULL,NULL,NULL,NULL,NULL,NULL,NULL,NULL,NULL,NULL,13/12/2024 13:20
529,NULL,NULL,NULL,NULL,NULL,NULL,NULL,NULL,NULL,NULL,NULL,NULL,NULL,NULL,NULL,NULL,NULL,NULL,NULL,NULL,NULL,NULL,NULL,NULL,NULL,NULL,NULL,NULL,NULL,NULL,NULL,NULL,NULL,NULL,NULL,NULL,NULL,NULL,13/12/2024 13:21
530,NULL,NULL,NULL,NULL,NULL,NULL,NULL,NULL,NULL,NULL,NULL,NULL,NULL,NULL,NULL,NULL,NULL,NULL,NULL,NULL,NULL,NULL,NULL,NULL,NULL,NULL,NULL,NULL,NULL,NULL,NULL,NULL,NULL,NULL,NULL,NULL,NULL,NULL,13/12/2024 13:21
531,NULL,NULL,NULL,NULL,NULL,NULL,NULL,NULL,NULL,NULL,NULL,NULL,NULL,NULL,NULL,NULL,NULL,NULL,NULL,NULL,NULL,NULL,NULL,NULL,NULL,NULL,NULL,NULL,NULL,NULL,NULL,NULL,NULL,NULL,NULL,NULL,NULL,NULL,13/12/2024 13:21
532,NULL,NULL,NULL,NULL,NULL,NULL,NULL,NULL,NULL,NULL,NULL,NULL,NULL,NULL,NULL,NULL,NULL,NULL,NULL,NULL,NULL,NULL,NULL,NULL,NULL,NULL,NULL,NULL,NULL,NULL,NULL,NULL,NULL,NULL,NULL,NULL,NULL,NULL,13/12/2024 13:21
533,NULL,NULL,NULL,NULL,NULL,NULL,NULL,NULL,NULL,NULL,NULL,NULL,NULL,NULL,NULL,NULL,NULL,NULL,NULL,NULL,NULL,NULL,NULL,NULL,NULL,NULL,NULL,NULL,NULL,NULL,NULL,NULL,NULL,NULL,NULL,NULL,NULL,NULL,13/12/2024 13:21
534,NULL,NULL,NULL,NULL,NULL,NULL,NULL,NULL,NULL,NULL,NULL,NULL,NULL,NULL,NULL,NULL,NULL,NULL,NULL,NULL,NULL,NULL,NULL,NULL,NULL,NULL,NULL,NULL,NULL,NULL,NULL,NULL,NULL,NULL,NULL,NULL,NULL,NULL,13/12/2024 13:21
535,NULL,NULL,NULL,NULL,NULL,NULL,NULL,NULL,NULL,NULL,NULL,NULL,NULL,NULL,NULL,NULL,NULL,NULL,NULL,NULL,NULL,NULL,NULL,NULL,NULL,NULL,NULL,NULL,NULL,NULL,NULL,NULL,NULL,NULL,NULL,NULL,NULL,NULL,13/12/2024 13:21
536,NULL,NULL,NULL,NULL,NULL,NULL,NULL,NULL,NULL,NULL,NULL,NULL,NULL,NULL,NULL,NULL,NULL,NULL,NULL,NULL,NULL,NULL,NULL,NULL,NULL,NULL,NULL,NULL,NULL,NULL,NULL,NULL,NULL,NULL,NULL,NULL,NULL,NULL,13/12/2024 13:21
537,NULL,NULL,NULL,NULL,NULL,NULL,NULL,NULL,NULL,NULL,NULL,NULL,NULL,NULL,NULL,NULL,NULL,NULL,NULL,NULL,NULL,NULL,NULL,NULL,NULL,NULL,NULL,NULL,NULL,NULL,NULL,NULL,NULL,NULL,NULL,NULL,NULL,NULL,13/12/2024 13:21
538,NULL,NULL,NULL,NULL,NULL,NULL,NULL,NULL,NULL,NULL,NULL,NULL,NULL,NULL,NULL,NULL,NULL,NULL,NULL,NULL,NULL,NULL,NULL,NULL,NULL,NULL,NULL,NULL,NULL,NULL,NULL,NULL,NULL,NULL,NULL,NULL,NULL,NULL,13/12/2024 13:21
539,NULL,NULL,NULL,NULL,NULL,NULL,NULL,NULL,NULL,NULL,NULL,NULL,NULL,NULL,NULL,NULL,NULL,NULL,NULL,NULL,NULL,NULL,NULL,NULL,NULL,NULL,NULL,NULL,NULL,NULL,NULL,NULL,NULL,NULL,NULL,NULL,NULL,NULL,13/12/2024 13:21
540,NULL,NULL,NULL,NULL,NULL,NULL,NULL,NULL,NULL,NULL,NULL,NULL,NULL,NULL,NULL,NULL,NULL,NULL,NULL,NULL,NULL,NULL,NULL,NULL,NULL,NULL,NULL,NULL,NULL,NULL,NULL,NULL,NULL,NULL,NULL,NULL,NULL,NULL,13/12/2024 13:21
541,NULL,NULL,NULL,NULL,NULL,NULL,NULL,NULL,NULL,NULL,NULL,NULL,NULL,NULL,NULL,NULL,NULL,NULL,NULL,NULL,NULL,NULL,NULL,NULL,NULL,NULL,NULL,NULL,NULL,NULL,NULL,NULL,NULL,NULL,NULL,NULL,NULL,NULL,13/12/2024 13:21
542,NULL,NULL,NULL,NULL,NULL,NULL,NULL,NULL,NULL,NULL,NULL,NULL,NULL,NULL,NULL,NULL,NULL,NULL,NULL,NULL,NULL,NULL,NULL,NULL,NULL,NULL,NULL,NULL,NULL,NULL,NULL,NULL,NULL,NULL,NULL,NULL,NULL,NULL,13/12/2024 13:21
543,NULL,NULL,NULL,NULL,NULL,NULL,NULL,NULL,NULL,NULL,NULL,NULL,NULL,NULL,NULL,NULL,NULL,NULL,NULL,NULL,NULL,NULL,NULL,NULL,NULL,NULL,NULL,NULL,NULL,NULL,NULL,NULL,NULL,NULL,NULL,NULL,NULL,NULL,13/12/2024 13:21
544,NULL,NULL,NULL,NULL,NULL,NULL,NULL,NULL,NULL,NULL,NULL,NULL,NULL,NULL,NULL,NULL,NULL,NULL,NULL,NULL,NULL,NULL,NULL,NULL,NULL,NULL,NULL,NULL,NULL,NULL,NULL,NULL,NULL,NULL,NULL,NULL,NULL,NULL,13/12/2024 13:21
545,NULL,NULL,NULL,NULL,NULL,NULL,NULL,NULL,NULL,NULL,NULL,NULL,NULL,NULL,NULL,NULL,NULL,NULL,NULL,NULL,NULL,NULL,NULL,NULL,NULL,NULL,NULL,NULL,NULL,NULL,NULL,NULL,NULL,NULL,NULL,NULL,NULL,NULL,13/12/2024 13:21
546,NULL,NULL,NULL,NULL,NULL,NULL,NULL,NULL,NULL,NULL,NULL,NULL,NULL,NULL,NULL,NULL,NULL,NULL,NULL,NULL,NULL,NULL,NULL,NULL,NULL,NULL,NULL,NULL,NULL,NULL,NULL,NULL,NULL,NULL,NULL,NULL,NULL,NULL,13/12/2024 13:21
547,NULL,NULL,NULL,NULL,NULL,NULL,NULL,NULL,NULL,NULL,NULL,NULL,NULL,NULL,NULL,NULL,NULL,NULL,NULL,NULL,NULL,NULL,NULL,NULL,NULL,NULL,NULL,NULL,NULL,NULL,NULL,NULL,NULL,NULL,NULL,NULL,NULL,NULL,13/12/2024 13:21
548,NULL,NULL,NULL,NULL,NULL,NULL,NULL,NULL,NULL,NULL,NULL,NULL,NULL,NULL,NULL,NULL,NULL,NULL,NULL,NULL,NULL,NULL,NULL,NULL,NULL,NULL,NULL,NULL,NULL,NULL,NULL,NULL,NULL,NULL,NULL,NULL,NULL,NULL,13/12/2024 13:21
549,NULL,NULL,NULL,NULL,NULL,NULL,NULL,NULL,NULL,NULL,NULL,NULL,NULL,NULL,NULL,NULL,NULL,NULL,NULL,NULL,NULL,NULL,NULL,NULL,NULL,NULL,NULL,NULL,NULL,NULL,NULL,NULL,NULL,NULL,NULL,NULL,NULL,NULL,13/12/2024 13:21
550,NULL,NULL,NULL,NULL,NULL,NULL,NULL,NULL,NULL,NULL,NULL,NULL,NULL,NULL,NULL,NULL,NULL,NULL,NULL,NULL,NULL,NULL,NULL,NULL,NULL,NULL,NULL,NULL,NULL,NULL,NULL,NULL,NULL,NULL,NULL,NULL,NULL,NULL,13/12/2024 13:21
551,NULL,NULL,NULL,NULL,NULL,NULL,NULL,NULL,NULL,NULL,NULL,NULL,NULL,NULL,NULL,NULL,NULL,NULL,NULL,NULL,NULL,NULL,NULL,NULL,NULL,NULL,NULL,NULL,NULL,NULL,NULL,NULL,NULL,NULL,NULL,NULL,NULL,NULL,13/12/2024 13:21
552,NULL,NULL,NULL,NULL,NULL,NULL,NULL,NULL,NULL,NULL,NULL,NULL,NULL,NULL,NULL,NULL,NULL,NULL,NULL,NULL,NULL,NULL,NULL,NULL,NULL,NULL,NULL,NULL,NULL,NULL,NULL,NULL,NULL,NULL,NULL,NULL,NULL,NULL,13/12/2024 13:21
553,NULL,NULL,NULL,NULL,NULL,NULL,NULL,NULL,NULL,NULL,NULL,NULL,NULL,NULL,NULL,NULL,NULL,NULL,NULL,NULL,NULL,NULL,NULL,NULL,NULL,NULL,NULL,NULL,NULL,NULL,NULL,NULL,NULL,NULL,NULL,NULL,NULL,NULL,13/12/2024 13:21
554,NULL,NULL,NULL,NULL,NULL,NULL,NULL,NULL,NULL,NULL,NULL,NULL,NULL,NULL,NULL,NULL,NULL,NULL,NULL,NULL,NULL,NULL,NULL,NULL,NULL,NULL,NULL,NULL,NULL,NULL,NULL,NULL,NULL,NULL,NULL,NULL,NULL,NULL,13/12/2024 13:21
555,NULL,NULL,NULL,NULL,NULL,NULL,NULL,NULL,NULL,NULL,NULL,NULL,NULL,NULL,NULL,NULL,NULL,NULL,NULL,NULL,NULL,NULL,NULL,NULL,NULL,NULL,NULL,NULL,NULL,NULL,NULL,NULL,NULL,NULL,NULL,NULL,NULL,NULL,13/12/2024 13:21
556,NULL,NULL,NULL,NULL,NULL,NULL,NULL,NULL,NULL,NULL,NULL,NULL,NULL,NULL,NULL,NULL,NULL,NULL,NULL,NULL,NULL,NULL,NULL,NULL,NULL,NULL,NULL,NULL,NULL,NULL,NULL,NULL,NULL,NULL,NULL,NULL,NULL,NULL,13/12/2024 13:21
557,NULL,NULL,NULL,NULL,NULL,NULL,NULL,NULL,NULL,NULL,NULL,NULL,NULL,NULL,NULL,NULL,NULL,NULL,NULL,NULL,NULL,NULL,NULL,NULL,NULL,NULL,NULL,NULL,NULL,NULL,NULL,NULL,NULL,NULL,NULL,NULL,NULL,NULL,13/12/2024 13:21
558,NULL,NULL,NULL,NULL,NULL,NULL,NULL,NULL,NULL,NULL,NULL,NULL,NULL,NULL,NULL,NULL,NULL,NULL,NULL,NULL,NULL,NULL,NULL,NULL,NULL,NULL,NULL,NULL,NULL,NULL,NULL,NULL,NULL,NULL,NULL,NULL,NULL,NULL,13/12/2024 13:21
559,NULL,NULL,NULL,NULL,NULL,NULL,NULL,NULL,NULL,NULL,NULL,NULL,NULL,NULL,NULL,NULL,NULL,NULL,NULL,NULL,NULL,NULL,NULL,NULL,NULL,NULL,NULL,NULL,NULL,NULL,NULL,NULL,NULL,NULL,NULL,NULL,NULL,NULL,13/12/2024 13:21
560,NULL,NULL,NULL,NULL,NULL,NULL,NULL,NULL,NULL,NULL,NULL,NULL,NULL,NULL,NULL,NULL,NULL,NULL,NULL,NULL,NULL,NULL,NULL,NULL,NULL,NULL,NULL,NULL,NULL,NULL,NULL,NULL,NULL,NULL,NULL,NULL,NULL,NULL,13/12/2024 13:21
561,NULL,NULL,NULL,NULL,NULL,NULL,NULL,NULL,NULL,NULL,NULL,NULL,NULL,NULL,NULL,NULL,NULL,NULL,NULL,NULL,NULL,NULL,NULL,NULL,NULL,NULL,NULL,NULL,NULL,NULL,NULL,NULL,NULL,NULL,NULL,NULL,NULL,NULL,13/12/2024 13:21
562,NULL,NULL,NULL,NULL,NULL,NULL,NULL,NULL,NULL,NULL,NULL,NULL,NULL,NULL,NULL,NULL,NULL,NULL,NULL,NULL,NULL,NULL,NULL,NULL,NULL,NULL,NULL,NULL,NULL,NULL,NULL,NULL,NULL,NULL,NULL,NULL,NULL,NULL,13/12/2024 13:21
563,NULL,NULL,NULL,NULL,NULL,NULL,NULL,NULL,NULL,NULL,NULL,NULL,NULL,NULL,NULL,NULL,NULL,NULL,NULL,NULL,NULL,NULL,NULL,NULL,NULL,NULL,NULL,NULL,NULL,NULL,NULL,NULL,NULL,NULL,NULL,NULL,NULL,NULL,13/12/2024 13:21
564,NULL,NULL,NULL,NULL,NULL,NULL,NULL,NULL,NULL,NULL,NULL,NULL,NULL,NULL,NULL,NULL,NULL,NULL,NULL,NULL,NULL,NULL,NULL,NULL,NULL,NULL,NULL,NULL,NULL,NULL,NULL,NULL,NULL,NULL,NULL,NULL,NULL,NULL,13/12/2024 13:21
565,NULL,NULL,NULL,NULL,NULL,NULL,NULL,NULL,NULL,NULL,NULL,NULL,NULL,NULL,NULL,NULL,NULL,NULL,NULL,NULL,NULL,NULL,NULL,NULL,NULL,NULL,NULL,NULL,NULL,NULL,NULL,NULL,NULL,NULL,NULL,NULL,NULL,NULL,13/12/2024 13:21
566,NULL,NULL,NULL,NULL,NULL,NULL,NULL,NULL,NULL,NULL,NULL,NULL,NULL,NULL,NULL,NULL,NULL,NULL,NULL,NULL,NULL,NULL,NULL,NULL,NULL,NULL,NULL,NULL,NULL,NULL,NULL,NULL,NULL,NULL,NULL,NULL,NULL,NULL,13/12/2024 13:21
567,NULL,NULL,NULL,NULL,NULL,NULL,NULL,NULL,NULL,NULL,NULL,NULL,NULL,NULL,NULL,NULL,NULL,NULL,NULL,NULL,NULL,NULL,NULL,NULL,NULL,NULL,NULL,NULL,NULL,NULL,NULL,NULL,NULL,NULL,NULL,NULL,NULL,NULL,13/12/2024 13:21
568,NULL,NULL,NULL,NULL,NULL,NULL,NULL,NULL,NULL,NULL,NULL,NULL,NULL,NULL,NULL,NULL,NULL,NULL,NULL,NULL,NULL,NULL,NULL,NULL,NULL,NULL,NULL,NULL,NULL,NULL,NULL,NULL,NULL,NULL,NULL,NULL,NULL,NULL,13/12/2024 13:21
569,NULL,NULL,NULL,NULL,NULL,NULL,NULL,NULL,NULL,NULL,NULL,NULL,NULL,NULL,NULL,NULL,NULL,NULL,NULL,NULL,NULL,NULL,NULL,NULL,NULL,NULL,NULL,NULL,NULL,NULL,NULL,NULL,NULL,NULL,NULL,NULL,NULL,NULL,13/12/2024 13:21
570,NULL,NULL,NULL,NULL,NULL,NULL,NULL,NULL,NULL,NULL,NULL,NULL,NULL,NULL,NULL,NULL,NULL,NULL,NULL,NULL,NULL,NULL,NULL,NULL,NULL,NULL,NULL,NULL,NULL,NULL,NULL,NULL,NULL,NULL,NULL,NULL,NULL,NULL,13/12/2024 13:21
571,NULL,NULL,NULL,NULL,NULL,NULL,NULL,NULL,NULL,NULL,NULL,NULL,NULL,NULL,NULL,NULL,NULL,NULL,NULL,NULL,NULL,NULL,NULL,NULL,NULL,NULL,NULL,NULL,NULL,NULL,NULL,NULL,NULL,NULL,NULL,NULL,NULL,NULL,13/12/2024 13:21
572,NULL,NULL,NULL,NULL,NULL,NULL,NULL,NULL,NULL,NULL,NULL,NULL,NULL,NULL,NULL,NULL,NULL,NULL,NULL,NULL,NULL,NULL,NULL,NULL,NULL,NULL,NULL,NULL,NULL,NULL,NULL,NULL,NULL,NULL,NULL,NULL,NULL,NULL,13/12/2024 13:21
573,NULL,NULL,NULL,NULL,NULL,NULL,NULL,NULL,NULL,NULL,NULL,NULL,NULL,NULL,NULL,NULL,NULL,NULL,NULL,NULL,NULL,NULL,NULL,NULL,NULL,NULL,NULL,NULL,NULL,NULL,NULL,NULL,NULL,NULL,NULL,NULL,NULL,NULL,13/12/2024 13:21
574,NULL,NULL,NULL,NULL,NULL,NULL,NULL,NULL,NULL,NULL,NULL,NULL,NULL,NULL,NULL,NULL,NULL,NULL,NULL,NULL,NULL,NULL,NULL,NULL,NULL,NULL,NULL,NULL,NULL,NULL,NULL,NULL,NULL,NULL,NULL,NULL,NULL,NULL,13/12/2024 13:21
575,NULL,NULL,NULL,NULL,NULL,NULL,NULL,NULL,NULL,NULL,NULL,NULL,NULL,NULL,NULL,NULL,NULL,NULL,NULL,NULL,NULL,NULL,NULL,NULL,NULL,NULL,NULL,NULL,NULL,NULL,NULL,NULL,NULL,NULL,NULL,NULL,NULL,NULL,13/12/2024 13:21
576,NULL,NULL,NULL,NULL,NULL,NULL,NULL,NULL,NULL,NULL,NULL,NULL,NULL,NULL,NULL,NULL,NULL,NULL,NULL,NULL,NULL,NULL,NULL,NULL,NULL,NULL,NULL,NULL,NULL,NULL,NULL,NULL,NULL,NULL,NULL,NULL,NULL,NULL,13/12/2024 13:21
577,NULL,NULL,NULL,NULL,NULL,NULL,NULL,NULL,NULL,NULL,NULL,NULL,NULL,NULL,NULL,NULL,NULL,NULL,NULL,NULL,NULL,NULL,NULL,NULL,NULL,NULL,NULL,NULL,NULL,NULL,NULL,NULL,NULL,NULL,NULL,NULL,NULL,NULL,13/12/2024 13:21
578,NULL,NULL,NULL,NULL,NULL,NULL,NULL,NULL,NULL,NULL,NULL,NULL,NULL,NULL,NULL,NULL,NULL,NULL,NULL,NULL,NULL,NULL,NULL,NULL,NULL,NULL,NULL,NULL,NULL,NULL,NULL,NULL,NULL,NULL,NULL,NULL,NULL,NULL,13/12/2024 13:21
579,NULL,NULL,NULL,NULL,NULL,NULL,NULL,NULL,NULL,NULL,NULL,NULL,NULL,NULL,NULL,NULL,NULL,NULL,NULL,NULL,NULL,NULL,NULL,NULL,NULL,NULL,NULL,NULL,NULL,NULL,NULL,NULL,NULL,NULL,NULL,NULL,NULL,NULL,13/12/2024 13:21
580,NULL,NULL,NULL,NULL,NULL,NULL,NULL,NULL,NULL,NULL,NULL,NULL,NULL,NULL,NULL,NULL,NULL,NULL,NULL,NULL,NULL,NULL,NULL,NULL,NULL,NULL,NULL,NULL,NULL,NULL,NULL,NULL,NULL,NULL,NULL,NULL,NULL,NULL,13/12/2024 13:21
581,NULL,NULL,NULL,NULL,NULL,NULL,NULL,NULL,NULL,NULL,NULL,NULL,NULL,NULL,NULL,NULL,NULL,NULL,NULL,NULL,NULL,NULL,NULL,NULL,NULL,NULL,NULL,NULL,NULL,NULL,NULL,NULL,NULL,NULL,NULL,NULL,NULL,NULL,13/12/2024 13:21
582,NULL,NULL,NULL,NULL,NULL,NULL,NULL,NULL,NULL,NULL,NULL,NULL,NULL,NULL,NULL,NULL,NULL,NULL,NULL,NULL,NULL,NULL,NULL,NULL,NULL,NULL,NULL,NULL,NULL,NULL,NULL,NULL,NULL,NULL,NULL,NULL,NULL,NULL,13/12/2024 13:21
583,NULL,NULL,NULL,NULL,NULL,NULL,NULL,NULL,NULL,NULL,NULL,NULL,NULL,NULL,NULL,NULL,NULL,NULL,NULL,NULL,NULL,NULL,NULL,NULL,NULL,NULL,NULL,NULL,NULL,NULL,NULL,NULL,NULL,NULL,NULL,NULL,NULL,NULL,13/12/2024 13:21
584,NULL,NULL,NULL,NULL,NULL,NULL,NULL,NULL,NULL,NULL,NULL,NULL,NULL,NULL,NULL,NULL,NULL,NULL,NULL,NULL,NULL,NULL,NULL,NULL,NULL,NULL,NULL,NULL,NULL,NULL,NULL,NULL,NULL,NULL,NULL,NULL,NULL,NULL,13/12/2024 13:21
585,NULL,NULL,NULL,NULL,NULL,NULL,NULL,NULL,NULL,NULL,NULL,NULL,NULL,NULL,NULL,NULL,NULL,NULL,NULL,NULL,NULL,NULL,NULL,NULL,NULL,NULL,NULL,NULL,NULL,NULL,NULL,NULL,NULL,NULL,NULL,NULL,NULL,NULL,13/12/2024 13:21
586,NULL,NULL,NULL,NULL,NULL,NULL,NULL,NULL,NULL,NULL,NULL,NULL,NULL,NULL,NULL,NULL,NULL,NULL,NULL,NULL,NULL,NULL,NULL,NULL,NULL,NULL,NULL,NULL,NULL,NULL,NULL,NULL,NULL,NULL,NULL,NULL,NULL,NULL,13/12/2024 13:21
587,NULL,NULL,NULL,NULL,NULL,NULL,NULL,NULL,NULL,NULL,NULL,NULL,NULL,NULL,NULL,NULL,NULL,NULL,NULL,NULL,NULL,NULL,NULL,NULL,NULL,NULL,NULL,NULL,NULL,NULL,NULL,NULL,NULL,NULL,NULL,NULL,NULL,NULL,13/12/2024 13:21
588,NULL,NULL,NULL,NULL,NULL,NULL,NULL,NULL,NULL,NULL,NULL,NULL,NULL,NULL,NULL,NULL,NULL,NULL,NULL,NULL,NULL,NULL,NULL,NULL,NULL,NULL,NULL,NULL,NULL,NULL,NULL,NULL,NULL,NULL,NULL,NULL,NULL,NULL,13/12/2024 13:21
589,NULL,NULL,NULL,NULL,NULL,NULL,NULL,NULL,NULL,NULL,NULL,NULL,NULL,NULL,NULL,NULL,NULL,NULL,NULL,NULL,NULL,NULL,NULL,NULL,NULL,NULL,NULL,NULL,NULL,NULL,NULL,NULL,NULL,NULL,NULL,NULL,NULL,NULL,13/12/2024 13:22
590,NULL,NULL,NULL,NULL,NULL,NULL,NULL,NULL,NULL,NULL,NULL,NULL,NULL,NULL,NULL,NULL,NULL,NULL,NULL,NULL,NULL,NULL,NULL,NULL,NULL,NULL,NULL,NULL,NULL,NULL,NULL,NULL,NULL,NULL,NULL,NULL,NULL,NULL,13/12/2024 13:22
591,NULL,NULL,NULL,NULL,NULL,NULL,NULL,NULL,NULL,NULL,NULL,NULL,NULL,NULL,NULL,NULL,NULL,NULL,NULL,NULL,NULL,NULL,NULL,NULL,NULL,NULL,NULL,NULL,NULL,NULL,NULL,NULL,NULL,NULL,NULL,NULL,NULL,NULL,13/12/2024 13:22
592,NULL,NULL,NULL,NULL,NULL,NULL,NULL,NULL,NULL,NULL,NULL,NULL,NULL,NULL,NULL,NULL,NULL,NULL,NULL,NULL,NULL,NULL,NULL,NULL,NULL,NULL,NULL,NULL,NULL,NULL,NULL,NULL,NULL,NULL,NULL,NULL,NULL,NULL,13/12/2024 13:22
593,NULL,NULL,NULL,NULL,NULL,NULL,NULL,NULL,NULL,NULL,NULL,NULL,NULL,NULL,NULL,NULL,NULL,NULL,NULL,NULL,NULL,NULL,NULL,NULL,NULL,NULL,NULL,NULL,NULL,NULL,NULL,NULL,NULL,NULL,NULL,NULL,NULL,NULL,13/12/2024 13:22
594,NULL,NULL,NULL,NULL,NULL,NULL,NULL,NULL,NULL,NULL,NULL,NULL,NULL,NULL,NULL,NULL,NULL,NULL,NULL,NULL,NULL,NULL,NULL,NULL,NULL,NULL,NULL,NULL,NULL,NULL,NULL,NULL,NULL,NULL,NULL,NULL,NULL,NULL,13/12/2024 13:22
595,NULL,NULL,NULL,NULL,NULL,NULL,NULL,NULL,NULL,NULL,NULL,NULL,NULL,NULL,NULL,NULL,NULL,NULL,NULL,NULL,NULL,NULL,NULL,NULL,NULL,NULL,NULL,NULL,NULL,NULL,NULL,NULL,NULL,NULL,NULL,NULL,NULL,NULL,13/12/2024 13:22
596,NULL,NULL,NULL,NULL,NULL,NULL,NULL,NULL,NULL,NULL,NULL,NULL,NULL,NULL,NULL,NULL,NULL,NULL,NULL,NULL,NULL,NULL,NULL,NULL,NULL,NULL,NULL,NULL,NULL,NULL,NULL,NULL,NULL,NULL,NULL,NULL,NULL,NULL,13/12/2024 13:22
597,0,11.8515,24.0524,854.613,808.229,26,26,25,26,26,25,0,0.0301,864.338,8171.31,8171.31,808.229,3277,30,3276.7,28.8,28.8,30,30,118.515,0.0305,721.196,864.338,27,3276,0,25,24,24,0,3276.7,0,80,13/12/2024 13:22
598,0,11.8515,24.0451,854.613,808.229,26,26,25,26,26,25,0,0.0301,864.089,8171.31,8171.31,808.229,3277,30,3276.7,28.8,28.8,30,30,118.515,0.0308,725.186,864.089,27,3276,0,25,24,24,0,3276.7,0,80,13/12/2024 13:22
599,0,11.8515,24.056,854.613,808.229,26,26,25,26,26,25,0,0.0301,864.588,8171.31,8171.31,808.229,3277,30,3276.7,28.8,28.8,30,30,118.515,0.031,721.446,864.588,27,3276,0,25,24,24,0,3276.7,0,80,13/12/2024 13:22
600,0,11.8515,24.0379,854.114,807.481,26,26,25,26,26,25,0,0.0301,864.588,8171.31,8171.31,807.481,3277,30,3276.7,28.8,28.8,30,30,118.515,0.0303,727.68,864.588,27,3276,0,25,24,24,0,3276.7,0,80,13/12/2024 13:22
601,0,11.8515,24.0415,854.363,807.979,26,26,25,26,26,25,0,0.0301,864.089,8171.31,8171.31,807.979,3277,30,3276.7,28.8,28.8,30,30,118.515,0.0307,722.693,864.089,27,3276,0,25,24,24,0,3276.7,0,80,13/12/2024 13:22
602,0,11.8515,24.0451,854.613,808.229,26,26,25,26,26,25,0,0.0301,863.091,8171.31,8171.31,808.229,3277,30,3276.7,28.8,28.8,30,30,118.515,0.0307,737.406,863.091,27,3276,0,25,24,24,0,3276.7,0,80,13/12/2024 13:22
603,0,11.8515,24.0451,854.613,807.231,26,26,25,26,26,25,0,0.0301,859.85,8171.31,8171.31,807.231,3277,30,3276.7,28.8,28.8,30,30,118.515,0.0307,737.655,859.85,27,3276,0,25,24,24,0,3276.7,0,80,13/12/2024 13:22
604,0,11.8515,24.0451,854.613,807.979,26,26,25,26,26,25,0,0.0301,860.598,8171.31,8171.31,807.979,3277,30,3276.7,28.8,28.8,30,30,118.515,0.0307,742.643,860.598,27,3276,0,25,24,24,0,3276.7,0,80,13/12/2024 13:22
605,0,11.8515,24.0379,854.862,807.979,26,26,25,26,26,25,0,0.0301,860.348,8171.31,8171.31,807.979,3277,30,3276.7,28.8,28.8,30,30,118.515,0.0307,742.643,860.348,27,3276,0,25,24,24,0,3276.7,0,80,13/12/2024 13:22
606,0,11.8515,24.0379,854.613,807.481,26,26,25,26,26,25,0,0.0301,860.348,8171.31,8171.31,807.481,3277,30,3276.7,28.8,28.8,30,30,118.515,0.0391,741.146,860.348,27,3276,0,25,24,24,0,3276.7,0,80,13/12/2024 13:22
607,0,11.8515,24.0451,854.613,807.481,26,26,25,26,26,25,0,0.0301,860.348,8171.31,8171.31,807.481,3277,30,3276.7,28.8,28.8,30,30,118.515,0.031,744.887,860.348,27,3276,0,25,24,24,0,3276.7,0,80,13/12/2024 13:22
608,0,11.8515,24.0379,854.363,808.229,26,26,25,26,26,25,0,0.0301,860.847,8171.31,8171.31,808.229,3277,30,3276.7,28.8,28.8,30,30,118.515,0.031,740.149,860.847,27,3276,0,25,24,24,0,3276.7,0,80,13/12/2024 13:22
609,0,11.8515,24.056,854.613,807.979,26,26,25,26,26,25,0,0.0301,861.845,8171.31,8171.31,807.979,3277,30,3276.7,28.8,28.8,30,30,118.515,0.0308,745.136,861.845,27,3276,0,25,24,24,0,3276.7,0,80,13/12/2024 13:22
610,0,11.8515,24.0379,854.613,807.481,26,26,25,26,26,25,0,0.0301,862.094,8171.31,8171.31,807.481,3277,30,3276.7,28.8,28.8,30,30,118.515,0.0303,742.144,862.094,27,3276,0,25,24,24,0,3276.7,0,80,13/12/2024 13:22
611,0,11.8515,24.0415,854.613,807.481,26,26,25,26,26,25,0,0.0301,861.096,8171.31,8171.31,807.481,3277,30,3276.7,28.8,28.8,30,30,118.515,0.0311,745.635,861.096,27,3276,0,25,24,24,0,3276.7,0,80,13/12/2024 13:22
612,0,11.8515,24.0379,854.613,807.979,26,26,25,26,26,25,0,0.0301,862.094,8171.31,8171.31,807.979,3277,30,3276.7,28.8,28.8,30,30,118.515,0.0309,743.64,862.094,27,3276,0,25,24,24,0,3276.7,0,80,13/12/2024 13:22
613,0,11.8515,24.0415,854.613,807.481,26,26,25,26,26,25,0,0.0301,861.595,8171.31,8171.31,807.481,3277,30,3276.7,28.9,28.9,30,30,118.515,0.0309,743.391,861.595,27,3276,0,25,24,24,0,3276.7,0,80,13/12/2024 13:22
614,0,11.8515,24.0379,854.613,808.229,26,26,25,26,26,25,0,0.0301,860.598,8171.31,8171.31,808.229,3277,30,3276.7,28.8,28.8,30,30,118.515,0.0305,747.131,860.598,27,3276,0,25,24,24,0,3276.7,0,80,13/12/2024 13:22
615,0,11.8515,24.1464,854.363,807.979,26,26,25,26,26,25,0,0.0301,859.85,8171.31,8171.31,807.979,3277,30,3276.7,28.8,28.8,30,30,118.515,0.0305,744.638,859.85,27,3276,0,25,24,24,0,3276.7,0,80,13/12/2024 13:22
616,0,11.8515,24.1464,854.613,808.229,26,26,25,26,26,25,0,0.0301,859.85,8171.31,8171.31,808.229,3277,30,3276.7,28.8,28.8,30,30,118.515,0.0379,748.378,859.85,27,3276,0,25,24,24,0,3276.7,0,80,13/12/2024 13:22
617,0,11.8515,24.0632,854.613,808.478,26,26,25,26,26,25,0,0.0301,860.847,8171.31,8171.31,808.478,3277,30,3276.7,28.9,28.9,30,30,118.515,0.0458,745.136,860.847,27,3276,0,25,24,24,0,3276.7,0,80,13/12/2024 13:22
618,0,11.8515,24.0451,854.613,808.229,26,26,25,26,26,25,0,0.0304,861.096,8171.31,8171.31,808.229,3277,30,3276.7,28.9,28.9,30,30,118.515,0.0458,746.882,861.096,27,3276,0,25,24,24,0,3276.7,0,80,13/12/2024 13:22
619,0,11.8515,24.0451,854.613,808.229,26,26,25,26,26,25,0,0.0304,861.845,8171.31,8171.31,808.229,3277,30,3276.7,28.9,28.9,30,30,118.515,0.0452,749.376,861.845,27,3276,0,25,24,24,0,3276.7,0,80,13/12/2024 13:22
620,0,11.8515,24.0379,855.361,807.481,26,26,25,26,26,25,0,0.0304,861.595,8171.31,8171.31,807.481,3277,30,3276.7,28.9,28.9,30,30,118.515,0.0452,744.887,861.595,27,3276,0,25,24,24,0,3276.7,0,80,13/12/2024 13:22
621,0,11.8515,24.0415,854.613,807.979,26,26,25,26,26,25,0,0.0304,861.595,8171.31,8171.31,807.979,3277,30,3276.7,28.9,28.9,30,30,118.515,0.046,749.875,861.595,27,3276,0,25,24,24,0,3276.7,0,80,13/12/2024 13:22
622,0,11.8515,24.0415,854.862,807.481,26,26,25,26,26,25,0,0.0304,860.598,8171.31,8171.31,807.481,3277,30,3276.7,28.9,28.9,30,30,118.515,0.0462,747.381,860.598,27,3276,0,25,24,24,0,3276.7,0,80,13/12/2024 13:22
623,0,11.8515,24.0451,854.613,807.979,26,26,25,26,26,25,0,0.0304,860.348,8171.31,8171.31,807.979,3277,30,3276.7,28.9,28.9,30,30,118.515,0.0466,746.134,860.348,27,3276,0,25,24,24,0,3276.7,0,80,13/12/2024 13:22
624,0,11.8515,24.0379,854.613,807.979,26,26,25,26,26,25,0,0.0304,859.85,8171.31,8171.31,807.979,3277,30,3276.7,28.9,28.9,30,30,118.515,0.0468,749.875,859.85,27,3276,0,25,24,24,0,3276.7,0,80,13/12/2024 13:22
625,0,11.8515,24.0451,854.613,807.481,26,26,25,26,26,25,0,0.0304,859.85,8171.31,8171.31,807.481,3277,30,3276.7,28.9,28.9,30,30,118.515,0.0318,745.635,859.85,27,3276,0,25,24,24,0,3276.7,0,80,13/12/2024 13:22
626,0,11.8515,24.0415,854.613,807.481,26,26,25,26,26,25,0,0.0304,861.096,8171.31,8171.31,807.481,3277,30,3276.7,28.9,28.9,30,30,118.515,0.0318,748.378,861.096,27,3276,0,25,24,24,0,3276.7,0,80,13/12/2024 13:22
627,0,11.8515,24.1464,854.363,807.481,26,26,25,26,26,25,0,0.0304,861.096,8171.31,8171.31,807.481,3277,30,3276.7,28.9,28.9,30,30,118.515,0.0313,747.63,861.096,27,3276,0,25,24,24,0,3276.7,0,80,13/12/2024 13:22
628,0,11.8515,24.1428,854.613,807.979,26,26,25,26,26,25,0,0.0304,861.595,8171.31,8171.31,807.979,3277,30,3276.7,28.9,28.9,30,30,118.515,0.0318,746.134,861.595,27,3276,0,25,24,24,0,3276.7,0,80,13/12/2024 13:22
629,0,11.8515,24.0415,854.862,807.481,26,26,25,26,26,25,0,0.0304,860.847,8171.31,8171.31,807.481,3277,30,3276.7,28.9,28.9,30,30,118.515,0.0318,750.124,860.847,27,3276,0,25,24,24,0,3276.7,0,80,13/12/2024 13:22
630,0,11.8515,24.0415,855.361,807.979,26,26,25,26,26,25,0,0.0304,859.6,8171.31,8171.31,807.979,3277,30,3276.7,28.9,28.9,30,30,118.515,0.0318,747.63,859.6,27,3276,0,25,24,24,0,3276.7,0,80,13/12/2024 13:22
631,0,11.8515,24.0379,854.862,807.979,26,26,25,26,26,25,0,0.0304,859.6,8171.31,8171.31,807.979,3277,30,3276.7,28.9,28.9,30,30,118.515,0.0317,748.129,859.6,27,3276,0,25,24,24,0,3276.7,0,80,13/12/2024 13:22
632,0,11.8515,24.0415,854.613,807.979,26,26,25,26,26,25,0,0.0304,859.6,8171.31,8171.31,807.979,3277,30,3276.7,28.9,28.9,30,30,118.515,0.0314,751.122,859.6,27,3276,0,25,24,24,0,3276.7,0,80,13/12/2024 13:22
633,0,11.8515,24.0379,854.613,807.481,26,26,25,26,26,25,0,0.0304,860.348,8171.31,8171.31,807.481,3277,30,3276.7,28.9,28.9,30,30,118.515,0.0315,745.885,860.348,27,3276,0,25,24,24,0,3276.7,0,80,13/12/2024 13:22
634,0,11.8515,24.0451,854.613,807.481,26,26,25,26,26,25,0,0.0304,860.847,8171.31,8171.31,807.481,3277,30,3276.7,28.9,28.9,30,30,118.515,0.0315,750.623,860.847,27,3276,0,25,24,24,0,3276.7,0,80,13/12/2024 13:22
635,0,11.8515,24.0415,854.613,807.979,26,26,25,26,26,25,0,0.0304,861.096,8171.31,8171.31,807.979,3277,30,3276.7,28.9,28.9,30,30,118.515,0.0315,748.378,861.096,27,3276,0,25,24,24,0,3276.7,0,80,13/12/2024 13:22
636,0,11.8515,24.0415,854.862,808.229,26,26,25,26,26,25,0,0.0304,860.847,8171.31,8171.31,808.229,3277,30,3276.7,28.9,28.9,30,30,118.515,0.0315,748.628,860.847,27,3276,0,25,24,24,0,3276.7,0,80,13/12/2024 13:22
637,0,11.8515,24.0379,854.613,807.979,26,26,25,26,26,25,0,0.0304,859.85,8171.31,8171.31,807.979,3277,30,3276.7,28.9,28.9,30,30,118.515,0.0419,753.366,859.85,27,3276,0,25,24,24,0,3276.7,0,80,13/12/2024 13:22
638,0,11.8515,24.0379,854.613,807.979,26,26,25,26,26,25,0,0.0304,859.351,8171.31,8171.31,807.979,3277,30,3276.7,28.9,28.9,30,30,118.515,0.0456,747.63,859.351,27,3276,0,25,24,24,0,3276.7,0,80,13/12/2024 13:22
639,0,11.8515,24.0379,854.613,807.481,26,26,25,26,26,25,0,0.0304,859.6,8171.31,8171.31,807.481,3277,30,3276.7,28.9,28.9,30,30,118.515,0.0456,750.623,859.6,27,3276,0,25,24,24,0,3276.7,0,80,13/12/2024 13:22
640,0,11.8515,24.0451,854.862,807.481,26,26,25,26,26,25,0,0.0304,859.351,8171.31,8171.31,807.481,3277,30,3276.7,28.9,28.9,30,30,118.515,0.0452,747.381,859.351,27,3276,0,25,24,24,0,3276.7,0,80,13/12/2024 13:22
641,0,11.8515,24.0415,854.613,808.478,26,26,25,26,26,25,0,0.0304,860.348,8171.31,8171.31,808.478,3277,30,3276.7,28.9,28.9,30,30,118.515,0.0452,750.124,860.348,27,3276,0,25,24,24,0,3276.7,0,80,13/12/2024 13:22
642,0,11.8515,24.0343,854.613,807.979,26,26,25,26,26,25,0,0.0304,860.598,8171.31,8171.31,807.979,3277,30,3276.7,28.9,28.9,30,30,118.515,0.0452,750.124,860.598,27,3276,0,25,24,24,0,3276.7,0,80,13/12/2024 13:22
643,0,11.8515,24.0343,854.613,809.226,26,26,25,26,26,25,0,0.0304,861.096,8171.31,8171.31,809.226,3277,30,3276.7,28.9,28.9,30,30,118.515,0.0456,747.63,861.096,27,3276,0,25,24,24,0,3276.7,0,80,13/12/2024 13:22
644,0,11.8515,24.0379,854.363,807.481,26,26,25,26,26,25,0,0.0304,860.348,8171.31,8171.31,807.481,3277,30,3276.7,28.9,28.9,30,30,118.515,0.0456,751.371,860.348,27,3276,0,25,24,24,0,3276.7,0,80,13/12/2024 13:22
645,0,11.8515,24.1464,854.363,807.481,26,26,25,26,26,25,0,0.0304,861.096,8171.31,8171.31,807.481,3277,30,3276.7,28.9,28.9,30,30,118.515,0.0458,747.381,861.096,27,3276,0,25,24,24,0,3276.7,0,80,13/12/2024 13:22
646,0,11.8515,24.1464,854.613,807.481,26,26,25,26,26,25,0,0.0304,859.85,8171.31,8171.31,807.481,3277,30,3276.7,28.9,28.9,30,30,118.515,0.0305,751.122,859.85,27,3276,0,25,24,24,0,3276.7,0,80,13/12/2024 13:22
647,0,11.8515,24.0415,854.363,807.481,26,26,25,26,26,25,0,0.0304,859.85,8171.31,8171.31,807.481,3277,30,3276.7,28.9,28.9,30,30,118.515,0.0308,748.628,859.85,27,3276,0,25,24,24,0,3276.7,0,80,13/12/2024 13:22
648,0,11.8515,24.0524,854.613,807.979,26,26,25,26,26,25,0,0.03,859.85,8171.31,8171.31,807.979,3277,30,3276.7,28.9,28.9,30,30,118.515,0.0313,750.623,859.85,27,3276,0,25,24,24,0,3276.7,0,80,13/12/2024 13:22
649,0,11.8515,24.0524,854.613,807.481,26,26,25,26,26,25,0,0.0302,859.6,8171.31,8171.31,807.481,3277,30,3276.7,28.9,28.9,30,30,118.515,0.0308,751.122,859.6,27,3276,0,25,24,24,0,3276.7,0,80,13/12/2024 13:23
650,0,11.8515,24.0415,854.114,807.481,26,26,25,26,26,25,0,0.0302,859.6,8171.31,8171.31,807.481,3277,30,3276.7,28.9,28.9,30,30,118.515,0.0308,747.63,859.6,27,3276,0,25,24,24,0,3276.7,0,80,13/12/2024 13:23
651,0,11.8515,24.0415,854.114,807.481,26,26,25,26,26,25,0,0.0302,859.6,8171.31,8171.31,807.481,3277,30,3276.7,28.9,28.9,30,30,118.515,0.0308,747.63,859.6,27,3276,0,25,24,24,0,3276.7,0,80,13/12/2024 13:23
652,0,11.8515,24.0415,854.114,807.481,26,26,25,26,26,25,0,0.0302,859.6,8171.31,8171.31,807.481,3277,30,3276.7,28.9,28.9,30,30,118.515,0.0308,747.63,859.6,27,3276,0,25,24,24,0,3276.7,0,80,13/12/2024 13:23
653,0,11.8515,24.0415,854.114,807.481,26,26,25,26,26,25,0,0.0302,859.6,8171.31,8171.31,807.481,3277,30,3276.7,28.9,28.9,30,30,118.515,0.0308,747.63,859.6,27,3276,0,25,24,24,0,3276.7,0,80,13/12/2024 13:23
654,0,11.8515,24.0415,854.114,807.481,26,26,25,26,26,25,0,0.0302,859.6,8171.31,8171.31,807.481,3277,30,3276.7,28.9,28.9,30,30,118.515,0.0308,747.63,859.6,27,3276,0,25,24,24,0,3276.7,0,80,13/12/2024 13:23
655,0,11.8515,24.0415,854.114,807.481,26,26,25,26,26,25,0,0.0302,859.6,8171.31,8171.31,807.481,3277,30,3276.7,28.9,28.9,30,30,118.515,0.0308,747.63,859.6,27,3276,0,25,24,24,0,3276.7,0,80,13/12/2024 13:23
656,0,11.8515,24.0415,854.114,807.481,26,26,25,26,26,25,0,0.0302,859.6,8171.31,8171.31,807.481,3277,30,3276.7,28.9,28.9,30,30,118.515,0.0308,747.63,859.6,27,3276,0,25,24,24,0,3276.7,0,80,13/12/2024 13:23
657,0,11.8515,24.0415,854.114,807.481,26,26,25,26,26,25,0,0.0302,859.6,8171.31,8171.31,807.481,3277,30,3276.7,28.9,28.9,30,30,118.515,0.0308,747.63,859.6,27,3276,0,25,24,24,0,3276.7,0,80,13/12/2024 13:23
658,0,11.8515,24.0415,854.114,807.481,26,26,25,26,26,25,0,0.0302,859.6,8171.31,8171.31,807.481,3277,30,3276.7,28.9,28.9,30,30,118.515,0.0308,747.63,859.6,27,3276,0,25,24,24,0,3276.7,0,80,13/12/2024 13:23
659,0,11.8515,24.0415,854.114,807.481,26,26,25,26,26,25,0,0.0302,859.6,8171.31,8171.31,807.481,3277,30,3276.7,28.9,28.9,30,30,118.515,0.0308,747.63,859.6,27,3276,0,25,24,24,0,3276.7,0,80,13/12/2024 13:23
660,0,11.8515,24.0415,854.114,807.481,26,26,25,26,26,25,0,0.0302,859.6,8171.31,8171.31,807.481,3277,30,3276.7,28.9,28.9,30,30,118.515,0.0308,747.63,859.6,27,3276,0,25,24,24,0,3276.7,0,80,13/12/2024 13:23
661,0,11.8515,24.0415,854.114,807.481,26,26,25,26,26,25,0,0.0302,859.6,8171.31,8171.31,807.481,3277,30,3276.7,28.9,28.9,30,30,118.515,0.0308,747.63,859.6,27,3276,0,25,24,24,0,3276.7,0,80,13/12/2024 13:23
662,0,11.8515,24.0415,854.114,807.481,26,26,25,26,26,25,0,0.0302,859.6,8171.31,8171.31,807.481,3277,30,3276.7,28.9,28.9,30,30,118.515,0.0308,747.63,859.6,27,3276,0,25,24,24,0,3276.7,0,80,13/12/2024 13:23
663,0,11.8515,24.0415,854.114,807.481,26,26,25,26,26,25,0,0.0302,859.6,8171.31,8171.31,807.481,3277,30,3276.7,28.9,28.9,30,30,118.515,0.0308,747.63,859.6,27,3276,0,25,24,24,0,3276.7,0,80,13/12/2024 13:23
664,0,11.8515,24.0415,854.114,807.481,26,26,25,26,26,25,0,0.0302,859.6,8171.31,8171.31,807.481,3277,30,3276.7,28.9,28.9,30,30,118.515,0.0308,747.63,859.6,27,3276,0,25,24,24,0,3276.7,0,80,13/12/2024 13:23
665,0,11.8515,24.0415,854.114,807.481,26,26,25,26,26,25,0,0.0302,859.6,8171.31,8171.31,807.481,3277,30,3276.7,28.9,28.9,30,30,118.515,0.0308,747.63,859.6,27,3276,0,25,24,24,0,3276.7,0,80,13/12/2024 13:23
666,0,11.8515,24.0415,854.114,807.481,26,26,25,26,26,25,0,0.0302,859.6,8171.31,8171.31,807.481,3277,30,3276.7,28.9,28.9,30,30,118.515,0.0308,747.63,859.6,27,3276,0,25,24,24,0,3276.7,0,80,13/12/2024 13:23
667,0,11.8515,24.0415,854.114,807.481,26,26,25,26,26,25,0,0.0302,859.6,8171.31,8171.31,807.481,3277,30,3276.7,28.9,28.9,30,30,118.515,0.0308,747.63,859.6,27,3276,0,25,24,24,0,3276.7,0,80,13/12/2024 13:23
668,0,11.8515,24.0415,854.114,807.481,26,26,25,26,26,25,0,0.0302,859.6,8171.31,8171.31,807.481,3277,30,3276.7,28.9,28.9,30,30,118.515,0.0308,747.63,859.6,27,3276,0,25,24,24,0,3276.7,0,80,13/12/2024 13:23
669,0,11.8515,24.0415,854.114,807.481,26,26,25,26,26,25,0,0.0302,859.6,8171.31,8171.31,807.481,3277,30,3276.7,28.9,28.9,30,30,118.515,0.0308,747.63,859.6,27,3276,0,25,24,24,0,3276.7,0,80,13/12/2024 13:23
670,0,11.8515,24.0415,854.114,807.481,26,26,25,26,26,25,0,0.0302,859.6,8171.31,8171.31,807.481,3277,30,3276.7,28.9,28.9,30,30,118.515,0.0308,747.63,859.6,27,3276,0,25,24,24,0,3276.7,0,80,13/12/2024 13:23
671,0,11.8515,24.0415,854.114,807.481,26,26,25,26,26,25,0,0.0302,859.6,8171.31,8171.31,807.481,3277,30,3276.7,28.9,28.9,30,30,118.515,0.0308,747.63,859.6,27,3276,0,25,24,24,0,3276.7,0,80,13/12/2024 13:23
672,0,11.8515,24.0415,854.114,807.481,26,26,25,26,26,25,0,0.0302,859.6,8171.31,8171.31,807.481,3277,30,3276.7,28.9,28.9,30,30,118.515,0.0308,747.63,859.6,27,3276,0,25,24,24,0,3276.7,0,80,13/12/2024 13:23
673,0,11.8515,24.0415,854.114,807.481,26,26,25,26,26,25,0,0.0302,859.6,8171.31,8171.31,807.481,3277,30,3276.7,28.9,28.9,30,30,118.515,0.0308,747.63,859.6,27,3276,0,25,24,24,0,3276.7,0,80,13/12/2024 13:23
674,0,11.8515,24.0415,854.114,807.481,26,26,25,26,26,25,0,0.0302,859.6,8171.31,8171.31,807.481,3277,30,3276.7,28.9,28.9,30,30,118.515,0.0308,747.63,859.6,27,3276,0,25,24,24,0,3276.7,0,80,13/12/2024 13:23
675,0,11.8515,24.0415,854.114,807.481,26,26,25,26,26,25,0,0.0302,859.6,8171.31,8171.31,807.481,3277,30,3276.7,28.9,28.9,30,30,118.515,0.0308,747.63,859.6,27,3276,0,25,24,24,0,3276.7,0,80,13/12/2024 13:23
676,0,11.8515,24.0415,854.114,807.481,26,26,25,26,26,25,0,0.0302,859.6,8171.31,8171.31,807.481,3277,30,3276.7,28.9,28.9,30,30,118.515,0.0308,747.63,859.6,27,3276,0,25,24,24,0,3276.7,0,80,13/12/2024 13:23
677,0,11.8515,24.0415,854.114,807.481,26,26,25,26,26,25,0,0.0302,859.6,8171.31,8171.31,807.481,3277,30,3276.7,28.9,28.9,30,30,118.515,0.0308,747.63,859.6,27,3276,0,25,24,24,0,3276.7,0,80,13/12/2024 13:23
678,0,11.8515,24.0415,854.114,807.481,26,26,25,26,26,25,0,0.0302,859.6,8171.31,8171.31,807.481,3277,30,3276.7,28.9,28.9,30,30,118.515,0.0308,747.63,859.6,27,3276,0,25,24,24,0,3276.7,0,80,13/12/2024 13:23
679,0,11.8515,24.0415,854.114,807.481,26,26,25,26,26,25,0,0.0302,859.6,8171.31,8171.31,807.481,3277,30,3276.7,28.9,28.9,30,30,118.515,0.0308,747.63,859.6,27,3276,0,25,24,24,0,3276.7,0,80,13/12/2024 13:23
680,0,11.8515,24.0415,854.114,807.481,26,26,25,26,26,25,0,0.0302,859.6,8171.31,8171.31,807.481,3277,30,3276.7,28.9,28.9,30,30,118.515,0.0308,747.63,859.6,27,3276,0,25,24,24,0,3276.7,0,80,13/12/2024 13:23
681,0,11.8515,24.0415,854.114,807.481,26,26,25,26,26,25,0,0.0302,859.6,8171.31,8171.31,807.481,3277,30,3276.7,28.9,28.9,30,30,118.515,0.0308,747.63,859.6,27,3276,0,25,24,24,0,3276.7,0,80,13/12/2024 13:23
682,0,11.8515,24.0415,854.114,807.481,26,26,25,26,26,25,0,0.0302,859.6,8171.31,8171.31,807.481,3277,30,3276.7,28.9,28.9,30,30,118.515,0.0308,747.63,859.6,27,3276,0,25,24,24,0,3276.7,0,80,13/12/2024 13:23
683,0,11.8515,24.0415,854.114,807.481,26,26,25,26,26,25,0,0.0302,859.6,8171.31,8171.31,807.481,3277,30,3276.7,28.9,28.9,30,30,118.515,0.0308,747.63,859.6,27,3276,0,25,24,24,0,3276.7,0,80,13/12/2024 13:23
684,0,11.8515,24.0415,854.114,807.481,26,26,25,26,26,25,0,0.0302,859.6,8171.31,8171.31,807.481,3277,30,3276.7,28.9,28.9,30,30,118.515,0.0308,747.63,859.6,27,3276,0,25,24,24,0,3276.7,0,80,13/12/2024 13:23
685,0,11.8515,24.0415,854.114,807.481,26,26,25,26,26,25,0,0.0302,859.6,8171.31,8171.31,807.481,3277,30,3276.7,28.9,28.9,30,30,118.515,0.0308,747.63,859.6,27,3276,0,25,24,24,0,3276.7,0,80,13/12/2024 13:23
686,0,11.8515,24.0415,854.114,807.481,26,26,25,26,26,25,0,0.0302,859.6,8171.31,8171.31,807.481,3277,30,3276.7,28.9,28.9,30,30,118.515,0.0308,747.63,859.6,27,3276,0,25,24,24,0,3276.7,0,80,13/12/2024 13:23
687,0,11.8515,24.0415,854.114,807.481,26,26,25,26,26,25,0,0.0302,859.6,8171.31,8171.31,807.481,3277,30,3276.7,28.9,28.9,30,30,118.515,0.0308,747.63,859.6,27,3276,0,25,24,24,0,3276.7,0,80,13/12/2024 13:23
688,0,11.8515,24.0415,854.114,807.481,26,26,25,26,26,25,0,0.0302,859.6,8171.31,8171.31,807.481,3277,30,3276.7,28.9,28.9,30,30,118.515,0.0308,747.63,859.6,27,3276,0,25,24,24,0,3276.7,0,80,13/12/2024 13:23
689,0,11.8515,24.0415,854.114,807.481,26,26,25,26,26,25,0,0.0302,859.6,8171.31,8171.31,807.481,3277,30,3276.7,28.9,28.9,30,30,118.515,0.0308,747.63,859.6,27,3276,0,25,24,24,0,3276.7,0,80,13/12/2024 13:23
690,0,11.8515,24.0415,854.114,807.481,26,26,25,26,26,25,0,0.0302,859.6,8171.31,8171.31,807.481,3277,30,3276.7,28.9,28.9,30,30,118.515,0.0308,747.63,859.6,27,3276,0,25,24,24,0,3276.7,0,80,13/12/2024 13:23
691,0,11.8515,24.0415,854.114,807.481,26,26,25,26,26,25,0,0.0302,859.6,8171.31,8171.31,807.481,3277,30,3276.7,28.9,28.9,30,30,118.515,0.0308,747.63,859.6,27,3276,0,25,24,24,0,3276.7,0,80,13/12/2024 13:23
692,0,11.8515,24.0415,854.114,807.481,26,26,25,26,26,25,0,0.0302,859.6,8171.31,8171.31,807.481,3277,30,3276.7,28.9,28.9,30,30,118.515,0.0308,747.63,859.6,27,3276,0,25,24,24,0,3276.7,0,80,13/12/2024 13:23
693,0,11.8515,24.0415,854.114,807.481,26,26,25,26,26,25,0,0.0302,859.6,8171.31,8171.31,807.481,3277,30,3276.7,28.9,28.9,30,30,118.515,0.0308,747.63,859.6,27,3276,0,25,24,24,0,3276.7,0,80,13/12/2024 13:23
694,0,11.8515,24.0415,854.114,807.481,26,26,25,26,26,25,0,0.0302,859.6,8171.31,8171.31,807.481,3277,30,3276.7,28.9,28.9,30,30,118.515,0.0308,747.63,859.6,27,3276,0,25,24,24,0,3276.7,0,80,13/12/2024 13:23
695,0,11.8515,24.0415,854.114,807.481,26,26,25,26,26,25,0,0.0302,859.6,8171.31,8171.31,807.481,3277,30,3276.7,28.9,28.9,30,30,118.515,0.0308,747.63,859.6,27,3276,0,25,24,24,0,3276.7,0,80,13/12/2024 13:23
696,0,11.8515,24.0415,854.114,807.481,26,26,25,26,26,25,0,0.0302,859.6,8171.31,8171.31,807.481,3277,30,3276.7,28.9,28.9,30,30,118.515,0.0308,747.63,859.6,27,3276,0,25,24,24,0,3276.7,0,80,13/12/2024 13:23
697,0,11.8515,24.0415,854.114,807.481,26,26,25,26,26,25,0,0.0302,859.6,8171.31,8171.31,807.481,3277,30,3276.7,28.9,28.9,30,30,118.515,0.0308,747.63,859.6,27,3276,0,25,24,24,0,3276.7,0,80,13/12/2024 13:23
698,0,11.8515,24.0415,854.114,807.481,26,26,25,26,26,25,0,0.0302,859.6,8171.31,8171.31,807.481,3277,30,3276.7,28.9,28.9,30,30,118.515,0.0308,747.63,859.6,27,3276,0,25,24,24,0,3276.7,0,80,13/12/2024 13:23
699,0,11.8515,24.0415,854.114,807.481,26,26,25,26,26,25,0,0.0302,859.6,8171.31,8171.31,807.481,3277,30,3276.7,28.9,28.9,30,30,118.515,0.0308,747.63,859.6,27,3276,0,25,24,24,0,3276.7,0,80,13/12/2024 13:23
700,0,11.8515,24.0415,854.114,807.481,26,26,25,26,26,25,0,0.0302,859.6,8171.31,8171.31,807.481,3277,30,3276.7,28.9,28.9,30,30,118.515,0.0308,747.63,859.6,27,3276,0,25,24,24,0,3276.7,0,80,13/12/2024 13:23
701,0,11.8515,24.0415,854.114,807.481,26,26,25,26,26,25,0,0.0302,859.6,8171.31,8171.31,807.481,3277,30,3276.7,28.9,28.9,30,30,118.515,0.0308,747.63,859.6,27,3276,0,25,24,24,0,3276.7,0,80,13/12/2024 13:23
702,0,11.8515,24.0415,854.114,807.481,26,26,25,26,26,25,0,0.0302,859.6,8171.31,8171.31,807.481,3277,30,3276.7,28.9,28.9,30,30,118.515,0.0308,747.63,859.6,27,3276,0,25,24,24,0,3276.7,0,80,13/12/2024 13:23
703,0,11.8515,24.0415,854.114,807.481,26,26,25,26,26,25,0,0.0302,859.6,8171.31,8171.31,807.481,3277,30,3276.7,28.9,28.9,30,30,118.515,0.0308,747.63,859.6,27,3276,0,25,24,24,0,3276.7,0,80,13/12/2024 13:23
704,0,11.8515,24.0415,854.114,807.481,26,26,25,26,26,25,0,0.0302,859.6,8171.31,8171.31,807.481,3277,30,3276.7,28.9,28.9,30,30,118.515,0.0308,747.63,859.6,27,3276,0,25,24,24,0,3276.7,0,80,13/12/2024 13:23
705,0,11.8515,24.0415,854.114,807.481,26,26,25,26,26,25,0,0.0302,859.6,8171.31,8171.31,807.481,3277,30,3276.7,28.9,28.9,30,30,118.515,0.0308,747.63,859.6,27,3276,0,25,24,24,0,3276.7,0,80,13/12/2024 13:23
706,0,11.8515,24.0415,854.114,807.481,26,26,25,26,26,25,0,0.0302,859.6,8171.31,8171.31,807.481,3277,30,3276.7,28.9,28.9,30,30,118.515,0.0308,747.63,859.6,27,3276,0,25,24,24,0,3276.7,0,80,13/12/2024 13:23
707,0,11.8515,24.0415,854.114,807.481,26,26,25,26,26,25,0,0.0302,859.6,8171.31,8171.31,807.481,3277,30,3276.7,28.9,28.9,30,30,118.515,0.0308,747.63,859.6,27,3276,0,25,24,24,0,3276.7,0,80,13/12/2024 13:23
708,0,11.8515,24.0415,854.114,807.481,26,26,25,26,26,25,0,0.0302,859.6,8171.31,8171.31,807.481,3277,30,3276.7,28.9,28.9,30,30,118.515,0.0308,747.63,859.6,27,3276,0,25,24,24,0,3276.7,0,80,13/12/2024 13:23
709,0,11.8515,24.0415,854.114,807.481,26,26,25,26,26,25,0,0.0302,859.6,8171.31,8171.31,807.481,3277,30,3276.7,28.9,28.9,30,30,118.515,0.0308,747.63,859.6,27,3276,0,25,24,24,0,3276.7,0,80,13/12/2024 13:24
710,0,11.8515,24.0415,854.114,807.481,26,26,25,26,26,25,0,0.0302,859.6,8171.31,8171.31,807.481,3277,30,3276.7,28.9,28.9,30,30,118.515,0.0308,747.63,859.6,27,3276,0,25,24,24,0,3276.7,0,80,13/12/2024 13:24
711,0,11.8515,24.0415,854.114,807.481,26,26,25,26,26,25,0,0.0302,859.6,8171.31,8171.31,807.481,3277,30,3276.7,28.9,28.9,30,30,118.515,0.0308,747.63,859.6,27,3276,0,25,24,24,0,3276.7,0,80,13/12/2024 13:24
712,0,11.8515,24.0415,854.114,807.481,26,26,25,26,26,25,0,0.0302,859.6,8171.31,8171.31,807.481,3277,30,3276.7,28.9,28.9,30,30,118.515,0.0308,747.63,859.6,27,3276,0,25,24,24,0,3276.7,0,80,13/12/2024 13:24
713,0,11.8515,24.0415,854.114,807.481,26,26,25,26,26,25,0,0.0302,859.6,8171.31,8171.31,807.481,3277,30,3276.7,28.9,28.9,30,30,118.515,0.0308,747.63,859.6,27,3276,0,25,24,24,0,3276.7,0,80,13/12/2024 13:24
714,0,11.8515,24.0415,854.114,807.481,26,26,25,26,26,25,0,0.0302,859.6,8171.31,8171.31,807.481,3277,30,3276.7,28.9,28.9,30,30,118.515,0.0308,747.63,859.6,27,3276,0,25,24,24,0,3276.7,0,80,13/12/2024 13:24
715,0,11.8515,24.0415,854.114,807.481,26,26,25,26,26,25,0,0.0302,859.6,8171.31,8171.31,807.481,3277,30,3276.7,28.9,28.9,30,30,118.515,0.0308,747.63,859.6,27,3276,0,25,24,24,0,3276.7,0,80,13/12/2024 13:24
716,0,11.8515,24.0415,854.114,807.481,26,26,25,26,26,25,0,0.0302,859.6,8171.31,8171.31,807.481,3277,30,3276.7,28.9,28.9,30,30,118.515,0.0308,747.63,859.6,27,3276,0,25,24,24,0,3276.7,0,80,13/12/2024 13:24
717,0,11.8515,24.0415,854.114,807.481,26,26,25,26,26,25,0,0.0302,859.6,8171.31,8171.31,807.481,3277,30,3276.7,28.9,28.9,30,30,118.515,0.0308,747.63,859.6,27,3276,0,25,24,24,0,3276.7,0,80,13/12/2024 13:24
718,0,11.8515,24.0415,854.114,807.481,26,26,25,26,26,25,0,0.0302,859.6,8171.31,8171.31,807.481,3277,30,3276.7,28.9,28.9,30,30,118.515,0.0308,747.63,859.6,27,3276,0,25,24,24,0,3276.7,0,80,13/12/2024 13:24
719,0,11.8515,24.0415,854.114,807.481,26,26,25,26,26,25,0,0.0302,859.6,8171.31,8171.31,807.481,3277,30,3276.7,28.9,28.9,30,30,118.515,0.0308,747.63,859.6,27,3276,0,25,24,24,0,3276.7,0,80,13/12/2024 13:24
720,0,11.8515,24.0415,854.114,807.481,26,26,25,26,26,25,0,0.0302,859.6,8171.31,8171.31,807.481,3277,30,3276.7,28.9,28.9,30,30,118.515,0.0308,747.63,859.6,27,3276,0,25,24,24,0,3276.7,0,80,13/12/2024 13:24
721,0,11.8515,24.0415,854.114,807.481,26,26,25,26,26,25,0,0.0302,859.6,8171.31,8171.31,807.481,3277,30,3276.7,28.9,28.9,30,30,118.515,0.0308,747.63,859.6,27,3276,0,25,24,24,0,3276.7,0,80,13/12/2024 13:24
722,0,11.8515,24.0415,854.114,807.481,26,26,25,26,26,25,0,0.0302,859.6,8171.31,8171.31,807.481,3277,30,3276.7,28.9,28.9,30,30,118.515,0.0308,747.63,859.6,27,3276,0,25,24,24,0,3276.7,0,80,13/12/2024 13:24
723,0,11.8515,24.0415,854.114,807.481,26,26,25,26,26,25,0,0.0302,859.6,8171.31,8171.31,807.481,3277,30,3276.7,28.9,28.9,30,30,118.515,0.0308,747.63,859.6,27,3276,0,25,24,24,0,3276.7,0,80,13/12/2024 13:24
724,0,11.8515,24.0415,854.114,807.481,26,26,25,26,26,25,0,0.0302,859.6,8171.31,8171.31,807.481,3277,30,3276.7,28.9,28.9,30,30,118.515,0.0308,747.63,859.6,27,3276,0,25,24,24,0,3276.7,0,80,13/12/2024 13:24
725,0,11.8515,24.0415,854.114,807.481,26,26,25,26,26,25,0,0.0302,859.6,8171.31,8171.31,807.481,3277,30,3276.7,28.9,28.9,30,30,118.515,0.0308,747.63,859.6,27,3276,0,25,24,24,0,3276.7,0,80,13/12/2024 13:24
726,0,11.8515,24.0415,854.114,807.481,26,26,25,26,26,25,0,0.0302,859.6,8171.31,8171.31,807.481,3277,30,3276.7,28.9,28.9,30,30,118.515,0.0308,747.63,859.6,27,3276,0,25,24,24,0,3276.7,0,80,13/12/2024 13:24
727,0,11.8515,24.0415,854.114,807.481,26,26,25,26,26,25,0,0.0302,859.6,8171.31,8171.31,807.481,3277,30,3276.7,28.9,28.9,30,30,118.515,0.0308,747.63,859.6,27,3276,0,25,24,24,0,3276.7,0,80,13/12/2024 13:24
728,0,11.8515,24.0415,854.114,807.481,26,26,25,26,26,25,0,0.0302,859.6,8171.31,8171.31,807.481,3277,30,3276.7,28.9,28.9,30,30,118.515,0.0308,747.63,859.6,27,3276,0,25,24,24,0,3276.7,0,80,13/12/2024 13:24
729,0,11.8515,24.0415,854.114,807.481,26,26,25,26,26,25,0,0.0302,859.6,8171.31,8171.31,807.481,3277,30,3276.7,28.9,28.9,30,30,118.515,0.0308,747.63,859.6,27,3276,0,25,24,24,0,3276.7,0,80,13/12/2024 13:24
730,0,11.8515,24.0415,854.114,807.481,26,26,25,26,26,25,0,0.0302,859.6,8171.31,8171.31,807.481,3277,30,3276.7,28.9,28.9,30,30,118.515,0.0308,747.63,859.6,27,3276,0,25,24,24,0,3276.7,0,80,13/12/2024 13:24
731,0,11.8515,24.0415,854.114,807.481,26,26,25,26,26,25,0,0.0302,859.6,8171.31,8171.31,807.481,3277,30,3276.7,28.9,28.9,30,30,118.515,0.0308,747.63,859.6,27,3276,0,25,24,24,0,3276.7,0,80,13/12/2024 13:24
732,0,11.8515,24.0415,854.114,807.481,26,26,25,26,26,25,0,0.0302,859.6,8171.31,8171.31,807.481,3277,30,3276.7,28.9,28.9,30,30,118.515,0.0308,747.63,859.6,27,3276,0,25,24,24,0,3276.7,0,80,13/12/2024 13:24
733,0,11.8515,24.0415,854.114,807.481,26,26,25,26,26,25,0,0.0302,859.6,8171.31,8171.31,807.481,3277,30,3276.7,28.9,28.9,30,30,118.515,0.0308,747.63,859.6,27,3276,0,25,24,24,0,3276.7,0,80,13/12/2024 13:24
734,0,11.8515,24.0415,854.114,807.481,26,26,25,26,26,25,0,0.0302,859.6,8171.31,8171.31,807.481,3277,30,3276.7,28.9,28.9,30,30,118.515,0.0308,747.63,859.6,27,3276,0,25,24,24,0,3276.7,0,80,13/12/2024 13:24
735,0,11.8515,24.0415,854.114,807.481,26,26,25,26,26,25,0,0.0302,859.6,8171.31,8171.31,807.481,3277,30,3276.7,28.9,28.9,30,30,118.515,0.0308,747.63,859.6,27,3276,0,25,24,24,0,3276.7,0,80,13/12/2024 13:24
736,0,11.8515,24.0415,854.114,807.481,26,26,25,26,26,25,0,0.0302,859.6,8171.31,8171.31,807.481,3277,30,3276.7,28.9,28.9,30,30,118.515,0.0308,747.63,859.6,27,3276,0,25,24,24,0,3276.7,0,80,13/12/2024 13:24
737,0,11.8515,24.0415,854.114,807.481,26,26,25,26,26,25,0,0.0302,859.6,8171.31,8171.31,807.481,3277,30,3276.7,28.9,28.9,30,30,118.515,0.0308,747.63,859.6,27,3276,0,25,24,24,0,3276.7,0,80,13/12/2024 13:24
738,0,11.8515,24.0415,854.114,807.481,26,26,25,26,26,25,0,0.0302,859.6,8171.31,8171.31,807.481,3277,30,3276.7,28.9,28.9,30,30,118.515,0.0308,747.63,859.6,27,3276,0,25,24,24,0,3276.7,0,80,13/12/2024 13:24
739,0,11.8515,24.0415,854.114,807.481,26,26,25,26,26,25,0,0.0302,859.6,8171.31,8171.31,807.481,3277,30,3276.7,28.9,28.9,30,30,118.515,0.0308,747.63,859.6,27,3276,0,25,24,24,0,3276.7,0,80,13/12/2024 13:24
740,0,11.8515,24.0415,854.114,807.481,26,26,25,26,26,25,0,0.0302,859.6,8171.31,8171.31,807.481,3277,30,3276.7,28.9,28.9,30,30,118.515,0.0308,747.63,859.6,27,3276,0,25,24,24,0,3276.7,0,80,13/12/2024 13:24
741,0,11.8515,24.0415,854.114,807.481,26,26,25,26,26,25,0,0.0302,859.6,8171.31,8171.31,807.481,3277,30,3276.7,28.9,28.9,30,30,118.515,0.0308,747.63,859.6,27,3276,0,25,24,24,0,3276.7,0,80,13/12/2024 13:24
742,0,11.8515,24.0415,854.114,807.481,26,26,25,26,26,25,0,0.0302,859.6,8171.31,8171.31,807.481,3277,30,3276.7,28.9,28.9,30,30,118.515,0.0308,747.63,859.6,27,3276,0,25,24,24,0,3276.7,0,80,13/12/2024 13:24
743,0,11.8515,24.0415,854.114,807.481,26,26,25,26,26,25,0,0.0302,859.6,8171.31,8171.31,807.481,3277,30,3276.7,28.9,28.9,30,30,118.515,0.0308,747.63,859.6,27,3276,0,25,24,24,0,3276.7,0,80,13/12/2024 13:24
744,0,11.8515,24.0415,854.114,807.481,26,26,25,26,26,25,0,0.0302,859.6,8171.31,8171.31,807.481,3277,30,3276.7,28.9,28.9,30,30,118.515,0.0308,747.63,859.6,27,3276,0,25,24,24,0,3276.7,0,80,13/12/2024 13:24
745,0,11.8515,24.0415,854.114,807.481,26,26,25,26,26,25,0,0.0302,859.6,8171.31,8171.31,807.481,3277,30,3276.7,28.9,28.9,30,30,118.515,0.0308,747.63,859.6,27,3276,0,25,24,24,0,3276.7,0,80,13/12/2024 13:24
746,0,11.8515,24.0415,854.114,807.481,26,26,25,26,26,25,0,0.0302,859.6,8171.31,8171.31,807.481,3277,30,3276.7,28.9,28.9,30,30,118.515,0.0308,747.63,859.6,27,3276,0,25,24,24,0,3276.7,0,80,13/12/2024 13:24
747,0,11.8515,24.0415,854.114,807.481,26,26,25,26,26,25,0,0.0302,859.6,8171.31,8171.31,807.481,3277,30,3276.7,28.9,28.9,30,30,118.515,0.0308,747.63,859.6,27,3276,0,25,24,24,0,3276.7,0,80,13/12/2024 13:24
748,0,11.8515,24.0415,854.114,807.481,26,26,25,26,26,25,0,0.0302,859.6,8171.31,8171.31,807.481,3277,30,3276.7,28.9,28.9,30,30,118.515,0.0308,747.63,859.6,27,3276,0,25,24,24,0,3276.7,0,80,13/12/2024 13:24
749,0,11.8515,24.0415,854.114,807.481,26,26,25,26,26,25,0,0.0302,859.6,8171.31,8171.31,807.481,3277,30,3276.7,28.9,28.9,30,30,118.515,0.0308,747.63,859.6,27,3276,0,25,24,24,0,3276.7,0,80,13/12/2024 13:24
750,0,11.8515,24.0415,854.114,807.481,26,26,25,26,26,25,0,0.0302,859.6,8171.31,8171.31,807.481,3277,30,3276.7,28.9,28.9,30,30,118.515,0.0308,747.63,859.6,27,3276,0,25,24,24,0,3276.7,0,80,13/12/2024 13:24
751,0,11.8515,24.0415,854.114,807.481,26,26,25,26,26,25,0,0.0302,859.6,8171.31,8171.31,807.481,3277,30,3276.7,28.9,28.9,30,30,118.515,0.0308,747.63,859.6,27,3276,0,25,24,24,0,3276.7,0,80,13/12/2024 13:24
752,0,11.8515,24.0415,854.114,807.481,26,26,25,26,26,25,0,0.0302,859.6,8171.31,8171.31,807.481,3277,30,3276.7,28.9,28.9,30,30,118.515,0.0308,747.63,859.6,27,3276,0,25,24,24,0,3276.7,0,80,13/12/2024 13:24
753,0,11.8515,24.0415,854.114,807.481,26,26,25,26,26,25,0,0.0302,859.6,8171.31,8171.31,807.481,3277,30,3276.7,28.9,28.9,30,30,118.515,0.0308,747.63,859.6,27,3276,0,25,24,24,0,3276.7,0,80,13/12/2024 13:24
754,0,11.8515,24.0415,854.114,807.481,26,26,25,26,26,25,0,0.0302,859.6,8171.31,8171.31,807.481,3277,30,3276.7,28.9,28.9,30,30,118.515,0.0308,747.63,859.6,27,3276,0,25,24,24,0,3276.7,0,80,13/12/2024 13:24
755,0,11.8515,24.0415,854.114,807.481,26,26,25,26,26,25,0,0.0302,859.6,8171.31,8171.31,807.481,3277,30,3276.7,28.9,28.9,30,30,118.515,0.0308,747.63,859.6,27,3276,0,25,24,24,0,3276.7,0,80,13/12/2024 13:24
756,0,11.8515,24.0415,854.114,807.481,26,26,25,26,26,25,0,0.0302,859.6,8171.31,8171.31,807.481,3277,30,3276.7,28.9,28.9,30,30,118.515,0.0308,747.63,859.6,27,3276,0,25,24,24,0,3276.7,0,80,13/12/2024 13:24
757,0,11.8515,24.0415,854.114,807.481,26,26,25,26,26,25,0,0.0302,859.6,8171.31,8171.31,807.481,3277,30,3276.7,28.9,28.9,30,30,118.515,0.0308,747.63,859.6,27,3276,0,25,24,24,0,3276.7,0,80,13/12/2024 13:24
758,0,11.8515,24.0415,854.114,807.481,26,26,25,26,26,25,0,0.0302,859.6,8171.31,8171.31,807.481,3277,30,3276.7,28.9,28.9,30,30,118.515,0.0308,747.63,859.6,27,3276,0,25,24,24,0,3276.7,0,80,13/12/2024 13:24
759,0,11.8515,24.0415,854.114,807.481,26,26,25,26,26,25,0,0.0302,859.6,8171.31,8171.31,807.481,3277,30,3276.7,28.9,28.9,30,30,118.515,0.0308,747.63,859.6,27,3276,0,25,24,24,0,3276.7,0,80,13/12/2024 13:24
760,0,11.8515,24.0415,854.114,807.481,26,26,25,26,26,25,0,0.0302,859.6,8171.31,8171.31,807.481,3277,30,3276.7,28.9,28.9,30,30,118.515,0.0308,747.63,859.6,27,3276,0,25,24,24,0,3276.7,0,80,13/12/2024 13:24
761,0,11.8515,24.0415,854.114,807.481,26,26,25,26,26,25,0,0.0302,859.6,8171.31,8171.31,807.481,3277,30,3276.7,28.9,28.9,30,30,118.515,0.0308,747.63,859.6,27,3276,0,25,24,24,0,3276.7,0,80,13/12/2024 13:24
762,0,11.8515,24.0415,854.114,807.481,26,26,25,26,26,25,0,0.0302,859.6,8171.31,8171.31,807.481,3277,30,3276.7,28.9,28.9,30,30,118.515,0.0308,747.63,859.6,27,3276,0,25,24,24,0,3276.7,0,80,13/12/2024 13:24
763,0,11.8515,24.0415,854.114,807.481,26,26,25,26,26,25,0,0.0302,859.6,8171.31,8171.31,807.481,3277,30,3276.7,28.9,28.9,30,30,118.515,0.0308,747.63,859.6,27,3276,0,25,24,24,0,3276.7,0,80,13/12/2024 13:24
764,0,11.8515,24.0415,854.114,807.481,26,26,25,26,26,25,0,0.0302,859.6,8171.31,8171.31,807.481,3277,30,3276.7,28.9,28.9,30,30,118.515,0.0308,747.63,859.6,27,3276,0,25,24,24,0,3276.7,0,80,13/12/2024 13:24
765,0,11.8515,24.0415,854.114,807.481,26,26,25,26,26,25,0,0.0302,859.6,8171.31,8171.31,807.481,3277,30,3276.7,28.9,28.9,30,30,118.515,0.0308,747.63,859.6,27,3276,0,25,24,24,0,3276.7,0,80,13/12/2024 13:24
766,0,11.8515,24.0415,854.114,807.481,26,26,25,26,26,25,0,0.0302,859.6,8171.31,8171.31,807.481,3277,30,3276.7,28.9,28.9,30,30,118.515,0.0308,747.63,859.6,27,3276,0,25,24,24,0,3276.7,0,80,13/12/2024 13:24
767,0,11.8515,24.0415,854.114,807.481,26,26,25,26,26,25,0,0.0302,859.6,8171.31,8171.31,807.481,3277,30,3276.7,28.9,28.9,30,30,118.515,0.0308,747.63,859.6,27,3276,0,25,24,24,0,3276.7,0,80,13/12/2024 13:24
768,0,11.8515,24.0415,854.114,807.481,26,26,25,26,26,25,0,0.0302,859.6,8171.31,8171.31,807.481,3277,30,3276.7,28.9,28.9,30,30,118.515,0.0308,747.63,859.6,27,3276,0,25,24,24,0,3276.7,0,80,13/12/2024 13:24
769,0,11.8515,24.0415,854.114,807.481,26,26,25,26,26,25,0,0.0302,859.6,8171.31,8171.31,807.481,3277,30,3276.7,28.9,28.9,30,30,118.515,0.0308,747.63,859.6,27,3276,0,25,24,24,0,3276.7,0,80,13/12/2024 13:25
770,0,11.8515,24.0415,854.114,807.481,26,26,25,26,26,25,0,0.0302,859.6,8171.31,8171.31,807.481,3277,30,3276.7,28.9,28.9,30,30,118.515,0.0308,747.63,859.6,27,3276,0,25,24,24,0,3276.7,0,80,13/12/2024 13:25
771,0,11.8515,24.0415,854.114,807.481,26,26,25,26,26,25,0,0.0302,859.6,8171.31,8171.31,807.481,3277,30,3276.7,28.9,28.9,30,30,118.515,0.0308,747.63,859.6,27,3276,0,25,24,24,0,3276.7,0,80,13/12/2024 13:25
772,0,11.8515,24.0415,854.114,807.481,26,26,25,26,26,25,0,0.0302,859.6,8171.31,8171.31,807.481,3277,30,3276.7,28.9,28.9,30,30,118.515,0.0308,747.63,859.6,27,3276,0,25,24,24,0,3276.7,0,80,13/12/2024 13:25
773,0,11.8515,24.0415,854.114,807.481,26,26,25,26,26,25,0,0.0302,859.6,8171.31,8171.31,807.481,3277,30,3276.7,28.9,28.9,30,30,118.515,0.0308,747.63,859.6,27,3276,0,25,24,24,0,3276.7,0,80,13/12/2024 13:25
774,0,11.8515,24.0415,854.114,807.481,26,26,25,26,26,25,0,0.0302,859.6,8171.31,8171.31,807.481,3277,30,3276.7,28.9,28.9,30,30,118.515,0.0308,747.63,859.6,27,3276,0,25,24,24,0,3276.7,0,80,13/12/2024 13:25
775,0,11.8515,24.0415,854.114,807.481,26,26,25,26,26,25,0,0.0302,859.6,8171.31,8171.31,807.481,3277,30,3276.7,28.9,28.9,30,30,118.515,0.0308,747.63,859.6,27,3276,0,25,24,24,0,3276.7,0,80,13/12/2024 13:25
776,0,11.8515,24.1428,855.361,807.481,26,26,25,26,26,25,0,0.0301,859.6,8171.31,8171.31,807.481,3277,30,3276.7,28.9,28.9,30,30,118.515,0.0303,746.383,859.6,27,3276,0,25,24,24,0,3276.7,0,80,13/12/2024 13:25
777,0,11.8515,24.1464,854.613,806.234,26,26,25,26,26,25,0,0.0301,859.6,8171.31,8171.31,806.234,3277,30,3276.7,28.9,28.9,30,30,118.515,0.0307,750.872,859.6,27,3276,0,25,24,24,0,3276.7,0,80,13/12/2024 13:25
778,0,11.8515,24.15,854.613,807.231,26,26,25,26,26,25,0,0.0301,860.348,8171.31,8171.31,807.231,3277,30,3276.7,28.9,28.9,30,30,118.515,0.0305,747.381,860.348,27,3276,0,25,24,24,0,3276.7,0,80,13/12/2024 13:25
779,0,11.8515,24.1464,855.86,807.481,26,26,25,26,26,25,0,0.0301,859.6,8171.31,8171.31,807.481,3277,30,3276.7,28.9,28.9,30,30,118.515,0.0305,750.623,859.6,27,3276,0,25,24,24,0,3276.7,0,80,13/12/2024 13:25
780,0,11.8515,24.1464,854.613,807.481,26,26,25,26,26,25,0,0.0301,859.6,8171.31,8171.31,807.481,3277,30,3276.7,28.9,28.9,30,30,118.515,0.0305,746.882,859.6,27,3276,0,25,24,24,0,3276.7,0,80,13/12/2024 13:25
781,0,11.8515,24.1356,854.613,807.231,26,26,25,26,26,25,0,0.0301,859.6,8171.31,8171.31,807.231,3277,30,3276.7,28.9,28.9,30,30,118.515,0.0305,750.623,859.6,27,3276,0,25,24,24,0,3276.7,0,80,13/12/2024 13:25
782,0,11.8515,24.15,855.361,807.231,26,26,25,26,26,25,0,0.0301,860.847,8171.31,8171.31,807.231,3277,30,3276.7,28.9,28.9,30,30,118.515,0.03,747.63,860.847,27,3276,0,25,24,24,0,3276.7,0,80,13/12/2024 13:25
783,0,11.8515,24.1356,855.361,806.982,26,26,25,26,26,25,0,0.0301,860.348,8171.31,8171.31,806.982,3277,30,3276.7,28.9,28.9,30,30,118.515,0.0306,749.875,860.348,27,3276,0,25,24,24,0,3276.7,0,80,13/12/2024 13:25
784,0,11.8515,24.1464,855.361,807.481,26,26,25,26,26,25,0,0.0301,860.598,8171.31,8171.31,807.481,3277,30,3276.7,28.9,28.9,30,30,118.515,0.0306,747.63,860.598,27,3276,0,25,24,24,0,3276.7,0,80,13/12/2024 13:25
785,0,11.8515,24.1428,855.361,807.481,26,26,25,26,26,25,0,0.0301,860.598,8171.31,8171.31,807.481,3277,30,3276.7,28.9,28.9,30,30,118.515,0.0304,750.623,860.598,27,3276,0,25,24,24,0,3276.7,0,80,13/12/2024 13:25
786,0,11.8515,24.15,854.613,807.231,26,26,25,26,26,25,0,0.0301,860.598,8171.31,8171.31,807.231,3277,30,3276.7,28.9,28.9,30,30,118.515,0.0304,748.129,860.598,27,3276,0,25,24,24,0,3276.7,0,80,13/12/2024 13:25
787,0,11.8515,24.1428,854.862,806.982,26,26,25,26,26,25,0,0.0301,861.595,8171.31,8171.31,806.982,3277,30,3276.7,28.9,28.9,30,30,118.515,0.0304,748.628,861.595,27,3276,0,25,24,24,0,3276.7,0,80,13/12/2024 13:25
788,0,11.8515,24.1464,854.613,807.231,26,26,25,26,26,25,0,0.0301,859.85,8171.31,8171.31,807.231,3277,30,3276.7,28.9,28.9,30,30,118.515,0.0304,749.376,859.85,27,3276,0,25,24,24,0,3276.7,0,80,13/12/2024 13:25
789,0,11.8515,24.1464,854.862,807.481,26,26,25,26,26,25,0,0.0301,861.096,8171.31,8171.31,807.481,3277,30,3276.7,28.9,28.9,30,30,118.515,0.0304,748.378,861.096,27,3276,0,25,24,24,0,3276.7,0,80,13/12/2024 13:25
790,0,11.8515,24.1428,854.862,806.982,26,26,25,26,26,25,0,0.0301,860.598,8171.31,8171.31,806.982,3277,30,3276.7,28.9,28.9,30,30,118.515,0.0307,749.376,860.598,27,3276,0,25,24,24,0,3276.7,0,80,13/12/2024 13:25
791,0,11.8515,24.1428,855.361,807.231,26,26,25,26,26,25,0,0.0301,860.348,8171.31,8171.31,807.231,3277,30,3276.7,28.9,28.9,30,30,118.515,0.0307,746.882,860.348,27,3276,0,25,24,24,0,3276.7,0,80,13/12/2024 13:25
792,0,11.8515,24.1464,854.862,807.481,26,26,25,26,26,25,0,0.0301,860.348,8171.31,8171.31,807.481,3277,30,3276.7,28.9,28.9,30,30,118.515,0.0304,750.124,860.348,27,3276,0,25,24,24,0,3276.7,0,80,13/12/2024 13:25
793,0,11.8515,24.1464,854.862,807.481,26,26,25,26,26,25,0,0.0301,860.348,8171.31,8171.31,807.481,3277,30,3276.7,28.9,28.9,30,30,118.515,0.0307,747.131,860.348,27,3276,0,25,24,24,0,3276.7,0,80,13/12/2024 13:25
794,0,11.8515,24.1428,854.613,807.481,26,26,25,26,26,25,0,0.0301,860.598,8171.31,8171.31,807.481,3277,30,3276.7,28.9,28.9,30,30,118.515,0.0305,750.124,860.598,27,3276,0,25,24,24,0,3276.7,0,80,13/12/2024 13:25
795,0,11.8515,24.1464,855.361,807.481,26,26,25,26,26,25,0,0.0301,860.348,8171.31,8171.31,807.481,3277,30,3276.7,28.9,28.9,30,30,118.515,0.0305,747.131,860.348,27,3276,0,25,24,24,0,3276.7,0,80,13/12/2024 13:25
796,0,11.8515,24.1464,854.862,807.231,26,26,25,26,26,25,0,0.0301,859.6,8171.31,8171.31,807.231,3277,30,3276.7,28.9,28.9,30,30,118.515,0.0305,749.376,859.6,27,3276,0,25,24,24,0,3276.7,0,80,13/12/2024 13:25
797,0,11.8515,24.1428,854.862,807.231,26,26,25,26,26,25,0,0.0301,860.348,8171.31,8171.31,807.231,3277,30,3276.7,28.9,28.9,30,30,118.515,0.0303,746.134,860.348,27,3276,0,25,24,24,0,3276.7,0,80,13/12/2024 13:25
798,0,11.8515,24.1428,854.613,807.481,26,26,25,26,26,25,0,0.0303,859.6,8171.31,8171.31,807.481,3277,30,3276.7,28.9,28.9,30,30,118.515,0.0309,749.875,859.6,27,3276,0,25,24,24,0,3276.7,0,80,13/12/2024 13:25
799,0,11.8515,24.1464,854.862,807.231,26,26,25,26,26,25,0,0.0299,860.348,8171.31,8171.31,807.231,3277,30,3276.7,28.9,28.9,30,30,118.515,0.0301,745.635,860.348,27,3276,0,25,24,24,0,3276.7,0,80,13/12/2024 13:25
800,0,11.8515,24.1428,854.613,806.982,26,26,25,26,26,25,0,0.0299,859.85,8171.31,8171.31,806.982,3277,30,3276.7,28.9,28.9,30,30,118.515,0.0301,749.875,859.85,27,3276,0,25,24,24,0,3276.7,0,80,13/12/2024 13:25
801,0,11.8515,24.1464,854.363,807.481,26,26,25,26,26,25,0,0.0299,859.85,8171.31,8171.31,807.481,3277,30,3276.7,28.9,28.9,30,30,118.515,0.0304,745.136,859.85,27,3276,0,25,24,24,0,3276.7,0,80,13/12/2024 13:25
802,0,11.8515,24.1464,854.862,807.481,26,26,25,26,26,25,0,0.0299,859.6,8171.31,8171.31,807.481,3277,30,3276.7,28.9,28.9,30,30,118.515,0.0306,750.124,859.6,27,3276,0,25,24,24,0,3276.7,0,80,13/12/2024 13:25
803,0,11.8515,24.1428,855.61,807.231,26,26,25,26,26,25,0,0.0299,860.348,8171.31,8171.31,807.231,3277,30,3276.7,28.9,28.9,30,30,118.515,0.0306,744.638,860.348,27,3276,0,25,24,24,0,3276.7,0,80,13/12/2024 13:25
804,0,11.8515,24.1464,855.61,807.231,26,26,25,26,26,25,0,0.0299,859.6,8171.31,8171.31,807.231,3277,30,3276.7,28.9,28.9,30,30,118.515,0.0304,748.877,859.6,27,3276,0,25,24,24,0,3276.7,0,80,13/12/2024 13:25
805,0,11.8515,24.1428,854.613,807.231,26,26,25,26,26,25,0,0.0299,859.85,8171.31,8171.31,807.231,3277,30,3276.7,28.9,28.9,30,30,118.515,0.0304,743.391,859.85,27,3276,0,25,24,24,0,3276.7,0,80,13/12/2024 13:25
806,0,11.8515,24.1464,854.862,806.982,26,26,25,26,26,25,0,0.0299,860.598,8171.31,8171.31,806.982,3277,30,3276.7,28.9,28.9,30,30,118.515,0.0304,749.625,860.598,27,3276,0,25,24,24,0,3276.7,0,80,13/12/2024 13:25
807,0,11.8515,24.1464,854.613,807.481,26,26,25,26,26,25,0,0.0299,859.6,8171.31,8171.31,807.481,3277,30,3276.7,28.9,28.9,30,30,118.515,0.0516,744.388,859.6,27,3276,0,25,24,24,0,3276.7,0,80,13/12/2024 13:25
808,0,11.8515,24.1464,854.613,807.231,26,26,25,26,26,25,0,0.0299,860.598,8171.31,8171.31,807.231,3277,30,3276.7,28.9,28.9,30,30,118.515,0.0516,748.628,860.598,27,3276,0,25,24,24,0,3276.7,0,80,13/12/2024 13:25
809,0,11.8515,24.1319,855.361,807.231,26,26,25,26,26,25,0,0.0299,861.096,8171.31,8171.31,807.231,3277,30,3276.7,28.9,28.9,30,30,118.515,0.0537,745.136,861.096,27,3276,0,25,24,24,0,3276.7,0,80,13/12/2024 13:25
810,0,11.8515,24.1428,854.862,807.231,26,26,25,26,26,25,0,0.0299,860.598,8171.31,8171.31,807.231,3277,30,3276.7,28.9,28.9,30,30,118.515,0.0552,748.378,860.598,27,3276,0,25,24,24,0,3276.7,0,80,13/12/2024 13:25
811,0,11.8515,24.1464,855.361,807.481,26,26,25,26,26,25,0,0.0299,860.348,8171.31,8171.31,807.481,3277,30,3276.7,28.9,28.9,30,30,118.515,0.0545,745.136,860.348,27,3276,0,25,24,24,0,3276.7,0,80,13/12/2024 13:25
812,0,11.8515,24.1428,854.613,807.231,26,26,25,26,26,25,0,0.0299,861.845,8171.31,8171.31,807.231,3277,30,3276.7,28.9,28.9,30,30,118.515,0.0548,748.378,861.845,27,3276,0,25,24,24,0,3276.7,0,80,13/12/2024 13:25
813,0,11.8515,24.1464,854.862,807.231,26,26,25,26,26,25,0,0.0299,861.096,8171.31,8171.31,807.231,3277,30,3276.7,28.9,28.9,30,30,118.515,0.0548,745.885,861.096,27,3276,0,25,24,24,0,3276.7,0,80,13/12/2024 13:25
814,0,11.8515,24.1428,854.862,807.231,26,26,25,26,26,25,0,0.0299,861.096,8171.31,8171.31,807.231,3277,30,3276.7,28.9,28.9,30,30,118.515,0.0556,742.393,861.096,27,3276,0,25,24,24,0,3276.7,0,80,13/12/2024 13:25
815,0,11.8515,24.1428,854.613,807.481,26,26,25,26,26,25,0,0.0299,860.598,8171.31,8171.31,807.481,3277,30,3276.7,28.9,28.9,30,30,118.515,0.048,747.131,860.598,27,3276,0,25,24,24,0,3276.7,0,80,13/12/2024 13:25
816,0,11.8515,24.1428,854.862,807.231,26,26,25,26,26,25,0,0.0299,860.348,8171.31,8171.31,807.231,3277,30,3276.7,28.9,28.9,30,30,118.515,0.048,743.391,860.348,27,3276,0,25,24,24,0,3276.7,0,80,13/12/2024 13:25
817,0,11.8515,24.1428,854.613,807.231,26,26,25,26,26,25,0,0.0299,859.101,8171.31,8171.31,807.231,3277,30,3276.7,28.9,28.9,30,30,118.515,0.0323,748.129,859.101,27,3276,0,25,24,24,0,3276.7,0,80,13/12/2024 13:25
818,0,11.8515,24.1464,855.361,807.481,26,26,25,26,26,25,0,0.0299,859.6,8171.31,8171.31,807.481,3277,30,3276.7,28.9,28.9,30,30,118.515,0.0324,743.141,859.6,27,3276,0,25,24,24,0,3276.7,0,80,13/12/2024 13:25
819,0,11.8515,24.1464,855.61,807.481,26,26,25,26,26,25,0,0.0299,859.6,8171.31,8171.31,807.481,3277,30,3276.7,28.9,28.9,30,30,118.515,0.0324,747.381,859.6,27,3276,0,25,24,24,0,3276.7,0,80,13/12/2024 13:25
820,0,11.8515,24.1428,854.613,807.481,26,26,25,26,26,25,0,0.0299,860.348,8171.31,8171.31,807.481,3277,30,3276.7,28.9,28.9,30,30,118.515,0.0326,745.136,860.348,27,3276,0,25,24,24,0,3276.7,0,80,13/12/2024 13:25
821,0,11.8515,24.1464,854.862,807.231,26,26,25,26,26,25,0,0.0299,860.348,8171.31,8171.31,807.231,3277,30,3276.7,28.9,28.9,30,30,118.515,0.0326,744.388,860.348,27,3276,0,25,24,24,0,3276.7,0,80,13/12/2024 13:25
822,0,11.8515,24.1428,854.862,807.231,26,26,25,26,26,25,0,0.0299,860.598,8171.31,8171.31,807.231,3277,30,3276.7,28.9,28.9,30,30,118.515,0.0326,747.381,860.598,27,3276,0,25,24,24,0,3276.7,0,80,13/12/2024 13:25
823,0,11.8515,24.1464,855.61,806.732,26,26,25,26,26,25,0,0.0299,859.85,8171.31,8171.31,806.732,3277,30,3276.7,28.9,28.9,30,30,118.515,0.0328,742.643,859.85,27,3276,0,25,24,24,0,3276.7,0,80,13/12/2024 13:25
824,0,11.8515,24.1464,855.61,807.231,26,26,25,26,26,25,0,0.0299,860.847,8171.31,8171.31,807.231,3277,30,3276.7,28.9,28.9,30,30,118.515,0.0325,747.63,860.847,27,3276,0,25,24,24,0,3276.7,0,80,13/12/2024 13:25
825,0,11.8515,24.1428,854.613,806.982,26,26,25,26,26,25,0,0.0299,860.598,8171.31,8171.31,806.982,3277,30,3276.7,28.9,28.9,30,30,118.515,0.0327,743.141,860.598,27,3276,0,25,24,24,0,3276.7,0,80,13/12/2024 13:25
826,0,11.8515,24.1464,854.613,806.982,26,26,25,26,26,25,0,0.0299,860.348,8171.31,8171.31,806.982,3277,30,3276.7,28.9,28.9,30,30,118.515,0.0327,745.885,860.348,27,3276,0,25,24,24,0,3276.7,0,80,13/12/2024 13:25
827,0,11.8515,24.1464,856.109,806.982,26,26,25,26,26,25,0,0.0299,859.351,8171.31,8171.31,806.982,3277,30,3276.7,28.9,28.9,30,30,118.515,0.0321,745.635,859.351,27,3276,0,25,24,24,0,3276.7,0,80,13/12/2024 13:25
828,0,11.8515,24.1464,854.862,807.481,26,26,25,26,26,25,0,0.0315,859.85,8171.31,8171.31,807.481,3277,30,3276.7,28.9,28.9,30,30,118.515,0.0327,742.643,859.85,27,3276,0,25,24,24,0,3276.7,0,80,13/12/2024 13:25
829,0,11.8515,24.1464,854.862,806.982,26,26,25,26,26,25,0,0.0313,859.85,8171.31,8171.31,806.982,3277,30,3276.7,28.9,28.9,30,30,118.515,0.0327,747.131,859.85,27,3276,0,25,24,24,0,3276.7,0,80,13/12/2024 13:26
830,0,11.8515,24.1428,854.613,807.481,26,26,25,26,26,25,0,0.0313,859.6,8171.31,8171.31,807.481,3277,30,3276.7,28.9,28.9,30,30,118.515,0.033,742.393,859.6,27,3276,0,25,24,24,0,3276.7,0,80,13/12/2024 13:26
831,0,11.8515,24.1464,854.613,806.982,26,26,25,26,26,25,0,0.0313,859.85,8171.31,8171.31,806.982,3277,30,3276.7,28.9,28.9,30,30,118.515,0.0326,747.381,859.85,27,3276,0,25,24,24,0,3276.7,0,80,13/12/2024 13:26
832,0,11.8515,24.1428,854.862,807.481,26,26,25,26,26,25,0,0.0313,861.595,8171.31,8171.31,807.481,3277,30,3276.7,28.9,28.9,30,30,118.515,0.0326,743.64,861.595,27,3276,0,25,24,24,0,3276.7,0,80,13/12/2024 13:26
833,0,11.8515,24.1464,855.61,807.231,26,26,25,26,26,25,0,0.0313,861.845,8171.31,8171.31,807.231,3277,30,3276.7,28.9,28.9,30,30,118.515,0.0323,745.136,861.845,27,3276,0,25,24,24,0,3276.7,0,80,13/12/2024 13:26
834,0,11.8515,24.1356,854.862,806.982,26,26,25,26,26,25,0,0.0313,861.096,8171.31,8171.31,806.982,3277,30,3276.7,28.9,28.9,30,30,118.515,0.0326,746.882,861.096,27,3276,0,25,24,24,0,3276.7,0,80,13/12/2024 13:26
835,0,11.8515,24.1428,855.361,807.481,26,26,25,26,26,25,0,0.0313,860.598,8171.31,8171.31,807.481,3277,30,3276.7,28.9,28.9,30,30,118.515,0.0324,742.643,860.598,27,3276,0,25,24,24,0,3276.7,0,80,13/12/2024 13:26
836,0,11.8515,24.1428,855.361,806.982,26,26,25,26,26,25,0,0.0313,860.598,8171.31,8171.31,806.982,3277,30,3276.7,28.9,28.9,30,30,118.515,0.0324,747.131,860.598,27,3276,0,25,24,24,0,3276.7,0,80,13/12/2024 13:26
837,0,11.8515,24.1464,854.613,806.982,26,26,25,26,26,25,0,0.0313,859.85,8171.31,8171.31,806.982,3277,30,3276.7,28.9,28.9,30,30,118.515,0.0324,742.643,859.85,27,3276,0,25,24,24,0,3276.7,0,80,13/12/2024 13:26
838,0,11.8515,24.15,855.361,807.231,26,26,25,26,26,25,0,0.0313,859.6,8171.31,8171.31,807.231,3277,30,3276.7,28.9,28.9,30,30,118.515,0.0328,746.882,859.6,27,3276,0,25,24,24,0,3276.7,0,80,13/12/2024 13:26
839,0,11.8515,24.1428,855.361,807.481,26,26,25,26,26,25,0,0.0313,859.6,8171.31,8171.31,807.481,3277,30,3276.7,28.9,28.9,30,30,118.515,0.0326,743.141,859.6,27,3276,0,25,24,24,0,3276.7,0,80,13/12/2024 13:26
840,0,11.8515,24.1464,855.361,806.982,26,26,25,26,26,25,0,0.0313,859.85,8171.31,8171.31,806.982,3277,30,3276.7,28.9,28.9,30,30,118.515,0.0326,745.136,859.85,27,3276,0,25,24,24,0,3276.7,0,80,13/12/2024 13:26
841,0,11.8515,24.1428,854.862,807.481,26,26,25,26,26,25,0,0.0313,860.348,8171.31,8171.31,807.481,3277,30,3276.7,28.9,28.9,30,30,118.515,0.0326,745.136,860.348,27,3276,0,25,24,24,0,3276.7,0,80,13/12/2024 13:26
842,0,11.8515,24.1356,855.361,807.481,26,26,25,26,26,25,0,0.0313,859.6,8171.31,8171.31,807.481,3277,30,3276.7,28.9,28.9,30,30,118.515,0.0322,743.141,859.6,27,3276,0,25,24,24,0,3276.7,0,80,13/12/2024 13:26
843,0,11.8515,24.1464,854.862,806.982,26,26,25,26,26,25,0,0.0313,860.847,8171.31,8171.31,806.982,3277,30,3276.7,28.9,28.9,30,30,118.515,0.0322,747.63,860.847,27,3276,0,25,24,24,0,3276.7,0,80,13/12/2024 13:26
844,0,11.8515,24.1428,854.114,807.481,26,26,25,26,26,25,0,0.0313,860.598,8171.31,8171.31,807.481,3277,30,3276.7,28.9,28.9,30,30,118.515,0.0325,742.144,860.598,27,3276,0,25,24,24,0,3276.7,0,80,13/12/2024 13:26
845,0,11.8515,24.1428,854.862,806.982,26,26,25,26,26,25,0,0.0313,861.096,8171.31,8171.31,806.982,3277,30,3276.7,28.9,28.9,30,30,118.515,0.0325,747.131,861.096,27,3276,0,25,24,24,0,3276.7,0,80,13/12/2024 13:26
846,0,11.8515,24.1464,854.862,807.231,26,26,25,26,26,25,0,0.0313,861.096,8171.31,8171.31,807.231,3277,30,3276.7,28.9,28.9,30,30,118.515,0.0325,743.391,861.096,27,3276,0,25,24,24,0,3276.7,0,80,13/12/2024 13:26
847,0,11.8515,24.1464,855.361,807.231,26,26,25,26,26,25,0,0.0313,859.6,8171.31,8171.31,807.231,3277,30,3276.7,28.9,28.9,30,30,118.515,0.0326,747.381,859.6,27,3276,0,25,24,24,0,3276.7,0,80,13/12/2024 13:26
848,0,11.8515,24.1464,854.613,806.982,26,26,25,26,26,25,0,0.0313,859.85,8171.31,8171.31,806.982,3277,30,3276.7,28.9,28.9,30,30,118.515,0.0323,743.89,859.85,27,3276,0,25,24,24,0,3276.7,0,80,13/12/2024 13:26
849,0,11.8515,24.1428,854.862,807.231,26,26,25,26,26,25,0,0.0313,859.6,8171.31,8171.31,807.231,3277,30,3276.7,28.9,28.9,30,30,118.515,0.0323,745.885,859.6,27,3276,0,25,24,24,0,3276.7,0,80,13/12/2024 13:26
850,0,11.8515,24.1428,854.613,807.231,26,26,25,26,26,25,0,0.0313,859.85,8171.31,8171.31,807.231,3277,30,3276.7,28.9,28.9,30,30,118.515,0.0328,746.383,859.85,27,3276,0,25,24,24,0,3276.7,0,80,13/12/2024 13:26
851,0,11.8515,24.1464,854.862,806.982,26,26,25,26,26,25,0,0.0313,859.351,8171.31,8171.31,806.982,3277,30,3276.7,28.9,28.9,30,30,118.515,0.0324,742.643,859.351,27,3276,0,25,24,24,0,3276.7,0,80,13/12/2024 13:26
852,0,11.8515,24.1464,855.361,807.481,26,26,25,26,26,25,0,0.0313,858.603,8171.31,8171.31,807.481,3277,30,3276.7,28.9,28.9,30,30,118.515,0.0322,746.383,858.603,27,3276,0,25,24,24,0,3276.7,0,80,13/12/2024 13:26
853,0,11.8515,24.1464,855.361,806.982,26,26,25,26,26,25,0,0.0313,859.6,8171.31,8171.31,806.982,3277,30,3276.7,28.9,28.9,30,30,118.515,0.0322,742.393,859.6,27,3276,0,25,24,24,0,3276.7,0,80,13/12/2024 13:26
854,0,11.8515,24.1356,854.613,807.231,26,26,25,26,26,25,0,0.0313,860.348,8171.31,8171.31,807.231,3277,30,3276.7,28.9,28.9,30,30,118.515,0.0326,747.131,860.348,27,3276,0,25,24,24,0,3276.7,0,80,13/12/2024 13:26
855,0,11.8515,24.1464,854.862,806.982,26,26,25,26,26,25,0,0.0313,860.348,8171.31,8171.31,806.982,3277,30,3276.7,28.9,28.9,30,30,118.515,0.0325,743.141,860.348,27,3276,0,25,24,24,0,3276.7,0,80,13/12/2024 13:26
856,0,11.8515,24.15,855.361,807.481,26,26,25,26,26,25,0,0.0313,859.85,8171.31,8171.31,807.481,3277,30,3276.7,28.9,28.9,30,30,118.515,0.0325,744.638,859.85,27,3276,0,25,24,24,0,3276.7,0,80,13/12/2024 13:26
857,0,11.8515,24.1464,855.361,806.234,26,26,25,26,26,25,0,0.0313,860.598,8171.31,8171.31,806.234,3277,30,3276.7,28.9,28.9,30,30,118.515,0.0329,747.381,860.598,27,3276,0,25,24,24,0,3276.7,0,80,13/12/2024 13:26
858,0,11.8515,24.1428,854.862,807.231,26,26,25,26,26,25,0,0.0313,860.598,8171.31,8171.31,807.231,3277,30,3276.7,28.9,28.9,30,30,118.515,0.0329,742.643,860.598,27,3276,0,25,24,24,0,3276.7,0,80,13/12/2024 13:26
859,0,11.8515,24.1464,854.862,807.231,26,26,25,26,26,25,0,0.0311,860.598,8171.31,8171.31,807.231,3277,30,3276.7,28.9,28.9,30,30,118.515,0.0323,747.63,860.598,27,3276,0,25,24,24,0,3276.7,0,80,13/12/2024 13:26
860,0,11.8515,24.1464,854.862,807.481,26,26,25,26,26,25,0,0.0311,859.6,8171.31,8171.31,807.481,3277,30,3276.7,28.9,28.9,30,30,118.515,0.0325,742.393,859.6,27,3276,0,25,24,24,0,3276.7,0,80,13/12/2024 13:26
861,0,11.8515,24.15,854.363,806.982,26,26,25,26,26,25,0,0.0311,859.6,8171.31,8171.31,806.982,3277,30,3276.7,28.9,28.9,30,30,118.515,0.0325,747.381,859.6,27,3276,0,25,24,24,0,3276.7,0,80,13/12/2024 13:26
862,0,11.8515,24.1428,854.862,806.982,26,26,25,26,26,25,0,0.0311,859.351,8171.31,8171.31,806.982,3277,30,3276.7,28.9,28.9,30,30,118.515,0.0325,743.141,859.351,27,3276,0,25,24,24,0,3276.7,0,80,13/12/2024 13:26
863,0,11.8515,24.1428,855.361,807.231,26,26,25,26,26,25,0,0.0311,859.101,8171.31,8171.31,807.231,3277,30,3276.7,28.9,28.9,30,30,118.515,0.0328,745.136,859.101,27,3276,0,25,24,24,0,3276.7,0,80,13/12/2024 13:26
864,0,11.8515,24.1464,855.361,806.982,26,26,25,26,26,25,0,0.0311,859.85,8171.31,8171.31,806.982,3277,30,3276.7,28.9,28.9,30,30,118.515,0.0328,745.635,859.85,27,3276,0,25,24,24,0,3276.7,0,80,13/12/2024 13:26
865,0,11.8515,24.15,854.613,807.481,26,26,25,26,26,25,0,0.0311,860.348,8171.31,8171.31,807.481,3277,30,3276.7,28.9,28.9,30,30,118.515,0.0324,742.643,860.348,27,3276,0,25,24,24,0,3276.7,0,80,13/12/2024 13:26
866,0,11.8515,24.1428,855.361,806.982,26,26,25,26,26,25,0,0.0311,860.598,8171.31,8171.31,806.982,3277,30,3276.7,28.9,28.9,30,30,118.515,0.0323,747.131,860.598,27,3276,0,25,24,24,0,3276.7,0,80,13/12/2024 13:26
867,0,11.8515,24.1356,854.862,806.982,26,26,25,26,26,25,0,0.0311,861.096,8171.31,8171.31,806.982,3277,30,3276.7,28.9,28.9,30,30,118.515,0.0323,743.89,861.096,27,3276,0,25,24,24,0,3276.7,0,80,13/12/2024 13:26
868,0,11.8515,24.15,854.613,807.231,26,26,25,26,26,25,0,0.0311,860.847,8171.31,8171.31,807.231,3277,30,3276.7,28.9,28.9,30,30,118.515,0.0325,745.885,860.847,27,3276,0,25,24,24,0,3276.7,0,80,13/12/2024 13:26
869,0,11.8515,24.1464,855.61,806.732,26,26,25,26,26,25,0,0.0311,859.6,8171.31,8171.31,806.732,3277,30,3276.7,28.9,28.9,30,30,118.515,0.0325,746.882,859.6,27,3276,0,25,24,24,0,3276.7,0,80,13/12/2024 13:26
870,0,11.8515,24.1464,854.862,806.732,26,26,25,26,26,25,0,0.0311,859.6,8171.31,8171.31,806.732,3277,30,3276.7,28.9,28.9,30,30,118.515,0.0327,743.141,859.6,27,3276,0,25,24,24,0,3276.7,0,80,13/12/2024 13:26
871,0,11.8515,24.15,855.361,806.982,26,26,25,26,26,25,0,0.0311,859.6,8171.31,8171.31,806.982,3277,30,3276.7,28.9,28.9,30,30,118.515,0.0327,747.381,859.6,27,3276,0,25,24,24,0,3276.7,0,80,13/12/2024 13:26
872,0,11.8515,24.1464,855.361,807.481,26,26,25,26,26,25,0,0.0311,860.348,8171.31,8171.31,807.481,3277,30,3276.7,28.9,28.9,30,30,118.515,0.0325,745.885,860.348,27,3276,0,25,24,24,0,3276.7,0,80,13/12/2024 13:26
873,0,11.8515,24.1428,854.613,806.732,26,26,25,26,26,25,0,0.0311,860.348,8171.31,8171.31,806.732,3277,30,3276.7,28.9,28.9,30,30,118.515,0.0325,743.141,860.348,27,3276,0,25,24,24,0,3276.7,0,80,13/12/2024 13:26
874,0,11.8515,24.1536,854.862,806.982,26,26,25,26,26,25,0,0.0311,860.348,8171.31,8171.31,806.982,3277,30,3276.7,28.9,28.9,30,30,118.515,0.0326,746.882,860.348,27,3276,0,25,24,24,0,3276.7,0,80,13/12/2024 13:26
875,0,11.8515,24.1464,854.613,806.982,26,26,25,26,26,25,0,0.0311,859.85,8171.31,8171.31,806.982,3277,30,3276.7,28.9,28.9,30,30,118.515,0.0324,744.638,859.85,27,3276,0,25,24,24,0,3276.7,0,80,13/12/2024 13:26
876,0,11.8515,24.1356,854.862,807.231,26,26,25,26,26,25,0,0.0311,859.85,8171.31,8171.31,807.231,3277,30,3276.7,28.9,28.9,30,30,118.515,0.0321,742.643,859.85,27,3276,0,25,24,24,0,3276.7,0,80,13/12/2024 13:26
877,0,11.8515,24.1536,854.862,806.732,26,26,25,26,26,25,0,0.0311,859.85,8171.31,8171.31,806.732,3277,30,3276.7,28.9,28.9,30,30,118.515,0.0321,745.635,859.85,27,3276,0,25,24,24,0,3276.7,0,80,13/12/2024 13:26
878,0,11.8515,24.1464,855.61,807.231,26,26,25,26,26,25,0,0.0311,860.847,8171.31,8171.31,807.231,3277,30,3276.7,28.9,28.9,30,30,118.515,0.0329,744.887,860.847,27,3276,0,25,24,24,0,3276.7,0,80,13/12/2024 13:26
879,0,11.8515,24.1464,855.61,807.231,26,26,25,26,26,25,0,0.0311,860.847,8171.31,8171.31,807.231,3277,30,3276.7,28.9,28.9,30,30,118.515,0.0329,744.887,860.847,27,3276,0,25,24,24,0,3276.7,0,80,13/12/2024 13:26
880,0,11.8515,24.1356,855.86,807.231,26,26,25,26,26,25,0,0.0311,860.598,8171.31,8171.31,807.231,3277,30,3276.7,28.9,28.9,30,30,118.515,0.0324,743.391,860.598,27,3276,0,25,24,24,0,3276.7,0,80,13/12/2024 13:26
881,0,11.8515,24.1428,854.862,807.231,26,26,25,26,26,25,0,0.0311,859.6,8171.31,8171.31,807.231,3277,30,3276.7,28.9,28.9,30,30,118.515,0.0324,745.885,859.6,27,3276,0,25,24,24,0,3276.7,0,80,13/12/2024 13:26
882,0,11.8515,24.1428,854.862,807.481,26,26,25,26,26,25,0,0.0311,859.351,8171.31,8171.31,807.481,3277,30,3276.7,28.9,28.9,30,30,118.515,0.0326,745.635,859.351,27,3276,0,25,24,24,0,3276.7,0,80,13/12/2024 13:26
883,0,11.8515,24.1428,855.61,806.982,26,26,25,26,26,25,0,0.0311,860.348,8171.31,8171.31,806.982,3277,30,3276.7,28.9,28.9,30,30,118.515,0.0323,742.643,860.348,27,3276,0,25,24,24,0,3276.7,0,80,13/12/2024 13:26
884,0,11.8515,24.15,855.361,807.231,26,26,25,26,26,25,0,0.0311,860.598,8171.31,8171.31,807.231,3277,30,3276.7,28.9,28.9,30,30,118.515,0.0321,744.638,860.598,27,3276,0,25,24,24,0,3276.7,0,80,13/12/2024 13:26
885,0,11.8515,24.1464,854.613,806.982,26,26,25,26,26,25,0,0.0311,859.6,8171.31,8171.31,806.982,3277,30,3276.7,28.9,28.9,30,30,118.515,0.0324,746.134,859.6,27,3276,0,25,24,24,0,3276.7,0,80,13/12/2024 13:26
886,0,11.8515,24.15,855.361,805.984,26,26,25,26,26,25,0,0.0311,859.85,8171.31,8171.31,805.984,3277,30,3276.7,28.9,28.9,30,30,118.515,0.0324,742.643,859.85,27,3276,0,25,24,24,0,3276.7,0,80,13/12/2024 13:26
887,0,11.8515,24.1428,854.862,807.979,26,26,25,26,26,25,0,0.0311,859.6,8171.31,8171.31,807.979,3277,30,3276.7,28.9,28.9,30,30,118.515,0.0326,743.141,859.6,27,3276,0,25,24,24,0,3276.7,0,80,13/12/2024 13:26
888,0,11.8515,24.1319,854.613,807.231,26,26,25,26,26,25,0,0.0311,860.847,8171.31,8171.31,807.231,3277,30,3276.7,28.9,28.9,30,30,118.515,0.033,745.136,860.847,27,3276,0,25,24,24,0,3276.7,0,80,13/12/2024 13:26
889,0,11.8515,24.1464,855.61,807.481,26,26,25,26,26,25,0,0.0311,860.348,8171.31,8171.31,807.481,3277,30,3276.7,28.9,28.9,30,30,118.515,0.033,745.136,860.348,27,3276,0,25,24,24,0,3276.7,0,80,13/12/2024 13:27
890,0,11.8515,24.1464,855.361,807.481,26,26,25,26,26,25,0,0.0311,859.351,8171.31,8171.31,807.481,3277,30,3276.7,28.9,28.9,30,30,118.515,0.0324,742.643,859.351,27,3276,0,25,24,24,0,3276.7,0,80,13/12/2024 13:27
891,0,11.8515,24.15,854.862,806.982,26,26,25,26,26,25,0,0.0311,859.6,8171.31,8171.31,806.982,3277,30,3276.7,28.9,28.9,30,30,118.515,0.0324,744.887,859.6,27,3276,0,25,24,24,0,3276.7,0,80,13/12/2024 13:27
892,0,11.8515,24.15,855.361,807.481,26,26,25,26,26,25,0,0.0311,859.6,8171.31,8171.31,807.481,3277,30,3276.7,28.9,28.9,30,30,118.515,0.0324,745.136,859.6,27,3276,0,25,24,24,0,3276.7,0,80,13/12/2024 13:27
893,0,11.8515,24.1536,854.862,807.231,26,26,25,26,26,25,0,0.0311,860.598,8171.31,8171.31,807.231,3277,30,3276.7,28.9,28.9,30,30,118.515,0.0324,742.643,860.598,27,3276,0,25,24,24,0,3276.7,0,80,13/12/2024 13:27
894,0,11.8515,24.1428,854.613,807.231,26,26,25,26,26,25,0,0.0311,860.348,8171.31,8171.31,807.231,3277,30,3276.7,28.9,28.9,30,30,118.515,0.0324,743.141,860.348,27,3276,0,25,24,24,0,3276.7,0,80,13/12/2024 13:27
895,0,11.8515,24.1428,854.613,806.732,26,26,25,26,26,25,0,0.0311,859.101,8171.31,8171.31,806.732,3277,30,3276.7,28.9,28.9,30,30,118.515,0.0326,744.638,859.101,27,3276,0,25,24,24,0,3276.7,0,80,13/12/2024 13:27
896,0,11.8515,24.1464,854.862,806.732,26,26,25,26,26,25,0,0.0311,860.348,8171.31,8171.31,806.732,3277,30,3276.7,28.9,28.9,30,30,118.515,0.0324,739.9,860.348,27,3276,0,25,24,24,0,3276.7,0,80,13/12/2024 13:27
897,0,11.8515,24.1356,854.862,806.234,26,26,25,26,26,25,0,0.0311,861.096,8171.31,8171.31,806.234,3277,30,3276.7,28.9,28.9,30,30,118.515,0.0324,737.655,861.096,27,3276,0,25,24,24,0,3276.7,0,80,13/12/2024 13:27
898,0,11.8515,24.15,855.61,806.234,26,26,25,26,26,25,0,0.0311,861.595,8171.31,8171.31,806.234,3277,30,3276.7,28.9,28.9,30,30,118.515,0.033,738.902,861.595,27,3276,0,25,24,24,0,3276.7,0,80,13/12/2024 13:27
899,0,11.8515,24.15,855.61,806.732,26,26,25,26,26,25,0,0.0311,860.348,8171.31,8171.31,806.732,3277,30,3276.7,28.9,28.9,30,30,118.515,0.032,738.403,860.348,27,3276,0,25,24,24,0,3276.7,0,80,13/12/2024 13:27
900,0,11.8515,24.1464,854.613,807.231,26,26,25,26,26,25,0,0.0311,859.85,8171.31,8171.31,807.231,3277,30,3276.7,29,29,30,30,118.515,0.032,734.912,859.85,27,3276,0,25,24,24,0,3276.7,0,80,13/12/2024 13:27
901,0,11.8515,24.15,854.862,806.982,26,26,25,26,26,25,0,0.0311,861.096,8171.31,8171.31,806.982,3277,30,3276.7,29,29,30,30,118.515,0.0325,737.655,861.096,27,3276,0,25,24,24,0,3276.7,0,80,13/12/2024 13:27
902,0,11.8515,24.1464,855.61,807.979,26,26,25,26,26,25,0,0.0311,862.094,8171.31,8171.31,807.979,3277,30,3276.7,29,29,30,30,118.515,0.0325,737.156,862.094,27,3276,0,25,24,24,0,3276.7,0,80,13/12/2024 13:27
903,0,11.8515,24.1464,854.862,807.481,26,26,25,26,26,25,0,0.0311,861.845,8171.31,8171.31,807.481,3277,30,3276.7,29,29,30,30,118.515,0.0325,733.665,861.845,27,3276,0,25,24,24,0,3276.7,0,80,13/12/2024 13:27
904,0,11.8515,24.1464,855.86,806.982,26,26,25,26,26,25,0,0.0311,859.351,8171.31,8171.31,806.982,3277,30,3276.7,29,29,30,30,118.515,0.0326,733.915,859.351,27,3276,0,25,24,24,0,3276.7,0,80,13/12/2024 13:27
905,0,11.8515,24.1428,854.862,805.984,26,26,25,26,26,25,0,0.0311,861.595,8171.31,8171.31,805.984,3277,30,3276.7,29,29,30,30,118.515,0.0326,735.161,861.595,27,3276,0,25,24,24,0,3276.7,0,80,13/12/2024 13:27
906,0,11.8515,24.1536,854.862,807.231,26,26,25,26,26,25,0,0.0311,862.094,8171.31,8171.31,807.231,3277,30,3276.7,29,29,30,30,118.515,0.0325,732.668,862.094,27,3276,0,25,24,24,0,3276.7,0,80,13/12/2024 13:27
907,0,11.8515,24.1464,855.361,807.481,26,26,25,26,26,25,0,0.0311,862.094,8171.31,8171.31,807.481,3277,30,3276.7,28.9,28.9,30,30,118.515,0.0325,730.174,862.094,27,3276,0,25,24,24,0,3276.7,0,80,13/12/2024 13:27
908,0,11.8515,24.1464,854.862,806.982,26,26,25,26,26,25,0,0.0311,861.096,8171.31,8171.31,806.982,3277,30,3276.7,29,29,30,30,118.515,0.0318,732.418,861.096,27,3276,0,25,24,24,0,3276.7,0,80,13/12/2024 13:27
909,0,11.8515,24.15,855.361,807.231,26,26,25,26,26,25,0,0.0311,861.845,8171.31,8171.31,807.231,3277,30,3276.7,29,29,30,30,118.515,0.0326,732.418,861.845,27,3276,0,25,24,24,0,3276.7,0,80,13/12/2024 13:27
910,0,11.8515,24.1464,855.61,807.231,26,26,25,26,26,25,0,0.0311,862.343,8171.31,8171.31,807.231,3277,30,3276.7,29,29,30,30,118.515,0.0326,729.426,862.343,27,3276,0,25,24,24,0,3276.7,0,80,13/12/2024 13:27
911,0,11.8515,24.1464,854.862,806.982,26,26,25,26,26,25,0,0.0311,862.094,8171.31,8171.31,806.982,3277,30,3276.7,29,29,30,30,118.515,0.0325,732.418,862.094,27,3276,0,25,24,24,0,3276.7,0,80,13/12/2024 13:27
912,0,11.8515,24.1428,854.363,807.481,26,26,25,26,26,25,0,0.0311,862.094,8171.31,8171.31,807.481,3277,30,3276.7,29,29,30,30,118.515,0.0326,730.673,862.094,27,3276,0,25,24,24,0,3276.7,0,80,13/12/2024 13:27
913,0,11.8515,24.1464,855.361,806.982,26,26,25,26,26,25,0,0.0315,861.845,8171.31,8171.31,806.982,3277,30,3276.7,29,29,30,30,118.515,0.0326,727.68,861.845,27,3276,0,25,24,24,0,3276.7,0,80,13/12/2024 13:27
914,0,11.8515,24.1356,854.613,806.982,26,26,25,26,26,25,0,0.0313,861.096,8171.31,8171.31,806.982,3277,30,3276.7,29,29,30,30,118.515,0.032,729.925,861.096,27,3276,0,25,24,24,0,3276.7,0,80,13/12/2024 13:27
915,0,11.8515,24.15,854.862,806.982,26,26,25,26,26,25,0,0.0313,862.343,8171.31,8171.31,806.982,3277,30,3276.7,29,29,30,30,118.515,0.0325,731.421,862.343,27,3276,0,25,24,24,0,3276.7,0,80,13/12/2024 13:27
916,0,11.8515,24.1464,855.361,807.231,26,26,25,26,26,25,0,0.0313,862.842,8171.31,8171.31,807.231,3277,30,3276.7,29,29,30,30,118.515,0.0325,727.68,862.842,27,3276,0,25,24,24,0,3276.7,0,80,13/12/2024 13:27
917,0,11.8515,24.1428,854.862,807.231,26,26,25,26,26,25,0,0.0313,862.343,8171.31,8171.31,807.231,3277,30,3276.7,29,29,30,30,118.515,0.0325,728.428,862.343,27,3276,0,25,24,24,0,3276.7,0,80,13/12/2024 13:27
918,0,11.8515,24.15,855.361,806.982,26,26,25,26,26,25,0,0.0313,861.595,8171.31,8171.31,806.982,3277,30,3276.7,29,29,30,30,118.515,0.0331,730.174,861.595,27,3276,0,25,24,24,0,3276.7,0,80,13/12/2024 13:27
919,0,11.8515,24.1464,854.862,806.982,26,26,25,26,26,25,0,0.0313,862.094,8171.31,8171.31,806.982,3277,30,3276.7,29,29,30,30,118.515,0.0321,726.932,862.094,27,3276,0,25,24,24,0,3276.7,0,80,13/12/2024 13:27
920,0,11.8515,24.15,855.361,807.231,26,26,25,26,26,25,0,0.0313,863.091,8171.31,8171.31,807.231,3277,30,3276.7,29,29,30,30,118.515,0.0322,727.431,863.091,27,3276,0,25,24,24,0,3276.7,0,80,13/12/2024 13:27
921,0,11.8515,24.1464,855.361,806.732,26,26,25,26,26,25,0,0.0313,863.341,8171.31,8171.31,806.732,3277,30,3276.7,29,29,30,30,118.515,0.0322,729.675,863.341,27,3276,0,25,24,24,0,3276.7,0,80,13/12/2024 13:27
922,0,11.8515,24.1464,855.61,807.231,26,26,25,26,26,25,0,0.0313,862.094,8171.31,8171.31,807.231,3277,30,3276.7,29,29,30,30,118.515,0.0324,725.685,862.094,27,3276,0,25,24,24,0,3276.7,0,80,13/12/2024 13:27
923,0,11.8515,24.15,854.862,807.481,26,26,25,26,26,25,0,0.0313,861.595,8171.31,8171.31,807.481,3277,30,3276.7,29,29,30,30,118.515,0.0324,724.438,861.595,27,3276,0,25,24,24,0,3276.7,0,80,13/12/2024 13:27
924,0,11.8515,24.1464,854.613,806.234,26,26,25,26,26,25,0,0.0313,862.094,8171.31,8171.31,806.234,3277,30,3276.7,29,29,30,30,118.515,0.0324,728.428,862.094,27,3276,0,25,24,24,0,3276.7,0,80,13/12/2024 13:27
925,0,11.8515,24.1464,854.862,807.231,26,26,25,26,26,25,0,0.0313,862.842,8171.31,8171.31,807.231,3277,30,3276.7,29,29,30,30,118.515,0.0327,725.186,862.842,27,3276,0,25,24,24,0,3276.7,0,80,13/12/2024 13:27
926,0,11.8515,24.1536,856.857,807.481,26,26,25,26,26,25,0,0.0313,862.842,8171.31,8171.31,807.481,3277,30,3276.7,29,29,30,30,118.515,0.0327,723.94,862.842,27,3276,0,25,24,24,0,3276.7,0,80,13/12/2024 13:27
927,0,11.8515,24.1356,855.61,806.234,26,26,25,26,26,25,0,0.0313,862.842,8171.31,8171.31,806.234,3277,30,3276.7,29,29,30,30,118.515,0.0324,725.685,862.842,27,3276,0,25,24,24,0,3276.7,0,80,13/12/2024 13:27
928,0,11.8515,24.1356,855.61,807.231,26,26,25,26,26,25,0,0.0313,862.343,8171.31,8171.31,807.231,3277,30,3276.7,29,29,30,30,118.515,0.0324,725.186,862.343,27,3276,0,25,24,24,0,3276.7,0,80,13/12/2024 13:27
929,0,11.8515,24.2368,854.613,806.982,26,26,25,26,26,25,0,0.0313,863.091,8171.31,8171.31,806.982,3277,30,3276.7,29,29,30,30,118.515,0.0324,722.693,863.091,27,3276,0,25,24,24,0,3276.7,0,80,13/12/2024 13:27
930,0,11.8515,24.2405,855.86,806.982,26,26,25,26,26,25,0,0.0313,864.089,8171.31,8171.31,806.982,3277,30,3276.7,29,29,30,30,118.515,0.0328,724.937,864.089,27,3276,0,25,24,24,0,3276.7,0,80,13/12/2024 13:27
931,0,11.8515,24.1464,855.86,807.481,26,26,25,26,26,25,0,0.0313,863.091,8171.31,8171.31,807.481,3277,30,3276.7,29,29,30,30,118.515,0.0326,726.184,863.091,27,3276,0,25,24,24,0,3276.7,0,80,13/12/2024 13:27
932,0,11.8515,24.15,855.361,805.984,26,26,25,26,26,25,0,0.0313,862.094,8171.31,8171.31,805.984,3277,30,3276.7,29,29,30,30,118.515,0.0324,725.186,862.094,27,3276,0,25,24,24,0,3276.7,0,80,13/12/2024 13:27
933,0,11.8515,24.1464,855.361,806.732,26,26,25,26,26,25,0,0.0313,862.842,8171.31,8171.31,806.732,3277,30,3276.7,29,29,30,30,118.515,0.0327,723.441,862.842,27,3276,0,25,24,24,0,3276.7,0,80,13/12/2024 13:27
934,0,11.8515,24.15,854.862,807.231,26,26,25,26,26,25,0,0.0313,862.842,8171.31,8171.31,807.231,3277,30,3276.7,29,29,30,30,118.515,0.0327,725.685,862.842,27,3276,0,25,24,24,0,3276.7,0,80,13/12/2024 13:27
935,0,11.8515,24.1356,854.862,806.982,26,26,25,26,26,25,0,0.0313,861.845,8171.31,8171.31,806.982,3277,30,3276.7,29,29,30,30,118.515,0.0327,726.932,861.845,27,3276,0,25,24,24,0,3276.7,0,80,13/12/2024 13:27
936,0,11.8515,24.1428,855.86,807.231,26,26,25,26,26,25,0,0.0313,862.094,8171.31,8171.31,807.231,3277,30,3276.7,29,29,30,30,118.515,0.0327,724.688,862.094,27,3276,0,25,24,24,0,3276.7,0,80,13/12/2024 13:27
937,0,11.8515,24.1536,855.361,806.234,26,26,25,26,26,25,0,0.0313,863.59,8171.31,8171.31,806.234,3277,30,3276.7,29,29,30,30,118.515,0.0327,722.443,863.59,27,3276,0,25,24,24,0,3276.7,0,80,13/12/2024 13:27
938,0,11.8515,24.1428,855.61,806.234,26,26,25,26,26,25,0,0.0313,862.842,8171.31,8171.31,806.234,3277,30,3276.7,29,29,30,30,118.515,0.0321,724.688,862.842,27,3276,0,25,24,24,0,3276.7,0,80,13/12/2024 13:27
939,0,11.8515,24.15,854.862,806.982,26,26,25,26,26,25,0,0.0313,862.094,8171.31,8171.31,806.982,3277,30,3276.7,29,29,30,30,118.515,0.0326,725.685,862.094,27,3276,0,25,24,24,0,3276.7,0,80,13/12/2024 13:27
940,0,11.8515,24.1464,854.862,806.732,26,26,25,26,26,25,0,0.0313,862.094,8171.31,8171.31,806.732,3277,30,3276.7,29,29,30,30,118.515,0.0326,723.69,862.094,27,3276,0,25,24,24,0,3276.7,0,80,13/12/2024 13:27
941,0,11.8515,24.2441,856.109,806.982,26,26,25,26,26,25,0,0.0313,863.59,8171.31,8171.31,806.982,3277,30,3276.7,29,29,30,30,118.515,0.0329,723.191,863.59,27,3276,0,25,24,24,0,3276.7,0,80,13/12/2024 13:27
942,0,11.8515,24.2368,855.61,807.481,26,26,25,26,26,25,0,0.0313,862.842,8171.31,8171.31,807.481,3277,30,3276.7,29,29,30,30,118.515,0.0325,725.186,862.842,27,3276,0,25,24,24,0,3276.7,0,80,13/12/2024 13:27
943,0,11.8515,24.1464,854.862,806.732,26,26,25,26,26,25,0,0.0316,862.094,8171.31,8171.31,806.732,3277,30,3276.7,29,29,30,30,118.515,0.0327,726.433,862.094,27,3276,0,25,24,24,0,3276.7,0,80,13/12/2024 13:27
944,0,11.8515,24.1356,856.109,806.732,26,26,25,26,26,25,0,0.0316,862.094,8171.31,8171.31,806.732,3277,30,3276.7,29,29,30,30,118.515,0.0321,722.693,862.094,27,3276,0,25,24,24,0,3276.7,0,80,13/12/2024 13:27
945,0,11.8515,24.1464,855.361,806.982,26,26,25,26,26,25,0,0.0316,863.091,8171.31,8171.31,806.982,3277,30,3276.7,29,29,30,30,118.515,0.0321,722.693,863.091,27,3276,0,25,24,24,0,3276.7,0,80,13/12/2024 13:27
946,0,11.8515,24.1536,855.61,806.982,26,26,25,26,26,25,0,0.0316,862.094,8171.31,8171.31,806.982,3277,30,3276.7,29,29,30,30,118.515,0.0324,725.685,862.094,27,3276,0,25,24,24,0,3276.7,0,80,13/12/2024 13:27
947,0,11.8515,24.2549,856.608,806.982,26,26,25,26,26,25,0,0.0316,862.094,8171.31,8171.31,806.982,3277,30,3276.7,29,29,30,30,118.515,0.0324,723.94,862.094,27,3276,0,25,24,24,0,3276.7,0,80,13/12/2024 13:27
948,0,11.8515,24.2513,855.86,806.982,26,26,25,26,26,25,0,0.0316,863.091,8171.31,8171.31,806.982,3277,30,3276.7,29,29,30,30,118.515,0.0324,722.693,863.091,27,3276,0,25,24,24,0,3276.7,0,80,13/12/2024 13:27
949,0,11.8515,24.1464,855.86,807.231,26,26,25,26,26,25,0,0.0316,864.089,8171.31,8171.31,807.231,3277,30,3276.7,29,29,30,30,118.515,0.0319,723.191,864.089,27,3276,0,25,24,24,0,3276.7,0,80,13/12/2024 13:28
950,0,11.8515,24.1356,855.86,807.481,26,26,25,26,26,25,0,0.0316,863.341,8171.31,8171.31,807.481,3277,30,3276.7,29,29,30,30,118.515,0.0319,725.186,863.341,27,3276,0,25,24,24,0,3276.7,0,80,13/12/2024 13:28
951,0,11.8515,24.1464,855.61,806.982,26,26,25,26,26,25,0,0.0316,862.094,8171.31,8171.31,806.982,3277,30,3276.7,29,29,30,30,118.515,0.0326,724.688,862.094,27,3276,0,25,24,24,0,3276.7,0,80,13/12/2024 13:28
952,0,11.8515,24.1464,855.86,806.982,26,26,25,26,26,25,0,0.0316,862.094,8171.31,8171.31,806.982,3277,30,3276.7,29,29,30,30,118.515,0.0328,722.443,862.094,27,3276,0,25,24,24,0,3276.7,0,80,13/12/2024 13:28
953,0,11.8515,24.1428,855.86,806.234,26,26,25,26,26,25,0,0.0316,864.089,8171.31,8171.31,806.234,3277,30,3276.7,29,29,30,30,118.515,0.0328,723.94,864.089,27,3276,0,25,24,24,0,3276.7,0,80,13/12/2024 13:28
954,0,11.8515,24.1428,855.86,806.982,26,26,25,26,26,25,0,0.0316,862.094,8171.31,8171.31,806.982,3277,30,3276.7,29,29,30,30,118.515,0.0325,725.186,862.094,27,3276,0,25,24,24,0,3276.7,0,80,13/12/2024 13:28
955,0,11.8515,24.1428,855.61,806.982,26,26,25,26,26,25,0,0.0316,861.096,8171.31,8171.31,806.982,3277,30,3276.7,29,29,30,30,118.515,0.0375,724.937,861.096,27,3276,0,25,24,24,0,3276.7,0,80,13/12/2024 13:28
956,0,11.8515,24.1464,855.61,806.234,26,26,25,26,26,25,0,0.0316,862.094,8171.31,8171.31,806.234,3277,30,3276.7,29,29,30,30,118.515,0.0553,721.446,862.094,27,3276,0,25,24,24,0,3276.7,0,80,13/12/2024 13:28
957,0,11.8515,24.1464,854.613,807.481,26,26,25,26,26,25,0,0.0316,862.343,8171.31,8171.31,807.481,3277,30,3276.7,29,29,30,30,118.515,0.0547,724.937,862.343,27,3276,0,25,24,24,0,3276.7,0,80,13/12/2024 13:28
958,0,11.8515,24.1356,855.61,807.231,26,26,25,26,26,25,0,0.0316,862.343,8171.31,8171.31,807.231,3277,30,3276.7,29,29,30,30,118.515,0.0547,723.94,862.343,27,3276,0,25,24,24,0,3276.7,0,80,13/12/2024 13:28
959,0,11.8515,24.15,855.86,806.982,26,26,25,26,26,25,0,0.0316,862.094,8171.31,8171.31,806.982,3277,30,3276.7,29,29,30,30,118.515,0.0555,723.191,862.094,27,3276,0,25,24,24,0,3276.7,0,80,13/12/2024 13:28
960,0,11.8515,24.1464,856.109,807.231,26,26,25,26,26,25,0,0.0316,862.343,8171.31,8171.31,807.231,3277,30,3276.7,29,29,30,30,118.515,0.0562,722.194,862.343,27,3276,0,25,24,24,0,3276.7,0,80,13/12/2024 13:28
961,0,11.8515,24.1356,856.608,807.231,26,26,25,26,26,25,0,0.0316,863.341,8171.31,8171.31,807.231,3277,30,3276.7,29,29,30,30,118.515,0.0562,726.184,863.341,27,3276,0,25,24,24,0,3276.7,0,80,13/12/2024 13:28
962,0,11.8515,24.1464,855.61,806.982,26,26,25,26,26,25,0,0.0316,862.343,8171.31,8171.31,806.982,3277,30,3276.7,29,29,30,30,118.515,0.0554,724.937,862.343,27,3276,0,25,24,24,0,3276.7,0,80,13/12/2024 13:28
963,0,11.8515,24.2368,855.361,806.732,26,26,25,26,26,25,0,0.0316,861.595,8171.31,8171.31,806.732,3277,30,3276.7,29,29,30,30,118.515,0.055,723.441,861.595,27,3276,0,25,24,24,0,3276.7,0,80,13/12/2024 13:28
964,0,11.8515,24.2405,854.862,806.234,26,26,25,26,26,25,0,0.0316,862.343,8171.31,8171.31,806.234,3277,30,3276.7,29,29,30,30,118.515,0.055,724.438,862.343,27,3276,0,25,24,24,0,3276.7,0,80,13/12/2024 13:28
965,0,11.8515,24.1356,855.86,806.982,26,26,25,26,26,25,0,0.0316,863.091,8171.31,8171.31,806.982,3277,30,3276.7,29,29,30,30,118.515,0.0337,725.186,863.091,27,3276,0,25,24,24,0,3276.7,0,80,13/12/2024 13:28
966,0,11.8515,24.15,856.857,806.982,26,26,25,26,26,25,0,0.0316,863.091,8171.31,8171.31,806.982,3277,30,3276.7,29,29,30,30,118.515,0.0337,722.693,863.091,27,3276,0,25,24,24,0,3276.7,0,80,13/12/2024 13:28
967,0,11.8515,24.1464,856.857,807.231,26,26,25,26,26,25,0,0.0316,862.094,8171.31,8171.31,807.231,3277,30,3276.7,29,29,30,30,118.515,0.0454,724.937,862.094,27,3276,0,25,24,24,0,3276.7,0,80,13/12/2024 13:28
968,0,11.8515,24.15,855.86,806.732,26,26,25,26,26,25,0,0.0316,862.343,8171.31,8171.31,806.732,3277,30,3276.7,29,29,30,30,118.515,0.0469,723.94,862.343,27,3276,0,25,24,24,0,3276.7,0,80,13/12/2024 13:28
969,0,11.8515,24.1428,856.608,807.231,26,26,25,26,26,25,0,0.0316,863.59,8171.31,8171.31,807.231,3277,30,3276.7,29,29,30,30,118.515,0.0463,720.199,863.59,27,3276,0,25,24,24,0,3276.7,0,80,13/12/2024 13:28
970,0,11.8515,24.15,855.61,807.231,26,26,25,26,26,25,0,0.0316,862.094,8171.31,8171.31,807.231,3277,30,3276.7,29,29,30,30,118.515,0.0465,725.186,862.094,27,3276,0,25,24,24,0,3276.7,0,80,13/12/2024 13:28
971,0,11.8515,24.1356,855.61,807.231,26,26,25,26,26,25,0,0.0316,861.845,8171.31,8171.31,807.231,3277,30,3276.7,29,29,30,30,118.515,0.0467,722.194,861.845,27,3276,0,25,24,24,0,3276.7,0,80,13/12/2024 13:28
972,0,11.8515,24.1464,855.86,806.982,26,26,25,26,26,25,0,0.0314,862.094,8171.31,8171.31,806.982,3277,30,3276.7,29,29,30,30,118.515,0.0472,722.443,862.094,27,3276,0,25,24,24,0,3276.7,0,80,13/12/2024 13:28
973,0,11.8515,24.1428,856.109,806.982,26,26,25,26,26,25,0,0.0316,862.343,8171.31,8171.31,806.982,3277,30,3276.7,29,29,30,30,118.515,0.0472,724.688,862.343,27,3276,0,25,24,24,0,3276.7,0,80,13/12/2024 13:28
974,0,11.8515,24.1464,855.61,806.732,26,26,25,26,26,25,0,0.0316,863.59,8171.31,8171.31,806.732,3277,30,3276.7,29,29,30,30,118.515,0.0482,722.443,863.59,27,3276,0,25,24,24,0,3276.7,0,80,13/12/2024 13:28
975,0,11.8515,24.1464,855.61,806.234,26,26,25,26,26,25,0,0.0316,862.842,8171.31,8171.31,806.234,3277,30,3276.7,29,29,30,30,118.515,0.0378,721.196,862.842,27,3276,0,25,24,24,0,3276.7,0,80,13/12/2024 13:28
976,0,11.8515,24.15,855.61,806.982,26,26,25,26,26,25,0,0.0316,861.595,8171.31,8171.31,806.982,3277,30,3276.7,29,29,30,30,118.515,0.0378,724.688,861.595,27,3276,0,25,24,24,0,3276.7,0,80,13/12/2024 13:28
977,0,11.8515,24.15,855.61,806.732,26,26,25,26,26,25,0,0.0316,862.094,8171.31,8171.31,806.732,3277,30,3276.7,29,29,30,30,118.515,0.033,722.693,862.094,27,3276,0,25,24,24,0,3276.7,0,80,13/12/2024 13:28
978,0,11.8515,24.1464,855.61,807.481,26,26,25,26,26,25,0,0.0316,862.842,8171.31,8171.31,807.481,3277,30,3276.7,29,29,30,30,118.515,0.0319,720.199,862.842,27,3276,0,25,24,24,0,3276.7,0,80,13/12/2024 13:28
979,0,11.8515,24.1464,855.61,807.231,26,26,25,26,26,25,0,0.0316,863.091,8171.31,8171.31,807.231,3277,30,3276.7,29,29,30,30,118.515,0.0326,724.688,863.091,27,3276,0,25,24,24,0,3276.7,0,80,13/12/2024 13:28
980,0,11.8515,24.1428,855.86,806.982,26,26,25,26,26,25,0,0.0316,860.847,8171.31,8171.31,806.982,3277,30,3276.7,29,29,30,30,118.515,0.0326,737.406,860.847,27,3276,0,25,24,24,0,3276.7,0,80,13/12/2024 13:28
981,0,11.8515,24.1536,855.61,806.732,26,26,25,26,26,25,0,0.0316,859.6,8171.31,8171.31,806.732,3277,30,3276.7,29,29,30,30,118.515,0.0326,736.159,859.6,27,3276,0,25,24,24,0,3276.7,0,80,13/12/2024 13:28
982,0,11.8515,24.1428,855.361,807.231,26,26,25,26,26,25,0,0.0316,859.351,8171.31,8171.31,807.231,3277,30,3276.7,29,29,30,30,118.515,0.0325,740.648,859.351,27,3276,0,25,24,24,0,3276.7,0,80,13/12/2024 13:28
983,0,11.8515,24.1464,855.61,807.481,26,26,25,26,26,25,0,0.0316,859.6,8171.31,8171.31,807.481,3277,30,3276.7,29,29,30,30,118.515,0.0321,740.149,859.6,27,3276,0,25,24,24,0,3276.7,0,80,13/12/2024 13:28
984,0,11.8515,24.2441,856.109,807.231,26,26,25,26,26,25,0,0.0316,860.847,8171.31,8171.31,807.231,3277,30,3276.7,29,29,30,30,118.515,0.0321,737.655,860.847,27,3276,0,25,24,24,0,3276.7,0,80,13/12/2024 13:28
985,0,11.8515,24.2441,856.109,807.481,26,26,25,26,26,25,0,0.0316,860.348,8171.31,8171.31,807.481,3277,30,3276.7,29,29,30,30,118.515,0.0328,739.65,860.348,27,3276,0,25,24,24,0,3276.7,0,80,13/12/2024 13:28
986,0,11.8515,24.1428,856.608,807.231,26,26,25,26,26,25,0,0.0316,859.6,8171.31,8171.31,807.231,3277,30,3276.7,29,29,30,30,118.515,0.0323,740.149,859.6,27,3276,0,25,24,24,0,3276.7,0,80,13/12/2024 13:28
987,0,11.8515,24.15,855.61,806.982,26,26,25,26,26,25,0,0.0316,859.6,8171.31,8171.31,806.982,3277,30,3276.7,29,29,30,30,118.515,0.0323,737.156,859.6,27,3276,0,25,24,24,0,3276.7,0,80,13/12/2024 13:28
988,0,11.8515,24.2513,855.361,806.732,26,26,25,26,26,25,0,0.0316,860.598,8171.31,8171.31,806.732,3277,30,3276.7,29,29,30,30,118.515,0.0325,739.65,860.598,27,3276,0,25,24,24,0,3276.7,0,80,13/12/2024 13:28
989,0,11.8515,24.2513,855.61,806.732,26,26,25,26,26,25,0,0.0316,860.847,8171.31,8171.31,806.732,3277,30,3276.7,29,29,30,30,118.515,0.0318,740.149,860.847,27,3276,0,25,24,24,0,3276.7,0,80,13/12/2024 13:28
990,0,11.8515,24.2513,855.86,807.231,26,26,25,26,26,25,0,0.0316,860.348,8171.31,8171.31,807.231,3277,30,3276.7,29,29,30,30,118.515,0.0327,737.655,860.348,27,3276,0,25,24,24,0,3276.7,0,80,13/12/2024 13:28
991,0,11.8515,24.2513,856.608,806.982,26,26,25,26,26,25,0,0.0316,859.6,8171.31,8171.31,806.982,3277,30,3276.7,29,29,30,30,118.515,0.0327,737.406,859.6,27,3276,0,25,24,24,0,3276.7,0,80,13/12/2024 13:28
992,0,11.8515,24.1464,855.86,807.481,26,26,25,26,26,25,0,0.0316,859.85,8171.31,8171.31,807.481,3277,30,3276.7,29,29,30,30,118.515,0.0328,740.149,859.85,27,3276,0,25,24,24,0,3276.7,0,80,13/12/2024 13:28
993,0,11.8515,24.1428,855.361,807.481,26,26,25,26,26,25,0,0.0316,861.096,8171.31,8171.31,807.481,3277,30,3276.7,29,29,30,30,118.515,0.0326,739.9,861.096,27,3276,0,25,24,24,0,3276.7,0,80,13/12/2024 13:28
994,0,11.8515,24.2441,855.86,806.982,26,26,25,26,26,25,0,0.0316,860.348,8171.31,8171.31,806.982,3277,30,3276.7,29,29,30,30,118.515,0.0322,737.655,860.348,27,3276,0,25,24,24,0,3276.7,0,80,13/12/2024 13:28
995,0,11.8515,24.2549,856.109,806.234,26,26,25,26,26,25,0,0.0316,859.6,8171.31,8171.31,806.234,3277,30,3276.7,29,29,30,30,118.515,0.0327,737.655,859.6,27,3276,0,25,24,24,0,3276.7,0,80,13/12/2024 13:28
996,0,11.8515,24.1464,855.86,806.732,26,26,25,26,26,25,0,0.0316,859.6,8171.31,8171.31,806.732,3277,30,3276.7,29,29,30,30,118.515,0.0458,739.9,859.6,27,3276,0,25,24,24,0,3276.7,0,80,13/12/2024 13:28
997,0,11.8515,24.1464,856.608,806.732,26,26,25,26,26,25,0,0.0316,861.595,8171.31,8171.31,806.732,3277,30,3276.7,29,29,30,30,118.515,0.0458,737.406,861.595,27,3276,0,25,24,24,0,3276.7,0,80,13/12/2024 13:28
998,0,11.8515,24.1428,855.61,806.732,26,26,25,26,26,25,0,0.0316,861.845,8171.31,8171.31,806.732,3277,30,3276.7,29,29,30,30,118.515,0.0471,737.156,861.845,27,3276,0,25,24,24,0,3276.7,0,80,13/12/2024 13:28
999,0,11.8515,24.2405,856.109,807.481,26,26,25,26,26,25,0,0.0316,859.85,8171.31,8171.31,807.481,3277,30,3276.7,29,29,30,30,118.515,0.047,737.406,859.85,27,3276,0,25,24,24,0,3276.7,0,80,13/12/2024 13:28
1000,0,11.8515,24.2549,855.361,807.979,26,26,25,26,26,25,0,0.0316,860.847,8171.31,8171.31,807.979,3277,30,3276.7,29,29,30,30,118.515,0.047,738.403,860.847,27,3276,0,25,24,24,0,3276.7,0,80,13/12/2024 13:28
1001,0,11.8515,24.2441,855.61,806.982,26,26,25,26,26,25,0,0.0316,861.595,8171.31,8171.31,806.982,3277,30,3276.7,29,29,30,30,118.515,0.0323,736.408,861.595,27,3276,0,25,24,24,0,3276.7,0,80,13/12/2024 13:28
1002,0,11.8515,24.1464,855.86,807.231,26,26,25,26,26,25,0,0.0316,860.847,8171.31,8171.31,807.231,3277,30,3276.7,29,29,30,30,118.515,0.0323,735.161,860.847,27,3276,0,25,24,24,0,3276.7,0,80,13/12/2024 13:28
1003,0,11.8515,24.1464,856.109,806.234,26,26,25,26,26,25,0,0.0314,860.348,8171.31,8171.31,806.234,3277,30,3276.7,29,29,30,30,118.515,0.0319,737.406,860.348,27,3276,0,25,24,24,0,3276.7,0,80,13/12/2024 13:28
1004,0,11.8515,24.1356,856.109,807.481,26,26,25,26,26,25,0,0.0314,860.348,8171.31,8171.31,807.481,3277,30,3276.7,29,29,30,30,118.515,0.0322,737.655,860.348,27,3276,0,25,24,24,0,3276.7,0,80,13/12/2024 13:28
1005,0,11.8515,24.226,855.61,806.982,26,26,25,26,26,25,0,0.0314,861.096,8171.31,8171.31,806.982,3277,30,3276.7,29,29,30,30,118.515,0.0322,735.66,861.096,27,3276,0,25,24,24,0,3276.7,0,80,13/12/2024 13:28
1006,0,11.8515,24.2441,854.862,806.732,26,26,25,26,26,25,0,0.0314,860.348,8171.31,8171.31,806.732,3277,30,3276.7,29,29,30,30,118.515,0.0319,737.406,860.348,27,3276,0,25,24,24,0,3276.7,0,80,13/12/2024 13:28
1007,0,11.8515,24.2513,855.86,806.982,26,26,25,26,26,25,0,0.0314,859.85,8171.31,8171.31,806.982,3277,30,3276.7,29,29,30,30,118.515,0.0329,740.149,859.85,27,3276,0,25,24,24,0,3276.7,0,80,13/12/2024 13:28
1008,0,11.8515,24.2441,855.86,807.481,26,26,25,26,26,25,0,0.0314,859.6,8171.31,8171.31,807.481,3277,30,3276.7,29,29,30,30,118.515,0.0329,736.907,859.6,27,3276,0,25,24,24,0,3276.7,0,80,13/12/2024 13:29
1009,0,11.8515,24.2513,855.86,806.982,26,26,25,26,26,25,0,0.0314,860.847,8171.31,8171.31,806.982,3277,30,3276.7,29,29,30,30,118.515,0.0322,735.91,860.847,27,3276,0,25,24,24,0,3276.7,0,80,13/12/2024 13:29
1010,0,11.8515,24.1464,855.61,807.231,26,26,25,26,26,25,0,0.0314,861.595,8171.31,8171.31,807.231,3277,30,3276.7,29,29,30,30,118.515,0.032,739.65,861.595,27,3276,0,25,24,24,0,3276.7,0,80,13/12/2024 13:29
1011,0,11.8515,24.1464,856.109,807.231,26,26,25,26,26,25,0,0.0314,860.847,8171.31,8171.31,807.231,3277,30,3276.7,29,29,30,30,118.515,0.032,737.406,860.847,27,3276,0,25,24,24,0,3276.7,0,80,13/12/2024 13:29
1012,0,11.8515,24.1464,856.109,806.982,26,26,25,26,26,25,0,0.0314,859.6,8171.31,8171.31,806.982,3277,30,3276.7,29,29,30,30,118.515,0.0322,735.91,859.6,27,3276,0,25,24,24,0,3276.7,0,80,13/12/2024 13:29
1013,0,11.8515,24.1428,855.86,807.231,26,26,25,26,26,25,0,0.0314,860.598,8171.31,8171.31,807.231,3277,30,3276.7,29,29,30,30,118.515,0.032,739.65,860.598,27,3276,0,25,24,24,0,3276.7,0,80,13/12/2024 13:29
1014,0,11.8515,24.1464,855.361,806.732,26,26,25,26,26,25,0,0.0314,862.094,8171.31,8171.31,806.732,3277,30,3276.7,29,29,30,30,118.515,0.0326,737.655,862.094,27,3276,0,25,24,24,0,3276.7,0,80,13/12/2024 13:29
1015,0,11.8515,24.15,857.107,807.481,26,26,25,26,26,25,0,0.0314,861.845,8171.31,8171.31,807.481,3277,30,3276.7,29,29,30,30,118.515,0.0322,736.408,861.845,27,3276,0,25,24,24,0,3276.7,0,80,13/12/2024 13:29
1016,0,11.8515,24.1428,855.86,806.982,26,26,25,26,26,25,0,0.0314,859.85,8171.31,8171.31,806.982,3277,30,3276.7,29,29,30,30,118.515,0.0321,739.401,859.85,27,3276,0,25,24,24,0,3276.7,0,80,13/12/2024 13:29
1017,0,11.8515,24.1536,855.61,807.231,26,26,25,26,26,25,0,0.0314,859.85,8171.31,8171.31,807.231,3277,30,3276.7,29,29,30,30,118.515,0.0474,741.396,859.85,27,3276,0,25,24,24,0,3276.7,0,80,13/12/2024 13:29
1018,0,11.8515,24.1356,855.61,806.982,26,26,25,26,26,25,0,0.0314,862.094,8171.31,8171.31,806.982,3277,30,3276.7,29,29,30,30,118.515,0.0471,736.408,862.094,27,3276,0,25,24,24,0,3276.7,0,80,13/12/2024 13:29
1019,0,11.8515,24.15,856.109,806.732,26,26,25,26,26,25,0,0.0314,861.595,8171.31,8171.31,806.732,3277,30,3276.7,29,29,30,30,118.515,0.0471,737.156,861.595,27,3276,0,25,24,24,0,3276.7,0,80,13/12/2024 13:29
1020,0,11.8515,24.2405,855.86,806.732,26,26,25,26,26,25,0,0.0314,861.595,8171.31,8171.31,806.732,3277,30,3276.7,29,29,30,30,118.515,0.048,739.65,861.595,27,3276,0,25,24,24,0,3276.7,0,80,13/12/2024 13:29
1021,0,11.8515,24.2513,855.361,806.732,26,26,25,26,26,25,0,0.0314,859.6,8171.31,8171.31,806.732,3277,30,3276.7,29,29,30,30,118.515,0.048,735.161,859.6,27,3276,0,25,24,24,0,3276.7,0,80,13/12/2024 13:29
1022,0,11.8515,24.2513,855.361,806.982,26,26,25,26,26,25,0,0.0314,860.598,8171.31,8171.31,806.982,3277,30,3276.7,29,29,30,30,118.515,0.0327,734.912,860.598,27,3276,0,25,24,24,0,3276.7,0,80,13/12/2024 13:29
1023,0,11.8515,24.2332,855.86,807.231,26,26,25,26,26,25,0,0.0314,861.595,8171.31,8171.31,807.231,3277,30,3276.7,29,29,30,30,118.515,0.0328,736.907,861.595,27,3276,0,25,24,24,0,3276.7,0,80,13/12/2024 13:29
1024,0,11.8515,24.1428,856.608,806.982,26,26,25,26,26,25,0,0.0314,861.595,8171.31,8171.31,806.982,3277,30,3276.7,29,29,30,30,118.515,0.0328,737.156,861.595,27,3276,0,25,24,24,0,3276.7,0,80,13/12/2024 13:29
1025,0,11.8515,24.1428,855.61,807.231,26,26,25,26,26,25,0,0.0314,860.847,8171.31,8171.31,807.231,3277,30,3276.7,29,29,30,30,118.515,0.0322,734.663,860.847,27,3276,0,25,24,24,0,3276.7,0,80,13/12/2024 13:29
1026,0,11.8515,24.1319,856.608,807.231,26,26,25,26,26,25,0,0.0314,859.85,8171.31,8171.31,807.231,3277,30,3276.7,29,29,30,30,118.515,0.0328,736.907,859.85,27,3276,0,25,24,24,0,3276.7,0,80,13/12/2024 13:29
1027,0,11.8515,24.1464,855.61,806.982,26,26,25,26,26,25,0,0.0314,861.096,8171.31,8171.31,806.982,3277,30,3276.7,29,29,30,30,118.515,0.0319,738.154,861.096,27,3276,0,25,24,24,0,3276.7,0,80,13/12/2024 13:29
1028,0,11.8515,24.2405,855.61,806.982,26,26,25,26,26,25,0,0.0314,861.595,8171.31,8171.31,806.982,3277,30,3276.7,29,29,30,30,118.515,0.0324,733.915,861.595,27,3276,0,25,24,24,0,3276.7,0,80,13/12/2024 13:29
1029,0,11.8515,24.2441,856.109,805.984,26,26,25,26,26,25,0,0.0314,860.348,8171.31,8171.31,805.984,3277,30,3276.7,29,29,30,30,118.515,0.0324,734.413,860.348,27,3276,0,25,24,24,0,3276.7,0,80,13/12/2024 13:29
1030,0,11.8515,24.2513,855.86,807.481,26,26,25,26,26,25,0,0.0314,859.6,8171.31,8171.31,807.481,3277,30,3276.7,29,29,30,30,118.515,0.0324,736.159,859.6,27,3276,0,25,24,24,0,3276.7,0,80,13/12/2024 13:29
1031,0,11.8515,24.2441,856.608,806.982,26,26,25,26,26,25,0,0.0314,860.348,8171.31,8171.31,806.982,3277,30,3276.7,29,29,30,30,118.515,0.0324,733.915,860.348,27,3276,0,25,24,24,0,3276.7,0,80,13/12/2024 13:29
1032,0,11.8515,24.2405,856.109,807.231,26,26,25,26,26,25,0,0.0317,861.096,8171.31,8171.31,807.231,3277,30,3276.7,29,29,30,30,118.515,0.0324,732.418,861.096,27,3276,0,25,24,24,0,3276.7,0,80,13/12/2024 13:29
1033,0,11.8515,24.2405,855.61,805.984,26,26,25,26,26,25,0,0.0318,861.096,8171.31,8171.31,805.984,3277,30,3276.7,29,29,30,30,118.515,0.0328,736.408,861.096,27,3276,0,25,24,24,0,3276.7,0,80,13/12/2024 13:29
1034,0,11.8515,24.2549,856.608,806.982,26,26,25,26,26,25,0,0.0318,860.348,8171.31,8171.31,806.982,3277,30,3276.7,29,29,30,30,118.515,0.0326,735.161,860.348,27,3276,0,25,24,24,0,3276.7,0,80,13/12/2024 13:29
1035,0,11.8515,24.2513,855.61,807.481,26,26,25,26,26,25,0,0.0318,859.85,8171.31,8171.31,807.481,3277,30,3276.7,29,29,30,30,118.515,0.0326,732.169,859.85,27,3276,0,25,24,24,0,3276.7,0,80,13/12/2024 13:29
1036,0,11.8515,24.2368,855.86,806.732,26,26,25,26,26,25,0,0.0318,860.348,8171.31,8171.31,806.732,3277,30,3276.7,29,29,30,30,118.515,0.0324,735.66,860.348,27,3276,0,25,24,24,0,3276.7,0,80,13/12/2024 13:29
1037,0,11.8515,24.2513,856.109,807.231,26,26,25,26,26,25,0,0.0318,861.595,8171.31,8171.31,807.231,3277,30,3276.7,29,29,30,30,118.515,0.0324,735.66,861.595,27,3276,0,25,24,24,0,3276.7,0,80,13/12/2024 13:29
1038,0,11.8515,24.2513,856.109,806.732,26,26,25,26,26,25,0,0.0318,861.845,8171.31,8171.31,806.732,3277,30,3276.7,29,29,30,30,118.515,0.0324,732.418,861.845,27,3276,0,25,24,24,0,3276.7,0,80,13/12/2024 13:29
1039,0,11.8515,24.2549,855.86,807.481,26,26,25,26,26,25,0,0.0318,860.598,8171.31,8171.31,807.481,3277,30,3276.7,29,29,30,30,118.515,0.0331,733.665,860.598,27,3276,0,25,24,24,0,3276.7,0,80,13/12/2024 13:29
1040,0,11.8515,24.2513,855.86,806.982,26,26,25,26,26,25,0,0.0318,859.85,8171.31,8171.31,806.982,3277,31,3276.7,29,29,30,30,118.515,0.0331,733.915,859.85,27,3276,0,25,24,24,0,3276.7,0,80,13/12/2024 13:29
1041,0,11.8515,24.2513,855.61,807.481,26,26,25,26,26,25,0,0.0318,860.598,8171.31,8171.31,807.481,3277,31,3276.7,29,29,30,30,118.515,0.0323,732.169,860.598,27,3276,0,25,24,24,0,3276.7,0,80,13/12/2024 13:29
1042,0,11.8515,24.2513,855.361,807.231,26,26,25,26,26,25,0,0.0318,861.845,8171.31,8171.31,807.231,3277,31,3276.7,29,29,30,30,118.515,0.0325,734.912,861.845,27,3276,0,25,24,24,0,3276.7,0,80,13/12/2024 13:29
1043,0,11.8515,24.2513,855.361,806.732,26,26,25,26,26,25,0,0.0318,861.096,8171.31,8171.31,806.732,3277,31,3276.7,29,29,30,30,118.515,0.0325,734.413,861.096,27,3276,0,25,24,24,0,3276.7,0,80,13/12/2024 13:29
1044,0,11.8515,24.2513,854.862,808.229,26,26,25,26,26,25,0,0.0318,860.847,8171.31,8171.31,808.229,3277,31,3276.7,29,29,30,30,118.515,0.0328,730.174,860.847,27,3276,0,25,24,24,0,3276.7,0,80,13/12/2024 13:29
1045,0,11.8515,24.2549,855.61,806.982,26,26,25,26,26,25,0,0.0318,859.6,8171.31,8171.31,806.982,3277,31,3276.7,29,29,30,30,118.515,0.0328,733.665,859.6,27,3276,0,25,24,24,0,3276.7,0,80,13/12/2024 13:29
1046,0,11.8515,24.2513,854.613,806.982,26,26,25,26,26,25,0,0.0318,860.348,8171.31,8171.31,806.982,3277,31,3276.7,29,29,30,30,118.515,0.0325,732.418,860.348,27,3276,0,25,24,24,0,3276.7,0,80,13/12/2024 13:29
1047,0,11.8515,24.2513,854.613,807.231,26,26,25,26,26,25,0,0.0318,862.094,8171.31,8171.31,807.231,3277,31,3276.7,29,29,30,30,118.515,0.0328,730.174,862.094,27,3276,0,25,24,24,0,3276.7,0,80,13/12/2024 13:29
1048,0,11.8515,24.2441,854.613,806.234,26,26,25,26,26,25,0,0.0318,861.096,8171.31,8171.31,806.234,3277,31,3276.7,29,29,30,30,118.515,0.0328,734.413,861.096,27,3276,0,25,24,24,0,3276.7,0,80,13/12/2024 13:29
1049,0,11.8515,24.2513,854.613,807.231,26,26,25,26,26,25,0,0.0318,861.595,8171.31,8171.31,807.231,3277,31,3276.7,29,29,30,30,118.515,0.0315,733.915,861.595,27,3276,0,25,24,24,0,3276.7,0,80,13/12/2024 13:29
1050,0,11.8515,24.2585,854.613,806.732,26,26,25,26,26,25,0,0.0318,860.598,8171.31,8171.31,806.732,3277,31,3276.7,29,29,30,30,118.515,0.0326,730.922,860.598,27,3276,0,25,24,24,0,3276.7,0,80,13/12/2024 13:29
1051,0,11.8515,24.2513,855.86,806.982,26,26,25,26,26,25,0,0.0318,859.351,8171.31,8171.31,806.982,3277,31,3276.7,29,29,30,30,118.515,0.0324,735.161,859.351,27,3276,0,25,24,24,0,3276.7,0,80,13/12/2024 13:29
1052,0,11.8515,24.2513,855.361,806.732,26,26,25,26,26,25,0,0.0318,860.847,8171.31,8171.31,806.732,3277,31,3276.7,29,29,30,30,118.515,0.0327,733.166,860.847,27,3276,0,25,24,24,0,3276.7,0,80,13/12/2024 13:29
1053,0,11.8515,24.2441,854.862,806.234,26,26,25,26,26,25,0,0.0318,860.847,8171.31,8171.31,806.234,3277,31,3276.7,29,29,30,30,118.515,0.0327,731.421,860.847,27,3276,0,25,24,24,0,3276.7,0,80,13/12/2024 13:29
1054,0,11.8515,24.2549,854.862,806.234,26,26,25,26,26,25,0,0.0318,861.845,8171.31,8171.31,806.234,3277,31,3276.7,29,29,30,30,118.515,0.0322,735.161,861.845,27,3276,0,25,24,24,0,3276.7,0,80,13/12/2024 13:29
1055,0,11.8515,24.2513,855.61,807.481,26,26,25,26,26,25,0,0.0318,860.348,8171.31,8171.31,807.481,3277,31,3276.7,29,29,30,30,118.515,0.0326,733.915,860.348,27,3276,0,25,24,24,0,3276.7,0,80,13/12/2024 13:29
1056,0,11.8515,24.2513,855.61,806.982,26,26,25,26,26,25,0,0.0318,860.598,8171.31,8171.31,806.982,3277,31,3276.7,29,29,30,30,118.515,0.0326,731.421,860.598,27,3276,0,25,24,24,0,3276.7,0,80,13/12/2024 13:29
1057,0,11.8515,24.2441,854.613,805.984,26,26,25,26,26,25,0,0.0318,859.85,8171.31,8171.31,805.984,3277,31,3276.7,29,29,30,30,118.515,0.0323,735.161,859.85,27,3276,0,25,24,24,0,3276.7,0,80,13/12/2024 13:29
1058,0,11.8515,24.2405,855.361,806.732,26,26,25,26,26,25,0,0.0318,861.096,8171.31,8171.31,806.732,3277,31,3276.7,29,29,30,30,118.515,0.032,733.166,861.096,27,3276,0,25,24,24,0,3276.7,0,80,13/12/2024 13:29
1059,0,11.8515,24.2405,854.862,806.982,26,26,25,26,26,25,0,0.0318,861.845,8171.31,8171.31,806.982,3277,31,3276.7,29,29,30,30,118.515,0.032,730.673,861.845,27,3276,0,25,24,24,0,3276.7,0,80,13/12/2024 13:29
1060,0,11.8515,24.2549,854.862,807.481,26,26,25,26,26,25,0,0.0318,861.096,8171.31,8171.31,807.481,3277,31,3276.7,29,29,30,30,118.515,0.0332,734.413,861.096,27,3276,0,25,24,24,0,3276.7,0,80,13/12/2024 13:29
1061,0,11.8515,24.2441,854.613,806.234,26,26,25,26,26,25,0,0.0318,859.6,8171.31,8171.31,806.234,3277,31,3276.7,29,29,30,30,118.515,0.0326,732.668,859.6,27,3276,0,25,24,24,0,3276.7,0,80,13/12/2024 13:29
1062,0,11.8515,24.2549,854.613,806.234,26,26,25,26,26,25,0,0.0313,859.85,8171.31,8171.31,806.234,3277,31,3276.7,29,29,30,30,118.515,0.0326,730.673,859.85,27,3276,0,25,24,24,0,3276.7,0,80,13/12/2024 13:29
1063,0,11.8515,24.2405,855.361,806.732,26,26,25,26,26,25,0,0.0316,860.598,8171.31,8171.31,806.732,3277,31,3276.7,29,29,30,30,118.515,0.0326,734.413,860.598,27,3276,0,25,24,24,0,3276.7,0,80,13/12/2024 13:29
1064,0,11.8515,24.2441,855.86,806.982,26,26,25,26,26,25,0,0.0316,860.847,8171.31,8171.31,806.982,3277,31,3276.7,29,29,30,30,118.515,0.0326,733.166,860.847,27,3276,0,25,24,24,0,3276.7,0,80,13/12/2024 13:29
1065,0,11.8515,24.2513,855.361,806.982,26,26,25,26,26,25,0,0.0316,861.595,8171.31,8171.31,806.982,3277,31,3276.7,29,29,30,30,118.515,0.0328,731.171,861.595,27,3276,0,25,24,24,0,3276.7,0,80,13/12/2024 13:29
1066,0,11.8515,24.2441,854.862,806.982,26,26,25,26,26,25,0,0.0316,860.348,8171.31,8171.31,806.982,3277,31,3276.7,29,29,30,30,118.515,0.0326,733.416,860.348,27,3276,0,25,24,24,0,3276.7,0,80,13/12/2024 13:29
1067,0,11.8515,24.2441,855.86,806.234,26,26,25,26,26,25,0,0.0316,859.6,8171.31,8171.31,806.234,3277,31,3276.7,29,29,30,30,118.515,0.0319,734.413,859.6,27,3276,0,25,24,24,0,3276.7,0,80,13/12/2024 13:29
1068,0,11.8515,24.2441,854.613,806.982,26,26,25,26,26,25,0,0.0316,860.598,8171.31,8171.31,806.982,3277,31,3276.7,29,29,30,30,118.515,0.0325,730.673,860.598,27,3276,0,25,24,24,0,3276.7,0,80,13/12/2024 13:30
1069,0,11.8515,24.2513,854.862,806.982,26,26,25,26,26,25,0,0.0316,862.094,8171.31,8171.31,806.982,3277,31,3276.7,29,29,30,30,118.515,0.0325,735.66,862.094,27,3276,0,25,24,24,0,3276.7,0,80,13/12/2024 13:30
1070,0,11.8515,24.2405,854.862,806.982,26,26,25,26,26,25,0,0.0316,861.845,8171.31,8171.31,806.982,3277,31,3276.7,29,29,30,30,118.515,0.0325,733.166,861.845,27,3276,0,25,24,24,0,3276.7,0,80,13/12/2024 13:30
1071,0,11.8515,24.2441,854.862,806.234,26,26,25,26,26,25,0,0.0316,859.6,8171.31,8171.31,806.234,3277,31,3276.7,29,29,30,30,118.515,0.0327,730.174,859.6,27,3276,0,25,24,24,0,3276.7,0,80,13/12/2024 13:30
1072,0,11.8515,24.2513,854.613,807.231,26,26,25,26,26,25,0,0.0316,859.85,8171.31,8171.31,807.231,3277,31,3276.7,29,29,30,30,118.515,0.0327,733.915,859.85,27,3276,0,25,24,24,0,3276.7,0,80,13/12/2024 13:30
1073,0,11.8515,24.2513,855.361,806.732,26,26,25,26,26,25,0,0.0316,860.348,8171.31,8171.31,806.732,3277,31,3276.7,29,29,30,30,118.515,0.0325,731.171,860.348,27,3276,0,25,24,24,0,3276.7,0,80,13/12/2024 13:30
1074,0,11.8515,24.2441,855.361,806.982,26,26,25,26,26,25,0,0.0316,861.595,8171.31,8171.31,806.982,3277,31,3276.7,29,29,30,30,118.515,0.0328,730.174,861.595,27,3276,0,25,24,24,0,3276.7,0,80,13/12/2024 13:30
1075,0,11.8515,24.2441,854.363,807.231,26,26,25,26,26,25,0,0.0316,861.595,8171.31,8171.31,807.231,3277,31,3276.7,29,29,30,30,118.515,0.0327,732.668,861.595,27,3276,0,25,24,24,0,3276.7,0,80,13/12/2024 13:30
1076,0,11.8515,24.2513,854.613,807.231,26,26,25,26,26,25,0,0.0316,861.096,8171.31,8171.31,807.231,3277,31,3276.7,29,29,30,30,118.515,0.0327,731.92,861.096,27,3276,0,25,24,24,0,3276.7,0,80,13/12/2024 13:30
1077,0,11.8515,24.2513,855.361,806.234,26,26,25,26,26,25,0,0.0316,860.348,8171.31,8171.31,806.234,3277,31,3276.7,29,29,30,30,118.515,0.0327,730.174,860.348,27,3276,0,25,24,24,0,3276.7,0,80,13/12/2024 13:30
1078,0,11.8515,24.2549,855.361,807.231,26,26,25,26,26,25,0,0.0316,860.348,8171.31,8171.31,807.231,3277,31,3276.7,29,29,30,30,118.515,0.0323,733.166,860.348,27,3276,0,25,24,24,0,3276.7,0,80,13/12/2024 13:30
1079,0,11.8515,24.2405,854.862,806.982,26,26,25,26,26,25,0,0.0316,862.094,8171.31,8171.31,806.982,3277,31,3276.7,29,29,30,30,118.515,0.0329,733.416,862.094,27,3276,0,25,24,24,0,3276.7,0,80,13/12/2024 13:30
1080,0,11.8515,24.2513,854.613,807.231,26,26,25,26,26,25,0,0.0316,861.845,8171.31,8171.31,807.231,3277,31,3276.7,29,29,30,30,118.515,0.0329,731.421,861.845,27,3276,0,25,24,24,0,3276.7,0,80,13/12/2024 13:30
1081,0,11.8515,24.2513,854.613,806.982,26,26,25,26,26,25,0,0.0316,860.847,8171.31,8171.31,806.982,3277,31,3276.7,29,29,30,30,118.515,0.0326,730.922,860.847,27,3276,0,25,24,24,0,3276.7,0,80,13/12/2024 13:30
1082,0,11.8515,24.2549,855.361,807.231,26,26,25,26,26,25,0,0.0316,859.85,8171.31,8171.31,807.231,3277,31,3276.7,29,29,30,30,118.515,0.0326,734.912,859.85,27,3276,0,25,24,24,0,3276.7,0,80,13/12/2024 13:30
1083,0,11.8515,24.2513,854.862,806.732,26,26,25,26,26,25,0,0.0316,861.595,8171.31,8171.31,806.732,3277,31,3276.7,29,29,30,30,118.515,0.0326,733.915,861.595,27,3276,0,25,24,24,0,3276.7,0,80,13/12/2024 13:30
1084,0,11.8515,24.2513,856.608,806.732,26,26,25,26,26,25,0,0.0316,860.847,8171.31,8171.31,806.732,3277,31,3276.7,29,29,30,30,118.515,0.0322,733.665,860.847,27,3276,0,25,24,24,0,3276.7,0,80,13/12/2024 13:30
1085,0,11.8515,24.2441,855.361,806.982,26,26,25,26,26,25,0,0.0316,860.847,8171.31,8171.31,806.982,3277,31,3276.7,29,29,30,30,118.515,0.0322,736.907,860.847,27,3276,0,25,24,24,0,3276.7,0,80,13/12/2024 13:30
1086,0,11.8515,24.2441,855.361,806.982,26,26,25,26,26,25,0,0.0316,860.348,8171.31,8171.31,806.982,3277,31,3276.7,29,29,30,30,118.515,0.0324,735.161,860.348,27,3276,0,25,24,24,0,3276.7,0,80,13/12/2024 13:30
1087,0,11.8515,24.2332,854.862,807.231,26,26,25,26,26,25,0,0.0316,859.85,8171.31,8171.31,807.231,3277,31,3276.7,29,29,30,30,118.515,0.0328,732.668,859.85,27,3276,0,25,24,24,0,3276.7,0,80,13/12/2024 13:30
1088,0,11.8515,24.2405,854.862,807.231,26,26,25,26,26,25,0,0.0316,860.847,8171.31,8171.31,807.231,3277,31,3276.7,29,29,30,30,118.515,0.0325,735.161,860.847,27,3276,0,25,24,24,0,3276.7,0,80,13/12/2024 13:30
1089,0,11.8515,24.2441,856.109,807.481,26,26,25,26,26,25,0,0.0316,860.847,8171.31,8171.31,807.481,3277,31,3276.7,29,29,30,30,118.515,0.0328,735.161,860.847,27,3276,0,25,24,24,0,3276.7,0,80,13/12/2024 13:30
1090,0,11.8515,24.2513,855.361,807.231,26,26,25,26,26,25,0,0.0316,859.85,8171.31,8171.31,807.231,3277,31,3276.7,29,29,30,30,118.515,0.0325,731.92,859.85,27,3276,0,25,24,24,0,3276.7,0,80,13/12/2024 13:30
1091,0,11.8515,24.2549,854.613,807.231,26,26,25,26,26,25,0,0.0316,860.348,8171.31,8171.31,807.231,3277,31,3276.7,29,29,30,30,118.515,0.0326,733.416,860.348,27,3276,0,25,24,24,0,3276.7,0,80,13/12/2024 13:30
1092,0,11.8515,24.2441,855.361,806.982,26,26,25,26,26,25,0,0.0316,860.847,8171.31,8171.31,806.982,3277,31,3276.7,29,29,30,30,118.515,0.0326,733.416,860.847,27,3276,0,25,24,24,0,3276.7,0,80,13/12/2024 13:30
1093,0,11.8515,24.2549,854.862,805.735,26,26,25,26,26,25,0,0.0316,862.094,8171.31,8171.31,805.735,3277,31,3276.7,29,29,30,30,118.515,0.0326,731.171,862.094,27,3276,0,25,24,24,0,3276.7,0,80,13/12/2024 13:30
1094,0,11.8515,24.2549,855.361,807.481,26,26,25,26,26,25,0,0.0316,861.595,8171.31,8171.31,807.481,3277,31,3276.7,29,29,30,30,118.515,0.0326,731.171,861.595,27,3276,0,25,24,24,0,3276.7,0,80,13/12/2024 13:30
1095,0,11.8515,24.2513,855.86,807.231,26,26,25,26,26,25,0,0.0316,860.598,8171.31,8171.31,807.231,3277,31,3276.7,29,29,30,30,118.515,0.0324,733.416,860.598,27,3276,0,25,24,24,0,3276.7,0,80,13/12/2024 13:30
1096,0,11.8515,24.2549,855.61,807.231,26,26,25,26,26,25,0,0.0316,859.6,8171.31,8171.31,807.231,3277,31,3276.7,29,29,30,30,118.515,0.0324,731.421,859.6,27,3276,0,25,24,24,0,3276.7,0,80,13/12/2024 13:30
1097,0,11.8515,24.2549,854.862,807.231,26,26,25,26,26,25,0,0.0316,861.845,8171.31,8171.31,807.231,3277,31,3276.7,29,29,30,30,118.515,0.0319,729.675,861.845,27,3276,0,25,24,24,0,3276.7,0,80,13/12/2024 13:30
1098,0,11.8515,24.2549,855.361,806.982,26,26,25,26,26,25,0,0.0316,861.845,8171.31,8171.31,806.982,3277,31,3276.7,29,29,30,30,118.515,0.0324,733.166,861.845,27,3276,0,25,24,24,0,3276.7,0,80,13/12/2024 13:30
1099,0,11.8515,24.2405,854.613,807.481,26,26,25,26,26,25,0,0.0316,860.847,8171.31,8171.31,807.481,3277,31,3276.7,29,29,30,30,118.515,0.0324,730.922,860.847,27,3276,0,25,24,24,0,3276.7,0,80,13/12/2024 13:30
1100,0,11.8515,24.2368,855.361,807.481,26,26,25,26,26,25,0,0.0316,861.096,8171.31,8171.31,807.481,3277,31,3276.7,29,29,30,30,118.515,0.0324,727.68,861.096,27,3276,0,25,24,24,0,3276.7,0,80,13/12/2024 13:30
1101,0,11.8515,24.2549,854.613,806.982,26,26,25,26,26,25,0,0.0316,860.598,8171.31,8171.31,806.982,3277,31,3276.7,29,29,30,30,118.515,0.0324,731.92,860.598,27,3276,0,25,24,24,0,3276.7,0,80,13/12/2024 13:30
1102,0,11.8515,24.2441,855.361,806.234,26,26,25,26,26,25,0,0.0316,861.845,8171.31,8171.31,806.234,3277,31,3276.7,29,29,30,30,118.515,0.0326,731.421,861.845,27,3276,0,25,24,24,0,3276.7,0,80,13/12/2024 13:30
1103,0,11.8515,24.2513,854.862,806.982,26,26,25,26,26,25,0,0.0316,862.094,8171.31,8171.31,806.982,3277,31,3276.7,29,29,30,30,118.515,0.0326,728.428,862.094,27,3276,0,25,24,24,0,3276.7,0,80,13/12/2024 13:30
1104,0,11.8515,24.2513,854.862,806.982,26,26,25,26,26,25,0,0.0316,861.595,8171.31,8171.31,806.982,3277,31,3276.7,29,29,30,30,118.515,0.0326,730.673,861.595,27,3276,0,25,24,24,0,3276.7,0,80,13/12/2024 13:30
1105,0,11.8515,24.2441,855.361,807.231,26,26,25,26,26,25,0,0.0316,860.847,8171.31,8171.31,807.231,3277,31,3276.7,29,29,30,30,118.515,0.0326,731.171,860.847,27,3276,0,25,24,24,0,3276.7,0,80,13/12/2024 13:30
1106,0,11.8515,24.2585,855.361,807.481,26,26,25,26,26,25,0,0.0316,861.595,8171.31,8171.31,807.481,3277,31,3276.7,29,29,30,30,118.515,0.0323,728.179,861.595,27,3276,0,25,24,24,0,3276.7,0,80,13/12/2024 13:30
1107,0,11.8515,24.2441,855.61,806.982,26,26,25,26,26,25,0,0.0316,861.845,8171.31,8171.31,806.982,3277,31,3276.7,29,29,30,30,118.515,0.0323,729.426,861.845,27,3276,0,25,24,24,0,3276.7,0,80,13/12/2024 13:30
1108,0,11.8515,24.2441,855.361,806.234,26,26,25,26,26,25,0,0.0316,862.094,8171.31,8171.31,806.234,3277,31,3276.7,29,29,30,30,118.515,0.0325,730.174,862.094,27,3276,0,25,24,24,0,3276.7,0,80,13/12/2024 13:30
1109,0,11.8515,24.2441,855.86,807.231,26,26,25,26,26,25,0,0.0316,861.096,8171.31,8171.31,807.231,3277,31,3276.7,29,29,30,30,118.515,0.0321,727.431,861.096,27,3276,0,25,24,24,0,3276.7,0,80,13/12/2024 13:30
1110,0,11.8515,24.2513,855.361,805.984,26,26,25,26,26,25,0,0.0316,860.847,8171.31,8171.31,805.984,3277,31,3276.7,29,29,30,30,118.515,0.0327,727.68,860.847,27,3276,0,25,24,24,0,3276.7,0,80,13/12/2024 13:30
1111,0,11.8515,24.2441,855.61,807.231,26,26,25,26,26,25,0,0.0316,861.096,8171.31,8171.31,807.231,3277,31,3276.7,29,29,30,30,118.515,0.0323,729.675,861.096,27,3276,0,25,24,24,0,3276.7,0,80,13/12/2024 13:30
1112,0,11.8515,24.2513,855.361,807.231,26,26,25,26,26,25,0,0.0316,862.094,8171.31,8171.31,807.231,3277,31,3276.7,29,29,30,30,118.515,0.0325,727.68,862.094,27,3276,0,25,24,24,0,3276.7,0,80,13/12/2024 13:30
1113,0,11.8515,24.2513,854.862,807.231,26,26,25,26,26,25,0,0.0316,862.094,8171.31,8171.31,807.231,3277,31,3276.7,29,29,30,30,118.515,0.0328,726.433,862.094,27,3276,0,25,24,24,0,3276.7,0,80,13/12/2024 13:30
1114,0,11.8515,24.2513,854.862,806.732,26,26,25,26,26,25,0,0.0316,860.598,8171.31,8171.31,806.732,3277,31,3276.7,29,29,30,30,118.515,0.0325,729.426,860.598,27,3276,0,25,24,24,0,3276.7,0,80,13/12/2024 13:30
1115,0,11.8515,24.2549,855.361,806.982,26,26,25,26,26,25,0,0.0316,861.595,8171.31,8171.31,806.982,3277,31,3276.7,29,29,30,30,118.515,0.032,728.678,861.595,27,3276,0,25,24,24,0,3276.7,0,80,13/12/2024 13:30
1116,0,11.8515,24.2549,854.613,806.982,26,26,25,26,26,25,0,0.0316,861.595,8171.31,8171.31,806.982,3277,31,3276.7,29,29,30,30,118.515,0.0322,725.935,861.595,27,3276,0,25,24,24,0,3276.7,0,80,13/12/2024 13:30
1117,0,11.8515,24.2513,856.109,806.234,26,26,25,26,26,25,0,0.0316,862.343,8171.31,8171.31,806.234,3277,31,3276.7,29,29,30,30,118.515,0.0322,728.678,862.343,27,3276,0,25,24,24,0,3276.7,0,80,13/12/2024 13:30
1118,0,11.8515,24.2585,855.61,806.982,26,26,25,26,26,25,0,0.0316,861.845,8171.31,8171.31,806.982,3277,31,3276.7,29,29,30,30,118.515,0.0326,728.428,861.845,27,3276,0,25,24,24,0,3276.7,0,80,13/12/2024 13:30
1119,0,11.8515,24.2513,855.361,807.231,26,26,25,26,26,25,0,0.0316,861.096,8171.31,8171.31,807.231,3277,31,3276.7,29,29,30,30,118.515,0.0326,725.186,861.096,27,3276,0,25,24,24,0,3276.7,0,80,13/12/2024 13:30
1120,0,11.8515,24.2405,855.361,806.982,26,26,25,26,26,25,0,0.0316,861.096,8171.31,8171.31,806.982,3277,31,3276.7,29,29,30,30,118.515,0.0326,726.932,861.096,27,3276,0,25,24,24,0,3276.7,0,80,13/12/2024 13:30
1121,0,11.8515,24.2405,855.361,806.982,26,26,25,26,26,25,0,0.0316,862.343,8171.31,8171.31,806.982,3277,31,3276.7,29,29,30,30,118.515,0.0326,728.179,862.343,27,3276,0,25,24,24,0,3276.7,0,80,13/12/2024 13:30
1122,0,11.8515,24.2441,855.361,807.481,26,26,25,26,26,25,0,0.0317,862.842,8171.31,8171.31,807.481,3277,31,3276.7,29,29,30,30,118.515,0.0324,726.184,862.842,27,3276,0,25,24,24,0,3276.7,0,80,13/12/2024 13:30
1123,0,11.8515,24.2513,854.862,807.231,26,26,25,26,26,25,0,0.0315,861.096,8171.31,8171.31,807.231,3277,31,3276.7,29,29,30,30,118.515,0.0324,725.186,861.096,27,3276,0,25,24,24,0,3276.7,0,80,13/12/2024 13:30
1124,0,11.8515,24.2513,855.361,806.732,26,26,25,26,26,25,0,0.0315,861.096,8171.31,8171.31,806.732,3277,31,3276.7,29,29,30,30,118.515,0.0324,727.68,861.096,27,3276,0,25,24,24,0,3276.7,0,80,13/12/2024 13:30
1125,0,11.8515,24.2405,854.862,805.984,26,26,25,26,26,25,0,0.0315,862.094,8171.31,8171.31,805.984,3277,31,3276.7,29,29,30,30,118.515,0.0324,727.181,862.094,27,3276,0,25,24,24,0,3276.7,0,80,13/12/2024 13:30
1126,0,11.8515,24.2513,854.862,807.481,26,26,25,26,26,25,0,0.0315,862.094,8171.31,8171.31,807.481,3277,31,3276.7,29,29,30,30,118.515,0.0324,725.186,862.094,27,3276,0,25,24,24,0,3276.7,0,80,13/12/2024 13:30
1127,0,11.8515,24.2549,854.862,806.234,26,26,25,26,26,25,0,0.0315,862.094,8171.31,8171.31,806.234,3277,31,3276.7,29,29,30,30,118.515,0.0324,728.179,862.094,27,3276,0,25,24,24,0,3276.7,0,80,13/12/2024 13:30
1128,0,11.8515,24.2513,855.361,807.231,26,26,25,26,26,25,0,0.0315,861.096,8171.31,8171.31,807.231,3277,31,3276.7,29,29,30,30,118.515,0.0323,727.68,861.096,27,3276,0,25,24,24,0,3276.7,0,80,13/12/2024 13:31
1129,0,11.8515,24.2405,854.862,806.982,26,26,25,26,26,25,0,0.0315,859.85,8171.31,8171.31,806.982,3277,31,3276.7,29,29,30,30,118.515,0.0327,724.937,859.85,27,3276,0,25,24,24,0,3276.7,0,80,13/12/2024 13:31
1130,0,11.8515,24.226,854.862,806.732,26,26,25,26,26,25,0,0.0315,862.343,8171.31,8171.31,806.732,3277,31,3276.7,29,29,30,30,118.515,0.0324,727.68,862.343,27,3276,0,25,24,24,0,3276.7,0,80,13/12/2024 13:31
1131,0,11.8515,24.2441,855.361,806.982,26,26,25,26,26,25,0,0.0315,861.845,8171.31,8171.31,806.982,3277,31,3276.7,29,29,30,30,118.515,0.0324,727.68,861.845,27,3276,0,25,24,24,0,3276.7,0,80,13/12/2024 13:31
1132,0,11.8515,24.2549,854.862,806.982,26,26,25,26,26,25,0,0.0315,861.595,8171.31,8171.31,806.982,3277,31,3276.7,29,29,30,30,118.515,0.0326,725.186,861.595,27,3276,0,25,24,24,0,3276.7,0,80,13/12/2024 13:31
1133,0,11.8515,24.2441,854.862,806.732,26,26,25,26,26,25,0,0.0315,861.096,8171.31,8171.31,806.732,3277,31,3276.7,29,29,30,30,118.515,0.0326,727.181,861.096,27,3276,0,25,24,24,0,3276.7,0,80,13/12/2024 13:31
1134,0,11.8515,24.2549,855.61,806.982,26,26,25,26,26,25,0,0.0315,860.847,8171.31,8171.31,806.982,3277,31,3276.7,29,29,30,30,118.515,0.0324,728.428,860.847,27,3276,0,25,24,24,0,3276.7,0,80,13/12/2024 13:31
1135,0,11.8515,24.2441,855.361,806.234,26,26,25,26,26,25,0,0.0315,862.094,8171.31,8171.31,806.234,3277,31,3276.7,29,29,30,30,118.515,0.0326,725.186,862.094,27,3276,0,25,24,24,0,3276.7,0,80,13/12/2024 13:31
1136,0,11.8515,24.2549,854.862,807.231,26,26,25,26,26,25,0,0.0315,862.094,8171.31,8171.31,807.231,3277,31,3276.7,29,29,30,30,118.515,0.0326,726.433,862.094,27,3276,0,25,24,24,0,3276.7,0,80,13/12/2024 13:31
1137,0,11.8515,24.2441,854.862,806.982,26,26,25,26,26,25,0,0.0315,861.845,8171.31,8171.31,806.982,3277,31,3276.7,29,29,30,30,118.515,0.0329,728.678,861.845,27,3276,0,25,24,24,0,3276.7,0,80,13/12/2024 13:31
1138,0,11.8515,24.2513,855.361,807.231,26,26,25,26,26,25,0,0.0315,859.85,8171.31,8171.31,807.231,3277,31,3276.7,29,29,30,30,118.515,0.0325,725.935,859.85,27,3276,0,25,24,24,0,3276.7,0,80,13/12/2024 13:31
1139,0,11.8515,24.2405,854.862,807.481,26,26,25,26,26,25,0,0.0315,861.845,8171.31,8171.31,807.481,3277,31,3276.7,29,29,30,30,118.515,0.0325,725.685,861.845,27,3276,0,25,24,24,0,3276.7,0,80,13/12/2024 13:31
1140,0,11.8515,24.2441,854.862,807.231,26,26,25,26,26,25,0,0.0315,862.094,8171.31,8171.31,807.231,3277,31,3276.7,29,29,30,30,118.515,0.0325,728.927,862.094,27,3276,0,25,24,24,0,3276.7,0,80,13/12/2024 13:31
1141,0,11.8515,24.2441,854.613,806.234,26,26,25,26,26,25,0,0.0315,862.094,8171.31,8171.31,806.234,3277,31,3276.7,29,29,30,30,118.515,0.0325,728.179,862.094,27,3276,0,25,24,24,0,3276.7,0,80,13/12/2024 13:31
1142,0,11.8515,24.2549,855.361,807.979,26,26,25,26,26,25,0,0.0315,860.598,8171.31,8171.31,807.979,3277,31,3276.7,29,29,30,30,118.515,0.0323,725.935,860.598,27,3276,0,25,24,24,0,3276.7,0,80,13/12/2024 13:31
1143,0,11.8515,24.2513,854.862,807.231,26,26,25,26,26,25,0,0.0315,861.096,8171.31,8171.31,807.231,3277,31,3276.7,29,29,30,30,118.515,0.0325,728.179,861.096,27,3276,0,25,24,24,0,3276.7,0,80,13/12/2024 13:31
1144,0,11.8515,24.2405,855.61,805.984,26,26,25,26,26,25,0,0.0315,862.094,8171.31,8171.31,805.984,3277,31,3276.7,29,29,30,30,118.515,0.0325,729.675,862.094,27,3276,0,25,24,24,0,3276.7,0,80,13/12/2024 13:31
1145,0,11.8515,24.2513,855.61,806.234,26,26,25,26,26,25,0,0.0315,862.094,8171.31,8171.31,806.234,3277,31,3276.7,29,29,30,30,118.515,0.0329,726.932,862.094,27,3276,0,25,24,24,0,3276.7,0,80,13/12/2024 13:31
1146,0,11.8515,24.2368,855.361,807.231,26,26,25,26,26,25,0,0.0315,860.598,8171.31,8171.31,807.231,3277,31,3276.7,29,29,30,30,118.515,0.0325,726.433,860.598,27,3276,0,25,24,24,0,3276.7,0,80,13/12/2024 13:31
1147,0,11.8515,24.2549,854.862,806.982,26,26,25,26,26,25,0,0.0315,860.847,8171.31,8171.31,806.982,3277,31,3276.7,29,29,30,30,118.515,0.0325,728.428,860.847,27,3276,0,25,24,24,0,3276.7,0,80,13/12/2024 13:31
1148,0,11.8515,24.2549,854.862,806.732,26,26,25,26,26,25,0,0.0315,862.094,8171.31,8171.31,806.732,3277,31,3276.7,29,29,30,30,118.515,0.0322,726.932,862.094,27,3276,0,25,24,24,0,3276.7,0,80,13/12/2024 13:31
1149,0,11.8515,24.2441,855.361,806.234,26,26,25,26,26,25,0,0.0315,862.343,8171.31,8171.31,806.234,3277,31,3276.7,29,29,30,30,118.515,0.0322,726.184,862.343,27,3276,0,25,24,24,0,3276.7,0,80,13/12/2024 13:31
1150,0,11.8515,24.2513,854.613,806.982,26,26,25,26,26,25,0,0.0315,860.598,8171.31,8171.31,806.982,3277,31,3276.7,29,29,30,30,118.515,0.0326,728.927,860.598,27,3276,0,25,24,24,0,3276.7,0,80,13/12/2024 13:31
1151,0,11.8515,24.2441,854.862,806.732,26,26,25,26,26,25,0,0.0315,860.847,8171.31,8171.31,806.732,3277,31,3276.7,29,29,30,30,118.515,0.0325,730.174,860.847,27,3276,0,25,24,24,0,3276.7,0,80,13/12/2024 13:31
1152,0,11.8515,24.2405,855.361,806.234,26,26,25,26,26,25,0,0.0315,861.595,8171.31,8171.31,806.234,3277,31,3276.7,29,29,30,30,118.515,0.0325,728.428,861.595,27,3276,0,25,24,24,0,3276.7,0,80,13/12/2024 13:31
1153,0,11.8515,24.2441,854.613,806.982,26,26,25,26,26,25,0,0.0315,862.094,8171.31,8171.31,806.982,3277,31,3276.7,29,29,30,30,118.515,0.0325,727.431,862.094,27,3276,0,25,24,24,0,3276.7,0,80,13/12/2024 13:31
1154,0,11.8515,24.2441,854.862,806.982,26,26,25,26,26,25,0,0.0315,860.348,8171.31,8171.31,806.982,3277,31,3276.7,29,29,30,30,118.515,0.0325,729.675,860.348,27,3276,0,25,24,24,0,3276.7,0,80,13/12/2024 13:31
1155,0,11.8515,24.2513,854.862,807.481,26,26,25,26,26,25,0,0.0315,860.348,8171.31,8171.31,807.481,3277,31,3276.7,29,29,30,30,118.515,0.0325,730.174,860.348,27,3276,0,25,24,24,0,3276.7,0,80,13/12/2024 13:31
1156,0,11.8515,24.2549,854.862,806.982,26,26,25,26,26,25,0,0.0315,862.094,8171.31,8171.31,806.982,3277,31,3276.7,29,29,30,30,118.515,0.0326,726.932,862.094,27,3276,0,25,24,24,0,3276.7,0,80,13/12/2024 13:31
1157,0,11.8515,24.2585,855.361,806.982,26,26,25,26,26,25,0,0.0315,861.595,8171.31,8171.31,806.982,3277,31,3276.7,29,29,30,30,118.515,0.0323,726.433,861.595,27,3276,0,25,24,24,0,3276.7,0,80,13/12/2024 13:31
1158,0,11.8515,24.2585,855.61,806.982,26,26,25,26,26,25,0,0.0315,860.847,8171.31,8171.31,806.982,3277,31,3276.7,29,29,30,30,118.515,0.0325,728.678,860.847,27,3276,0,25,24,24,0,3276.7,0,80,13/12/2024 13:31
1159,0,11.8515,24.2332,855.361,806.732,26,26,25,26,26,25,0,0.0315,860.847,8171.31,8171.31,806.732,3277,31,3276.7,29,29,30,30,118.515,0.0321,728.428,860.847,27,3276,0,25,24,24,0,3276.7,0,80,13/12/2024 13:31
1160,0,11.8515,24.2513,855.86,806.982,26,26,25,26,26,25,0,0.0315,861.845,8171.31,8171.31,806.982,3277,31,3276.7,29,29,30,30,118.515,0.0329,725.935,861.845,27,3276,0,25,24,24,0,3276.7,0,80,13/12/2024 13:31
1161,0,11.8515,24.2549,855.361,807.231,26,26,25,26,26,25,0,0.0315,861.845,8171.31,8171.31,807.231,3277,31,3276.7,29,29,30,30,118.515,0.0326,728.179,861.845,27,3276,0,25,24,24,0,3276.7,0,80,13/12/2024 13:31
1162,0,11.8515,24.2441,854.862,806.982,26,26,25,26,26,25,0,0.0315,861.845,8171.31,8171.31,806.982,3277,31,3276.7,29,29,30,30,118.515,0.0325,728.927,861.845,27,3276,0,25,24,24,0,3276.7,0,80,13/12/2024 13:31
1163,0,11.8515,24.2441,855.361,806.982,26,26,25,26,26,25,0,0.0315,860.847,8171.31,8171.31,806.982,3277,31,3276.7,29,29,30,30,118.515,0.0325,727.68,860.847,27,3276,0,25,24,24,0,3276.7,0,80,13/12/2024 13:31
1164,0,11.8515,24.2441,856.109,807.231,26,26,25,26,26,25,0,0.0315,860.598,8171.31,8171.31,807.231,3277,31,3276.7,29,29,30,30,118.515,0.0323,727.431,860.598,27,3276,0,25,24,24,0,3276.7,0,80,13/12/2024 13:31
1165,0,11.8515,24.2513,855.61,807.231,26,26,25,26,26,25,0,0.0315,862.343,8171.31,8171.31,807.231,3277,31,3276.7,29,29,30,30,118.515,0.0323,730.174,862.343,27,3276,0,25,24,24,0,3276.7,0,80,13/12/2024 13:31
1166,0,11.8515,24.2441,854.862,807.231,26,26,25,26,26,25,0,0.0315,861.595,8171.31,8171.31,807.231,3277,31,3276.7,29,29,30,30,118.515,0.0325,727.68,861.595,27,3276,0,25,24,24,0,3276.7,0,80,13/12/2024 13:31
1167,0,11.8515,24.2513,854.862,806.234,26,26,25,26,26,25,0,0.0315,861.096,8171.31,8171.31,806.234,3277,31,3276.7,29,29,30,30,118.515,0.0329,727.181,861.096,27,3276,0,25,24,24,0,3276.7,0,80,13/12/2024 13:31
1168,0,11.8515,24.2405,855.361,806.732,26,26,25,26,26,25,0,0.0315,860.598,8171.31,8171.31,806.732,3277,31,3276.7,29,29,30,30,118.515,0.0329,729.925,860.598,27,3276,0,25,24,24,0,3276.7,0,80,13/12/2024 13:31
1169,0,11.8515,24.2585,855.61,807.231,26,26,25,26,26,25,0,0.0315,861.595,8171.31,8171.31,807.231,3277,31,3276.7,29,29,30,30,118.515,0.0329,729.426,861.595,27,3276,0,25,24,24,0,3276.7,0,80,13/12/2024 13:31
1170,0,11.8515,24.2513,854.862,806.982,26,26,25,26,26,25,0,0.0315,862.842,8171.31,8171.31,806.982,3277,31,3276.7,29,29,30,30,118.515,0.0327,727.181,862.842,27,3276,0,25,24,24,0,3276.7,0,80,13/12/2024 13:31
1171,0,11.8515,24.2513,855.61,806.732,26,26,25,26,26,25,0,0.0315,861.096,8171.31,8171.31,806.732,3277,31,3276.7,29,29,30,30,118.515,0.0327,729.925,861.096,27,3276,0,25,24,24,0,3276.7,0,80,13/12/2024 13:31
1172,0,11.8515,24.2549,855.61,805.984,26,26,25,26,26,25,0,0.0315,861.845,8171.31,8171.31,805.984,3277,31,3276.7,29,29,30,30,118.515,0.0327,728.428,861.845,27,3276,0,25,24,24,0,3276.7,0,80,13/12/2024 13:31
1173,0,11.8515,24.2513,855.86,807.231,26,26,25,26,26,25,0,0.0315,860.348,8171.31,8171.31,807.231,3277,31,3276.7,29,29,30,30,118.515,0.0327,727.181,860.348,27,3276,0,25,24,24,0,3276.7,0,80,13/12/2024 13:31
1174,0,11.8515,24.2441,855.361,806.982,26,26,25,26,26,25,0,0.0315,861.595,8171.31,8171.31,806.982,3277,31,3276.7,29,29,30,30,118.515,0.0324,730.174,861.595,27,3276,0,25,24,24,0,3276.7,0,80,13/12/2024 13:31
1175,0,11.8515,24.2549,854.613,806.982,26,26,25,26,26,25,0,0.0315,862.343,8171.31,8171.31,806.982,3277,31,3276.7,29,29,30,30,118.515,0.0324,727.68,862.343,27,3276,0,25,24,24,0,3276.7,0,80,13/12/2024 13:31
1176,0,11.8515,24.2441,854.862,806.982,26,26,25,26,26,25,0,0.0315,862.094,8171.31,8171.31,806.982,3277,31,3276.7,29,29,30,30,118.515,0.0327,727.68,862.094,27,3276,0,25,24,24,0,3276.7,0,80,13/12/2024 13:31
1177,0,11.8515,24.2585,855.61,806.732,26,26,25,26,26,25,0,0.0312,862.842,8171.31,8171.31,806.732,3277,31,3276.7,29,29,30,30,118.515,0.0327,730.922,862.842,27,3276,0,25,24,24,0,3276.7,0,80,13/12/2024 13:31
1178,0,11.8515,24.2441,854.862,806.234,26,26,25,26,26,25,0,0.0312,860.847,8171.31,8171.31,806.234,3277,31,3276.7,29,29,30,30,118.515,0.0323,727.431,860.847,27,3276,0,25,24,24,0,3276.7,0,80,13/12/2024 13:31
1179,0,11.8515,24.2513,855.61,806.982,26,26,25,26,26,25,0,0.0312,860.348,8171.31,8171.31,806.982,3277,31,3276.7,29,29,30,30,118.515,0.0323,728.927,860.348,27,3276,0,25,24,24,0,3276.7,0,80,13/12/2024 13:31
1180,0,11.8515,24.2441,855.61,806.732,26,26,25,26,26,25,0,0.0312,861.096,8171.31,8171.31,806.732,3277,31,3276.7,29,29,30,30,118.515,0.0323,730.174,861.096,27,3276,0,25,24,24,0,3276.7,0,80,13/12/2024 13:31
1181,0,11.8515,24.2549,854.862,805.984,26,26,25,26,26,25,0,0.0312,861.845,8171.31,8171.31,805.984,3277,31,3276.7,29,29,30,30,118.515,0.0327,726.433,861.845,27,3276,0,25,24,24,0,3276.7,0,80,13/12/2024 13:31
1182,0,11.8515,24.2405,855.361,806.234,26,26,25,26,26,25,0,0.0312,862.094,8171.31,8171.31,806.234,3277,31,3276.7,29,29,30,30,118.515,0.0327,730.922,862.094,27,3276,0,25,24,24,0,3276.7,0,80,13/12/2024 13:31
1183,0,11.8515,24.2441,855.61,806.234,26,26,25,26,26,25,0,0.0312,862.094,8171.31,8171.31,806.234,3277,31,3276.7,29,29,30,30,118.515,0.0327,729.426,862.094,27,3276,0,25,24,24,0,3276.7,0,80,13/12/2024 13:31
1184,0,11.8515,24.2441,855.61,806.982,26,26,25,26,26,25,0,0.0312,860.348,8171.31,8171.31,806.982,3277,31,3276.7,29,29,30,30,118.515,0.0327,726.433,860.348,27,3276,0,25,24,24,0,3276.7,0,80,13/12/2024 13:31
1185,0,11.8515,24.2405,855.86,807.231,26,26,25,26,26,25,0,0.0312,860.847,8171.31,8171.31,807.231,3277,31,3276.7,29,29,30,30,118.515,0.0325,730.174,860.847,27,3276,0,25,24,24,0,3276.7,0,80,13/12/2024 13:31
1186,0,11.8515,24.2513,855.361,806.234,26,26,25,26,26,25,0,0.0312,861.096,8171.31,8171.31,806.234,3277,31,3276.7,29,29,30,30,118.515,0.0325,727.68,861.096,27,3276,0,25,24,24,0,3276.7,0,80,13/12/2024 13:31
1187,0,11.8515,24.2585,855.361,806.732,26,26,25,26,26,25,0,0.0312,861.096,8171.31,8171.31,806.732,3277,31,3276.7,29,29,30,30,118.515,0.0321,727.68,861.096,27,3276,0,25,24,24,0,3276.7,0,80,13/12/2024 13:31
1188,0,11.8515,24.2513,855.61,806.982,26,26,25,26,26,25,0,0.0312,862.343,8171.31,8171.31,806.982,3277,31,3276.7,29,29,30,30,118.515,0.0321,730.673,862.343,27,3276,0,25,24,24,0,3276.7,0,80,13/12/2024 13:32
1189,0,11.8515,24.2441,855.361,807.481,26,26,25,26,26,25,0,0.0312,861.595,8171.31,8171.31,807.481,3277,31,3276.7,29,29,30,30,118.515,0.0321,727.181,861.595,27,3276,0,25,24,24,0,3276.7,0,80,13/12/2024 13:32
1190,0,11.8515,24.2549,854.862,807.231,26,26,25,26,26,25,0,0.0312,862.094,8171.31,8171.31,807.231,3277,31,3276.7,29,29,30,30,118.515,0.0323,729.925,862.094,27,3276,0,25,24,24,0,3276.7,0,80,13/12/2024 13:32
1191,0,11.8515,24.2549,855.61,806.982,26,26,25,26,26,25,0,0.0312,861.595,8171.31,8171.31,806.982,3277,31,3276.7,29.1,29.1,30,30,118.515,0.0325,728.678,861.595,27,3276,0,25,24,24,0,3276.7,0,80,13/12/2024 13:32
1192,0,11.8515,24.2513,855.361,806.982,26,26,25,26,26,25,0,0.0312,860.598,8171.31,8171.31,806.982,3277,31,3276.7,29,29,30,30,118.515,0.0325,726.433,860.598,27,3276,0,25,24,24,0,3276.7,0,80,13/12/2024 13:32
1193,0,11.8515,24.2513,855.361,806.982,26,26,25,26,26,25,0,0.0312,861.096,8171.31,8171.31,806.982,3277,31,3276.7,29,29,30,30,118.515,0.0325,730.174,861.096,27,3276,0,25,24,24,0,3276.7,0,80,13/12/2024 13:32
1194,0,11.8515,24.2513,854.363,806.234,26,26,25,26,26,25,0,0.0312,860.847,8171.31,8171.31,806.234,3277,31,3276.7,29.1,29.1,30,30,118.515,0.0325,726.932,860.847,27,3276,0,25,24,24,0,3276.7,0,80,13/12/2024 13:32
1195,0,11.8515,24.2622,854.613,806.732,26,26,25,26,26,25,0,0.0312,862.094,8171.31,8171.31,806.732,3277,31,3276.7,29.1,29.1,30,30,118.515,0.0325,729.675,862.094,27,3276,0,25,24,24,0,3276.7,0,80,13/12/2024 13:32
1196,0,11.8515,24.2513,855.86,807.231,26,26,25,26,26,25,0,0.0312,862.094,8171.31,8171.31,807.231,3277,31,3276.7,29.1,29.1,30,30,118.515,0.0325,729.925,862.094,27,3276,0,25,24,24,0,3276.7,0,80,13/12/2024 13:32
1197,0,11.8515,24.2441,854.613,806.234,26,26,25,26,26,25,0,0.0312,861.845,8171.31,8171.31,806.234,3277,31,3276.7,29.1,29.1,30,30,118.515,0.0325,725.186,861.845,27,3276,0,25,24,24,0,3276.7,0,80,13/12/2024 13:32
1198,0,11.8515,24.2441,855.86,806.732,26,26,25,26,26,25,0,0.0312,862.094,8171.31,8171.31,806.732,3277,31,3276.7,29.1,29.1,30,30,118.515,0.0323,730.174,862.094,27,3276,0,25,24,24,0,3276.7,0,80,13/12/2024 13:32
1199,0,11.8515,24.2441,855.361,805.984,26,26,25,26,26,25,0,0.0312,860.847,8171.31,8171.31,805.984,3277,31,3276.7,29.1,29.1,30,30,118.515,0.0323,727.431,860.847,27,3276,0,25,24,24,0,3276.7,0,80,13/12/2024 13:32
1200,0,11.8515,24.2513,854.613,806.732,26,26,25,26,26,25,0,0.0312,860.348,8171.31,8171.31,806.732,3277,31,3276.7,29.1,29.1,30,30,118.515,0.0331,728.179,860.348,27,3276,0,25,24,24,0,3276.7,0,80,13/12/2024 13:32
1201,0,11.8515,24.2405,855.361,806.732,26,26,25,26,26,25,0,0.0312,860.598,8171.31,8171.31,806.732,3277,31,3276.7,29.1,29.1,30,30,118.515,0.0325,729.925,860.598,27,3276,0,25,24,24,0,3276.7,0,80,13/12/2024 13:32
1202,0,11.8515,24.2405,854.862,806.982,26,26,25,26,26,25,0,0.0312,861.845,8171.31,8171.31,806.982,3277,31,3276.7,29.1,29.1,30,30,118.515,0.0325,726.433,861.845,27,3276,0,25,24,24,0,3276.7,0,80,13/12/2024 13:32
1203,0,11.8515,24.2405,855.361,805.984,26,26,25,26,26,25,0,0.0312,862.343,8171.31,8171.31,805.984,3277,31,3276.7,29.1,29.1,30,30,118.515,0.0325,730.174,862.343,27,3276,0,25,24,24,0,3276.7,0,80,13/12/2024 13:32
1204,0,11.8515,24.2549,854.862,806.732,26,26,25,26,26,25,0,0.0312,861.845,8171.31,8171.31,806.732,3277,31,3276.7,29.1,29.1,30,30,118.515,0.0325,727.68,861.845,27,3276,0,25,24,24,0,3276.7,0,80,13/12/2024 13:32
1205,0,11.8515,24.2513,854.862,806.982,26,26,25,26,26,25,0,0.0312,862.094,8171.31,8171.31,806.982,3277,31,3276.7,29.1,29.1,30,30,118.515,0.0325,727.181,862.094,27,3276,0,25,24,24,0,3276.7,0,80,13/12/2024 13:32
1206,0,11.8515,24.2585,855.361,806.234,26,26,25,26,26,25,0,0.0318,861.096,8171.31,8171.31,806.234,3277,31,3276.7,29.1,29.1,30,30,118.515,0.0327,729.925,861.096,27,3276,0,25,24,24,0,3276.7,0,80,13/12/2024 13:32
1207,0,11.8515,24.2441,855.61,806.732,26,26,25,26,26,25,0,0.0312,860.847,8171.31,8171.31,806.732,3277,31,3276.7,29.1,29.1,30,30,118.515,0.0328,727.68,860.847,27,3276,0,25,24,24,0,3276.7,0,80,13/12/2024 13:32
1208,0,11.8515,24.2513,854.613,806.982,26,26,25,26,26,25,0,0.0312,860.598,8171.31,8171.31,806.982,3277,31,3276.7,29.1,29.1,30,30,118.515,0.0324,729.675,860.598,27,3276,0,25,24,24,0,3276.7,0,80,13/12/2024 13:32
1209,0,11.8515,24.2513,854.613,806.234,26,26,25,26,26,25,0,0.0312,861.096,8171.31,8171.31,806.234,3277,31,3276.7,29.1,29.1,30,30,118.515,0.0329,730.174,861.096,27,3276,0,25,24,24,0,3276.7,0,80,13/12/2024 13:32
1210,0,11.8515,24.2513,854.862,806.732,26,26,25,26,26,25,0,0.0312,862.094,8171.31,8171.31,806.732,3277,31,3276.7,29.1,29.1,30,30,118.515,0.032,725.186,862.094,27,3276,0,25,24,24,0,3276.7,0,80,13/12/2024 13:32
1211,0,11.8515,24.2549,854.862,806.982,26,26,25,26,26,25,0,0.0312,861.845,8171.31,8171.31,806.982,3277,31,3276.7,29.1,29.1,30,30,118.515,0.0329,728.927,861.845,27,3276,0,25,24,24,0,3276.7,0,80,13/12/2024 13:32
1212,0,11.8515,24.2513,854.862,805.735,26,26,25,26,26,25,0,0.0312,861.595,8171.31,8171.31,805.735,3277,31,3276.7,29.1,29.1,30,30,118.515,0.0326,728.428,861.595,27,3276,0,25,24,24,0,3276.7,0,80,13/12/2024 13:32
1213,0,11.8515,24.2513,854.862,806.732,26,26,25,26,26,25,0,0.0312,860.598,8171.31,8171.31,806.732,3277,31,3276.7,29.1,29.1,30,30,118.515,0.0326,725.935,860.598,27,3276,0,25,24,24,0,3276.7,0,80,13/12/2024 13:32
1214,0,11.8515,24.2441,855.61,805.984,26,26,25,26,26,25,0,0.0312,861.595,8171.31,8171.31,805.984,3277,31,3276.7,29.1,29.1,30,30,118.515,0.0323,730.174,861.595,27,3276,0,25,24,24,0,3276.7,0,80,13/12/2024 13:32
1215,0,11.8515,24.2513,855.61,806.732,26,26,25,26,26,25,0,0.0312,861.595,8171.31,8171.31,806.732,3277,31,3276.7,29.1,29.1,30,30,118.515,0.0327,728.179,861.595,27,3276,0,25,24,24,0,3276.7,0,80,13/12/2024 13:32
1216,0,11.8515,24.2441,854.613,806.982,26,26,25,26,26,25,0,0.0312,862.094,8171.31,8171.31,806.982,3277,31,3276.7,29.1,29.1,30,30,118.515,0.0327,726.433,862.094,27,3276,0,25,24,24,0,3276.7,0,80,13/12/2024 13:32
1217,0,11.8515,24.2585,854.613,805.984,26,26,25,26,26,25,0,0.0312,862.094,8171.31,8171.31,805.984,3277,31,3276.7,29.1,29.1,30,30,118.515,0.0322,730.922,862.094,27,3276,0,25,24,24,0,3276.7,0,80,13/12/2024 13:32
1218,0,11.8515,24.2405,854.613,806.732,26,26,25,26,26,25,0,0.0312,860.598,8171.31,8171.31,806.732,3277,31,3276.7,29.1,29.1,30,30,118.515,0.0319,728.179,860.598,27,3276,0,25,24,24,0,3276.7,0,80,13/12/2024 13:32
1219,0,11.8515,24.2405,854.862,806.982,26,26,25,26,26,25,0,0.0312,860.348,8171.31,8171.31,806.982,3277,31,3276.7,29.1,29.1,30,30,118.515,0.0331,726.932,860.348,27,3276,0,25,24,24,0,3276.7,0,80,13/12/2024 13:32
1220,0,11.8515,24.2441,855.361,806.732,26,26,25,26,26,25,0,0.0312,861.096,8171.31,8171.31,806.732,3277,31,3276.7,29.1,29.1,30,30,118.515,0.0324,729.925,861.096,27,3276,0,25,24,24,0,3276.7,0,80,13/12/2024 13:32
1221,0,11.8515,24.2441,855.61,806.982,26,26,25,26,26,25,0,0.0312,862.094,8171.31,8171.31,806.982,3277,31,3276.7,29.1,29.1,30,30,118.515,0.0324,728.678,862.094,27,3276,0,25,24,24,0,3276.7,0,80,13/12/2024 13:32
1222,0,11.8515,24.2441,854.613,806.982,26,26,25,26,26,25,0,0.0312,862.094,8171.31,8171.31,806.982,3277,31,3276.7,29.1,29.1,30,30,118.515,0.0324,727.68,862.094,27,3276,0,25,24,24,0,3276.7,0,80,13/12/2024 13:32
1223,0,11.8515,24.2585,855.86,806.982,26,26,25,26,26,25,0,0.0312,861.595,8171.31,8171.31,806.982,3277,31,3276.7,29.1,29.1,30,30,118.515,0.0326,729.925,861.595,27,3276,0,25,24,24,0,3276.7,0,80,13/12/2024 13:32
1224,0,11.8515,24.2441,854.862,806.732,26,26,25,26,26,25,0,0.0312,861.096,8171.31,8171.31,806.732,3277,31,3276.7,29.1,29.1,30,30,118.515,0.0326,727.68,861.096,27,3276,0,25,24,24,0,3276.7,0,80,13/12/2024 13:32
1225,0,11.8515,24.2441,854.613,807.481,26,26,25,26,26,25,0,0.0312,860.847,8171.31,8171.31,807.481,3277,31,3276.7,29.1,29.1,30,30,118.515,0.0326,727.431,860.847,27,3276,0,25,24,24,0,3276.7,0,80,13/12/2024 13:32
1226,0,11.8515,24.2513,855.61,806.234,26,26,25,26,26,25,0,0.0312,862.094,8171.31,8171.31,806.234,3277,31,3276.7,29.1,29.1,30,30,118.515,0.0326,730.174,862.094,27,3276,0,25,24,24,0,3276.7,0,80,13/12/2024 13:32
1227,0,11.8515,24.2549,854.613,806.234,26,26,25,26,26,25,0,0.0312,862.094,8171.31,8171.31,806.234,3277,31,3276.7,29.1,29.1,30,30,118.515,0.0326,729.426,862.094,27,3276,0,25,24,24,0,3276.7,0,80,13/12/2024 13:32
1228,0,11.8515,24.2405,854.613,806.732,26,26,25,26,26,25,0,0.0312,862.094,8171.31,8171.31,806.732,3277,31,3276.7,29.1,29.1,30,30,118.515,0.0323,726.433,862.094,27,3276,0,25,24,24,0,3276.7,0,80,13/12/2024 13:32
1229,0,11.8515,24.2441,854.862,806.732,26,26,25,26,26,25,0,0.0312,860.598,8171.31,8171.31,806.732,3277,31,3276.7,29.1,29.1,30,30,118.515,0.0323,728.927,860.598,27,3276,0,25,24,24,0,3276.7,0,80,13/12/2024 13:32
1230,0,11.8515,24.2513,854.862,806.732,26,26,25,26,26,25,0,0.0312,861.096,8171.31,8171.31,806.732,3277,31,3276.7,29.1,29.1,30,30,118.515,0.0323,730.174,861.096,27,3276,0,25,24,24,0,3276.7,0,80,13/12/2024 13:32
1231,0,11.8515,24.2513,854.862,807.231,26,26,25,26,26,25,0,0.0312,862.094,8171.31,8171.31,807.231,3277,31,3276.7,29.1,29.1,30,30,118.515,0.0326,727.68,862.094,27,3276,0,25,24,24,0,3276.7,0,80,13/12/2024 13:32
1232,0,11.8515,24.2513,855.61,806.982,26,26,25,26,26,25,0,0.0312,862.094,8171.31,8171.31,806.982,3277,31,3276.7,29.1,29.1,30,30,118.515,0.0326,728.179,862.094,27,3276,0,25,24,24,0,3276.7,0,80,13/12/2024 13:32
1233,0,11.8515,24.2513,854.862,805.984,26,26,25,26,26,25,0,0.0312,860.598,8171.31,8171.31,805.984,3277,31,3276.7,29.1,29.1,30,30,118.515,0.0326,730.174,860.598,27,3276,0,25,24,24,0,3276.7,0,80,13/12/2024 13:32
1234,0,11.8515,24.2405,854.613,806.234,26,26,25,26,26,25,0,0.0312,860.348,8171.31,8171.31,806.234,3277,31,3276.7,29.1,29.1,30,30,118.515,0.0325,727.431,860.348,27,3276,0,25,24,24,0,3276.7,0,80,13/12/2024 13:32
1235,0,11.8515,24.2405,855.361,806.732,26,26,25,26,26,25,0,0.0312,862.094,8171.31,8171.31,806.732,3277,31,3276.7,29.1,29.1,30,30,118.515,0.0326,727.431,862.094,27,3276,0,25,24,24,0,3276.7,0,80,13/12/2024 13:32
1236,0,11.8515,24.2513,854.613,806.982,26,26,25,26,26,25,0,0.0313,862.094,8171.31,8171.31,806.982,3277,31,3276.7,29.1,29.1,30,30,118.515,0.0322,729.675,862.094,27,3276,0,25,24,24,0,3276.7,0,80,13/12/2024 13:32
1237,0,11.8515,24.2513,855.361,806.732,26,26,25,26,26,25,0,0.0313,861.595,8171.31,8171.31,806.732,3277,31,3276.7,29.1,29.1,30,30,118.515,0.0322,727.68,861.595,27,3276,0,25,24,24,0,3276.7,0,80,13/12/2024 13:32
1238,0,11.8515,24.2513,855.361,806.234,26,26,25,26,26,25,0,0.0313,859.85,8171.31,8171.31,806.234,3277,31,3276.7,29.1,29.1,30,30,118.515,0.0325,725.935,859.85,27,3276,0,25,24,24,0,3276.7,0,80,13/12/2024 13:32
1239,0,11.8515,24.2441,854.613,805.984,26,26,25,26,26,25,0,0.0313,860.598,8171.31,8171.31,805.984,3277,31,3276.7,29.1,29.1,30,30,118.515,0.0325,729.426,860.598,27,3276,0,25,24,24,0,3276.7,0,80,13/12/2024 13:32
1240,0,11.8515,24.2549,854.613,806.732,26,26,25,26,26,25,0,0.0313,861.845,8171.31,8171.31,806.732,3277,31,3276.7,29.1,29.1,30,30,118.515,0.0325,729.426,861.845,27,3276,0,25,24,24,0,3276.7,0,80,13/12/2024 13:32
1241,0,11.8515,24.2513,854.613,805.735,26,26,25,26,26,25,0,0.0313,862.094,8171.31,8171.31,805.735,3277,31,3276.7,29.1,29.1,30,30,118.515,0.0325,726.932,862.094,27,3276,0,25,24,24,0,3276.7,0,80,13/12/2024 13:32
1242,0,11.8515,24.2549,855.361,805.984,26,26,25,26,26,25,0,0.0313,861.845,8171.31,8171.31,805.984,3277,31,3276.7,29.1,29.1,30,30,118.515,0.0327,729.675,861.845,27,3276,0,25,24,24,0,3276.7,0,80,13/12/2024 13:32
1243,0,11.8515,24.2441,855.361,806.732,26,26,25,26,26,25,0,0.0313,859.6,8171.31,8171.31,806.732,3277,31,3276.7,29.1,29.1,30,30,118.515,0.0327,730.174,859.6,27,3276,0,25,24,24,0,3276.7,0,80,13/12/2024 13:32
1244,0,11.8515,24.2441,854.613,806.732,26,26,25,26,26,25,0,0.0313,861.096,8171.31,8171.31,806.732,3277,31,3276.7,29.1,29.1,30,30,118.515,0.0327,726.433,861.096,27,3276,0,25,24,24,0,3276.7,0,80,13/12/2024 13:32
1245,0,11.8515,24.2513,855.86,806.982,26,26,25,26,26,25,0,0.0313,862.343,8171.31,8171.31,806.982,3277,31,3276.7,29.1,29.1,30,30,118.515,0.0327,730.174,862.343,27,3276,0,25,24,24,0,3276.7,0,80,13/12/2024 13:32
1246,0,11.8515,24.2549,855.61,806.234,26,26,25,26,26,25,0,0.0313,862.094,8171.31,8171.31,806.234,3277,31,3276.7,29.1,29.1,30,30,118.515,0.0328,730.174,862.094,27,3276,0,25,24,24,0,3276.7,0,80,13/12/2024 13:32
1247,0,11.8515,24.2549,855.361,806.982,26,26,25,26,26,25,0,0.0313,861.845,8171.31,8171.31,806.982,3277,31,3276.7,29.1,29.1,30,30,118.515,0.0328,726.433,861.845,27,3276,0,25,24,24,0,3276.7,0,80,13/12/2024 13:32
1248,0,11.8515,24.2513,855.61,806.982,26,26,25,26,26,25,0,0.0313,860.847,8171.31,8171.31,806.982,3277,31,3276.7,29.1,29.1,30,30,118.515,0.0327,728.927,860.847,27,3276,0,25,24,24,0,3276.7,0,80,13/12/2024 13:33
1249,0,11.8515,24.2549,854.862,806.732,26,26,25,26,26,25,0,0.0313,860.847,8171.31,8171.31,806.732,3277,31,3276.7,29.1,29.1,30,30,118.515,0.0328,728.927,860.847,27,3276,0,25,24,24,0,3276.7,0,80,13/12/2024 13:33
1250,0,11.8515,24.2332,855.61,806.732,26,26,25,26,26,25,0,0.0313,862.343,8171.31,8171.31,806.732,3277,31,3276.7,29.1,29.1,30,30,118.515,0.032,726.184,862.343,27,3276,0,25,24,24,0,3276.7,0,80,13/12/2024 13:33
1251,0,11.8515,24.2513,854.862,805.735,26,26,25,26,26,25,0,0.0313,862.343,8171.31,8171.31,805.735,3277,31,3276.7,29.1,29.1,30,30,118.515,0.032,729.925,862.343,27,3276,0,25,24,24,0,3276.7,0,80,13/12/2024 13:33
1252,0,11.8515,24.2441,854.114,806.234,26,26,25,26,26,25,0,0.0313,862.343,8171.31,8171.31,806.234,3277,31,3276.7,29.1,29.1,30,30,118.515,0.0326,730.174,862.343,27,3276,0,25,24,24,0,3276.7,0,80,13/12/2024 13:33
1253,0,11.8515,24.2549,854.862,805.735,26,26,25,26,26,25,0,0.0313,861.096,8171.31,8171.31,805.735,3277,31,3276.7,29.1,29.1,30,30,118.515,0.0326,725.935,861.096,27,3276,0,25,24,24,0,3276.7,0,80,13/12/2024 13:33
1254,0,11.8515,24.2405,854.862,807.231,26,26,25,26,26,25,0,0.0313,861.096,8171.31,8171.31,807.231,3277,31,3276.7,29.1,29.1,30,30,118.515,0.0324,729.925,861.096,27,3276,0,25,24,24,0,3276.7,0,80,13/12/2024 13:33
1255,0,11.8515,24.2513,854.862,806.732,26,26,25,26,26,25,0,0.0313,862.842,8171.31,8171.31,806.732,3277,31,3276.7,29.1,29.1,30,30,118.515,0.0324,730.174,862.842,27,3276,0,25,24,24,0,3276.7,0,80,13/12/2024 13:33
1256,0,11.8515,24.2441,854.862,806.732,26,26,25,26,26,25,0,0.0313,862.094,8171.31,8171.31,806.732,3277,31,3276.7,29.1,29.1,30,30,118.515,0.0324,725.685,862.094,27,3276,0,25,24,24,0,3276.7,0,80,13/12/2024 13:33
1257,0,11.8515,24.2441,854.862,807.231,26,26,25,26,26,25,0,0.0313,862.094,8171.31,8171.31,807.231,3277,31,3276.7,29.1,29.1,30,30,118.515,0.0329,729.925,862.094,27,3276,0,25,24,24,0,3276.7,0,80,13/12/2024 13:33
1258,0,11.8515,24.2513,855.361,806.982,26,26,25,26,26,25,0,0.0313,861.845,8171.31,8171.31,806.982,3277,31,3276.7,29.1,29.1,30,30,118.515,0.0324,728.678,861.845,27,3276,0,25,24,24,0,3276.7,0,80,13/12/2024 13:33
1259,0,11.8515,24.2549,854.613,806.982,26,26,25,26,26,25,0,0.0313,860.598,8171.31,8171.31,806.982,3277,31,3276.7,29.1,29.1,30,30,118.515,0.032,725.935,860.598,27,3276,0,25,24,24,0,3276.7,0,80,13/12/2024 13:33
1260,0,11.8515,24.2513,855.361,806.982,26,26,25,26,26,25,0,0.0313,860.598,8171.31,8171.31,806.982,3277,31,3276.7,29.1,29.1,30,30,118.515,0.0326,730.174,860.598,27,3276,0,25,24,24,0,3276.7,0,80,13/12/2024 13:33
1261,0,11.8515,24.2513,854.613,806.234,26,26,25,26,26,25,0,0.0313,861.096,8171.31,8171.31,806.234,3277,31,3276.7,29.1,29.1,30,30,118.515,0.0326,728.179,861.096,27,3276,0,25,24,24,0,3276.7,0,80,13/12/2024 13:33
1262,0,11.8515,24.2513,854.613,807.231,26,26,25,26,26,25,0,0.0313,862.094,8171.31,8171.31,807.231,3277,31,3276.7,29.1,29.1,30,30,118.515,0.0324,727.68,862.094,27,3276,0,25,24,24,0,3276.7,0,80,13/12/2024 13:33
1263,0,11.8515,24.2368,854.862,806.732,26,26,25,26,26,25,0,0.0313,861.845,8171.31,8171.31,806.732,3277,31,3276.7,29.1,29.1,30,30,118.515,0.0326,730.174,861.845,27,3276,0,25,24,24,0,3276.7,0,80,13/12/2024 13:33
1264,0,11.8515,24.2405,855.61,806.234,26,26,25,26,26,25,0,0.0313,862.094,8171.31,8171.31,806.234,3277,31,3276.7,29.1,29.1,30,30,118.515,0.0326,727.431,862.094,27,3276,0,25,24,24,0,3276.7,0,80,13/12/2024 13:33
1265,0,11.8515,24.2405,855.361,806.732,26,26,25,26,26,25,0,0.0313,860.847,8171.31,8171.31,806.732,3277,31,3276.7,29.1,29.1,30,30,118.515,0.0322,729.675,860.847,27,3276,0,25,24,24,0,3276.7,0,80,13/12/2024 13:33
1266,0,11.8515,24.2368,855.61,806.234,26,26,25,26,26,25,0,0.0313,860.348,8171.31,8171.31,806.234,3277,31,3276.7,29.1,29.1,30,30,118.515,0.0326,729.675,860.348,27,3276,0,25,24,24,0,3276.7,0,80,13/12/2024 13:33
1267,0,11.8515,24.2549,855.361,805.735,26,26,25,26,26,25,0,0.0317,861.595,8171.31,8171.31,805.735,3277,31,3276.7,29.1,29.1,30,30,118.515,0.0323,725.685,861.595,27,3276,0,25,24,24,0,3276.7,0,80,13/12/2024 13:33
1268,0,11.8515,24.2549,855.361,807.231,26,26,25,26,26,25,0,0.0317,860.348,8171.31,8171.31,807.231,3277,31,3276.7,29.1,29.1,30,30,118.515,0.032,730.174,860.348,27,3276,0,25,24,24,0,3276.7,0,80,13/12/2024 13:33
1269,0,11.8515,24.2405,854.862,806.732,26,26,25,26,26,25,0,0.0317,861.595,8171.31,8171.31,806.732,3277,31,3276.7,29.1,29.1,30,30,118.515,0.032,726.184,861.595,27,3276,0,25,24,24,0,3276.7,0,80,13/12/2024 13:33
1270,0,11.8515,24.2513,855.361,806.234,26,26,25,26,26,25,0,0.0317,863.091,8171.31,8171.31,806.234,3277,31,3276.7,29.1,29.1,30,30,118.515,0.0322,729.925,863.091,27,3276,0,25,24,24,0,3276.7,0,80,13/12/2024 13:33
1271,0,11.8515,24.2549,855.361,805.735,26,26,25,26,26,25,0,0.0317,862.343,8171.31,8171.31,805.735,3277,31,3276.7,29.1,29.1,30,30,118.515,0.0326,730.174,862.343,27,3276,0,25,24,24,0,3276.7,0,80,13/12/2024 13:33
1272,0,11.8515,24.2513,854.862,805.984,26,26,25,26,26,25,0,0.0317,861.845,8171.31,8171.31,805.984,3277,31,3276.7,29.1,29.1,30,30,118.515,0.0326,726.184,861.845,27,3276,0,25,24,24,0,3276.7,0,80,13/12/2024 13:33
1273,0,11.8515,24.2513,854.862,806.982,26,26,25,26,26,25,0,0.0317,860.847,8171.31,8171.31,806.982,3277,31,3276.7,29.1,29.1,30,30,118.515,0.0324,731.421,860.847,27,3276,0,25,24,24,0,3276.7,0,80,13/12/2024 13:33
1274,0,11.8515,24.2441,854.613,806.732,26,26,25,26,26,25,0,0.0317,860.348,8171.31,8171.31,806.732,3277,31,3276.7,29.1,29.1,30,30,118.515,0.0324,727.181,860.348,27,3276,0,25,24,24,0,3276.7,0,80,13/12/2024 13:33
1275,0,11.8515,24.2513,855.61,806.982,26,26,25,26,26,25,0,0.0317,859.85,8171.31,8171.31,806.982,3277,31,3276.7,29.1,29.1,30,30,118.515,0.0324,729.675,859.85,27,3276,0,25,24,24,0,3276.7,0,80,13/12/2024 13:33
1276,0,11.8515,24.2549,854.862,805.984,26,26,25,26,26,25,0,0.0317,860.847,8171.31,8171.31,805.984,3277,31,3276.7,29.1,29.1,30,30,118.515,0.0329,728.179,860.847,27,3276,0,25,24,24,0,3276.7,0,80,13/12/2024 13:33
1277,0,11.8515,24.2441,855.361,806.234,26,26,25,26,26,25,0,0.0317,860.847,8171.31,8171.31,806.234,3277,31,3276.7,29.1,29.1,30,30,118.515,0.0325,727.68,860.847,27,3276,0,25,24,24,0,3276.7,0,80,13/12/2024 13:33
1278,0,11.8515,24.2513,854.862,806.982,26,26,25,26,26,25,0,0.0317,861.595,8171.31,8171.31,806.982,3277,31,3276.7,29.1,29.1,30,30,118.515,0.0318,730.174,861.595,27,3276,0,25,24,24,0,3276.7,0,80,13/12/2024 13:33
1279,0,11.8515,24.2549,854.613,806.732,26,26,25,26,26,25,0,0.0317,862.094,8171.31,8171.31,806.732,3277,31,3276.7,29.1,29.1,30,30,118.515,0.033,726.184,862.094,27,3276,0,25,24,24,0,3276.7,0,80,13/12/2024 13:33
1280,0,11.8515,24.2513,855.361,806.234,26,26,25,26,26,25,0,0.0317,861.845,8171.31,8171.31,806.234,3277,31,3276.7,29.1,29.1,30,30,118.515,0.0325,730.673,861.845,27,3276,0,25,24,24,0,3276.7,0,80,13/12/2024 13:33
1281,0,11.8515,24.2441,855.61,807.481,26,26,25,26,26,25,0,0.0317,862.094,8171.31,8171.31,807.481,3277,31,3276.7,29.1,29.1,30,30,118.515,0.0325,725.186,862.094,27,3276,0,25,24,24,0,3276.7,0,80,13/12/2024 13:33
1282,0,11.8515,24.2513,855.361,806.234,26,26,25,26,26,25,0,0.0317,862.094,8171.31,8171.31,806.234,3277,31,3276.7,29.1,29.1,30,30,118.515,0.0325,730.174,862.094,27,3276,0,25,24,24,0,3276.7,0,80,13/12/2024 13:33
1283,0,11.8515,24.2513,854.862,806.732,26,26,25,26,26,25,0,0.0317,862.343,8171.31,8171.31,806.732,3277,31,3276.7,29.1,29.1,30,30,118.515,0.0325,727.68,862.343,27,3276,0,25,24,24,0,3276.7,0,80,13/12/2024 13:33
1284,0,11.8515,24.2585,856.109,806.982,26,26,25,26,26,25,0,0.0317,862.094,8171.31,8171.31,806.982,3277,31,3276.7,29.1,29.1,30,30,118.515,0.0325,729.675,862.094,27,3276,0,25,24,24,0,3276.7,0,80,13/12/2024 13:33
1285,0,11.8515,24.2549,854.862,806.234,26,26,25,26,26,25,0,0.0317,860.348,8171.31,8171.31,806.234,3277,31,3276.7,29.1,29.1,30,30,118.515,0.0325,728.927,860.348,27,3276,0,25,24,24,0,3276.7,0,80,13/12/2024 13:33
1286,0,11.8515,24.2549,855.361,805.984,26,26,25,26,26,25,0,0.0317,861.096,8171.31,8171.31,805.984,3277,31,3276.7,29.1,29.1,30,30,118.515,0.0325,725.935,861.096,27,3276,0,25,24,24,0,3276.7,0,80,13/12/2024 13:33
1287,0,11.8515,24.2513,854.613,807.231,26,26,25,26,26,25,0,0.0317,860.598,8171.31,8171.31,807.231,3277,31,3276.7,29.1,29.1,30,30,118.515,0.0327,730.174,860.598,27,3276,0,25,24,24,0,3276.7,0,80,13/12/2024 13:33
1288,0,11.8515,24.2441,854.613,807.231,26,26,25,26,26,25,0,0.0317,861.096,8171.31,8171.31,807.231,3277,31,3276.7,29.1,29.1,30,30,118.515,0.0327,725.685,861.096,27,3276,0,25,24,24,0,3276.7,0,80,13/12/2024 13:33
1289,0,11.8515,24.2549,855.61,807.231,26,26,25,26,26,25,0,0.0317,861.845,8171.31,8171.31,807.231,3277,31,3276.7,29.1,29.1,30,30,118.515,0.0328,729.925,861.845,27,3276,0,25,24,24,0,3276.7,0,80,13/12/2024 13:33
1290,0,11.8515,24.2405,854.613,807.231,26,26,25,26,26,25,0,0.0317,862.094,8171.31,8171.31,807.231,3277,31,3276.7,29.1,29.1,30,30,118.515,0.0325,727.68,862.094,27,3276,0,25,24,24,0,3276.7,0,80,13/12/2024 13:33
1291,0,11.8515,24.2513,855.361,806.982,26,26,25,26,26,25,0,0.0317,862.343,8171.31,8171.31,806.982,3277,31,3276.7,29.1,29.1,30,30,118.515,0.0325,728.179,862.343,27,3276,0,25,24,24,0,3276.7,0,80,13/12/2024 13:33
1292,0,11.8515,24.2513,854.613,806.234,26,26,25,26,26,25,0,0.0317,862.343,8171.31,8171.31,806.234,3277,31,3276.7,29.1,29.1,30,30,118.515,0.0325,730.174,862.343,27,3276,0,25,24,24,0,3276.7,0,80,13/12/2024 13:33
1293,0,11.8515,24.2549,854.862,806.732,26,26,25,26,26,25,0,0.0317,861.595,8171.31,8171.31,806.732,3277,31,3276.7,29.1,29.1,30,30,118.515,0.0325,725.685,861.595,27,3276,0,25,24,24,0,3276.7,0,80,13/12/2024 13:33
1294,0,11.8515,24.2441,854.613,806.982,26,26,25,26,26,25,0,0.0317,860.598,8171.31,8171.31,806.982,3277,31,3276.7,29.1,29.1,30,30,118.515,0.0325,729.925,860.598,27,3276,0,25,24,24,0,3276.7,0,80,13/12/2024 13:33
1295,0,11.8515,24.2441,855.361,806.982,26,26,25,26,26,25,0,0.0317,860.598,8171.31,8171.31,806.982,3277,31,3276.7,29.1,29.1,30,30,118.515,0.0325,727.68,860.598,27,3276,0,25,24,24,0,3276.7,0,80,13/12/2024 13:33
1296,0,11.8515,24.2513,855.361,806.982,26,26,25,26,26,25,0,0.0316,860.598,8171.31,8171.31,806.982,3277,31,3276.7,29.1,29.1,30,30,118.515,0.0325,727.68,860.598,27,3276,0,25,24,24,0,3276.7,0,80,13/12/2024 13:33
1297,0,11.8515,24.2368,854.613,806.234,26,26,25,26,26,25,0,0.0314,862.094,8171.31,8171.31,806.234,3277,31,3276.7,29.1,29.1,30,30,118.515,0.0321,729.925,862.094,27,3276,0,25,24,24,0,3276.7,0,80,13/12/2024 13:33
1298,0,11.8515,24.2549,854.862,806.732,26,26,25,26,26,25,0,0.0314,861.845,8171.31,8171.31,806.732,3277,31,3276.7,29.1,29.1,30,30,118.515,0.0319,726.184,861.845,27,3276,0,25,24,24,0,3276.7,0,80,13/12/2024 13:33
1299,0,11.8515,24.2441,854.613,806.234,26,26,25,26,26,25,0,0.0314,861.845,8171.31,8171.31,806.234,3277,31,3276.7,29.1,29.1,30,30,118.515,0.0319,729.925,861.845,27,3276,0,25,24,24,0,3276.7,0,80,13/12/2024 13:33
1300,0,11.8515,24.2549,854.862,806.982,26,26,25,26,26,25,0,0.0314,862.094,8171.31,8171.31,806.982,3277,31,3276.7,29.1,29.1,30,30,118.515,0.0325,728.428,862.094,27,3276,0,25,24,24,0,3276.7,0,80,13/12/2024 13:33
1301,0,11.8515,24.2405,854.363,806.982,26,26,25,26,26,25,0,0.0314,859.85,8171.31,8171.31,806.982,3277,31,3276.7,29.1,29.1,30,30,118.515,0.0323,725.685,859.85,27,3276,0,25,24,24,0,3276.7,0,80,13/12/2024 13:33
1302,0,11.8515,24.2513,854.613,806.982,26,26,25,26,26,25,0,0.0314,860.847,8171.31,8171.31,806.982,3277,31,3276.7,29.1,29.1,30,30,118.515,0.0323,730.174,860.847,27,3276,0,25,24,24,0,3276.7,0,80,13/12/2024 13:33
1303,0,11.8515,24.2549,854.862,806.234,26,26,25,26,26,25,0,0.0314,860.847,8171.31,8171.31,806.234,3277,31,3276.7,29.1,29.1,30,30,118.515,0.0325,726.184,860.847,27,3276,0,25,24,24,0,3276.7,0,80,13/12/2024 13:33
1304,0,11.8515,24.2549,854.613,806.732,26,26,25,26,26,25,0,0.0314,860.598,8171.31,8171.31,806.732,3277,31,3276.7,29.1,29.1,30,30,118.515,0.0325,729.675,860.598,27,3276,0,25,24,24,0,3276.7,0,80,13/12/2024 13:33
1305,0,11.8515,24.2441,854.613,807.231,26,26,25,26,26,25,0,0.0314,862.094,8171.31,8171.31,807.231,3277,31,3276.7,29.1,29.1,30,30,118.515,0.0321,727.68,862.094,27,3276,0,25,24,24,0,3276.7,0,80,13/12/2024 13:33
1306,0,11.8515,24.2513,855.361,806.234,26,26,25,26,26,25,0,0.0314,861.845,8171.31,8171.31,806.234,3277,31,3276.7,29.1,29.1,30,30,118.515,0.0328,725.186,861.845,27,3276,0,25,24,24,0,3276.7,0,80,13/12/2024 13:33
1307,0,11.8515,24.2549,854.613,805.984,26,26,25,26,26,25,0,0.0314,862.094,8171.31,8171.31,805.984,3277,31,3276.7,29.1,29.1,30,30,118.515,0.0321,729.426,862.094,27,3276,0,25,24,24,0,3276.7,0,80,13/12/2024 13:33
1308,0,11.8515,24.2441,854.613,806.982,26,26,25,26,26,25,0,0.0314,862.094,8171.31,8171.31,806.982,3277,31,3276.7,29.1,29.1,30,30,118.515,0.0321,725.186,862.094,27,3276,0,25,24,24,0,3276.7,0,80,13/12/2024 13:34
1309,0,11.8515,24.2513,854.862,806.982,26,26,25,26,26,25,0,0.0314,861.595,8171.31,8171.31,806.982,3277,31,3276.7,29.1,29.1,30,30,118.515,0.0321,728.678,861.595,27,3276,0,25,24,24,0,3276.7,0,80,13/12/2024 13:34
1310,0,11.8515,24.2405,855.361,806.982,26,26,25,26,26,25,0,0.0314,860.348,8171.31,8171.31,806.982,3277,31,3276.7,29.1,29.1,30,30,118.515,0.0324,728.179,860.348,27,3276,0,25,24,24,0,3276.7,0,80,13/12/2024 13:34
1311,0,11.8515,24.2549,854.862,806.982,26,26,25,26,26,25,0,0.0314,860.348,8171.31,8171.31,806.982,3277,31,3276.7,29.1,29.1,30,30,118.515,0.0327,725.935,860.348,27,3276,0,25,24,24,0,3276.7,0,80,13/12/2024 13:34
1312,0,11.8515,24.2441,855.361,806.732,26,26,25,26,26,25,0,0.0314,859.85,8171.31,8171.31,806.732,3277,31,3276.7,29.1,29.1,30,30,118.515,0.0327,730.174,859.85,27,3276,0,25,24,24,0,3276.7,0,80,13/12/2024 13:34
1313,0,11.8515,24.2513,855.361,807.231,26,26,25,26,26,25,0,0.0314,861.845,8171.31,8171.31,807.231,3277,31,3276.7,29.1,29.1,30,30,118.515,0.0325,725.935,861.845,27,3276,0,25,24,24,0,3276.7,0,80,13/12/2024 13:34
1314,0,11.8515,24.2549,854.862,806.234,26,26,25,26,26,25,0,0.0314,862.842,8171.31,8171.31,806.234,3277,31,3276.7,29.1,29.1,30,30,118.515,0.0325,728.927,862.842,27,3276,0,25,24,24,0,3276.7,0,80,13/12/2024 13:34
1315,0,11.8515,24.2513,855.361,806.982,26,26,25,26,26,25,0,0.0314,862.094,8171.31,8171.31,806.982,3277,31,3276.7,29.1,29.1,30,30,118.515,0.0326,728.428,862.094,27,3276,0,25,24,24,0,3276.7,0,80,13/12/2024 13:34
1316,0,11.8515,24.2441,855.61,806.234,26,26,25,26,26,25,0,0.0314,861.845,8171.31,8171.31,806.234,3277,31,3276.7,29.1,29.1,30,30,118.515,0.033,725.935,861.845,27,3276,0,25,24,24,0,3276.7,0,80,13/12/2024 13:34
1317,0,11.8515,24.2441,854.613,806.234,26,26,25,26,26,25,0,0.0314,862.094,8171.31,8171.31,806.234,3277,31,3276.7,29.1,29.1,30,30,118.515,0.033,730.174,862.094,27,3276,0,25,24,24,0,3276.7,0,80,13/12/2024 13:34
1318,0,11.8515,24.2513,855.361,807.231,26,26,25,26,26,25,0,0.0314,861.845,8171.31,8171.31,807.231,3277,31,3276.7,29.1,29.1,30,30,118.515,0.0321,725.685,861.845,27,3276,0,25,24,24,0,3276.7,0,80,13/12/2024 13:34
1319,0,11.8515,24.2513,854.613,806.982,26,26,25,26,26,25,0,0.0314,860.348,8171.31,8171.31,806.982,3277,31,3276.7,29.1,29.1,30,30,118.515,0.0328,729.925,860.348,27,3276,0,25,24,24,0,3276.7,0,80,13/12/2024 13:34
1320,0,11.8515,24.2549,855.361,806.234,26,26,25,26,26,25,0,0.0314,861.096,8171.31,8171.31,806.234,3277,31,3276.7,29.1,29.1,30,30,118.515,0.0328,727.431,861.096,27,3276,0,25,24,24,0,3276.7,0,80,13/12/2024 13:34
1321,0,11.8515,24.2513,854.862,807.231,26,26,25,26,26,25,0,0.0314,861.845,8171.31,8171.31,807.231,3277,31,3276.7,29.1,29.1,30,30,118.515,0.0323,726.433,861.845,27,3276,0,25,24,24,0,3276.7,0,80,13/12/2024 13:34
1322,0,11.8515,24.2549,854.862,806.234,26,26,25,26,26,25,0,0.0314,861.845,8171.31,8171.31,806.234,3277,31,3276.7,29.1,29.1,30,30,118.515,0.0325,730.673,861.845,27,3276,0,25,24,24,0,3276.7,0,80,13/12/2024 13:34
1323,0,11.8515,24.2549,855.86,806.982,26,26,25,26,26,25,0,0.0314,862.343,8171.31,8171.31,806.982,3277,31,3276.7,29.1,29.1,30,30,118.515,0.0325,724.937,862.343,27,3276,0,25,24,24,0,3276.7,0,80,13/12/2024 13:34
1324,0,11.8515,24.2441,854.862,806.732,26,26,25,26,26,25,0,0.0314,862.094,8171.31,8171.31,806.732,3277,31,3276.7,29.1,29.1,30,30,118.515,0.0323,728.927,862.094,27,3276,0,25,24,24,0,3276.7,0,80,13/12/2024 13:34
1325,0,11.8515,24.2368,854.862,806.732,26,26,25,26,26,25,0,0.0314,863.091,8171.31,8171.31,806.732,3277,31,3276.7,29.1,29.1,30,30,118.515,0.0326,727.431,863.091,27,3276,0,25,24,24,0,3276.7,0,80,13/12/2024 13:34
1326,0,11.8515,24.2513,855.86,805.735,26,26,25,26,26,25,0,0.0317,861.096,8171.31,8171.31,805.735,3277,31,3276.7,29.1,29.1,30,30,118.515,0.0325,727.431,861.096,27,3276,0,25,24,24,0,3276.7,0,80,13/12/2024 13:34
1327,0,11.8515,24.2549,855.61,807.231,26,26,25,26,26,25,0,0.0319,860.348,8171.31,8171.31,807.231,3277,31,3276.7,29.1,29.1,30,30,118.515,0.0325,730.174,860.348,27,3276,0,25,24,24,0,3276.7,0,80,13/12/2024 13:34
1328,0,11.8515,24.2549,855.361,805.735,26,26,25,26,26,25,0,0.0319,860.598,8171.31,8171.31,805.735,3277,31,3276.7,29.1,29.1,30,30,118.515,0.0325,725.935,860.598,27,3276,0,25,24,24,0,3276.7,0,80,13/12/2024 13:34
1329,0,11.8515,24.2441,855.61,805.984,26,26,25,26,26,25,0,0.0319,861.096,8171.31,8171.31,805.984,3277,31,3276.7,29.1,29.1,30,30,118.515,0.0325,729.675,861.096,27,3276,0,25,24,24,0,3276.7,0,80,13/12/2024 13:34
1330,0,11.8515,24.3453,855.361,807.231,26,26,25,26,26,25,0,0.0319,861.096,8171.31,8171.31,807.231,3277,31,3276.7,29.1,29.1,30,30,118.515,0.0325,727.181,861.096,27,3276,0,25,24,24,0,3276.7,0,80,13/12/2024 13:34
1331,0,11.8515,24.3417,855.361,806.234,26,26,25,26,26,25,0,0.0319,861.845,8171.31,8171.31,806.234,3277,31,3276.7,29.1,29.1,30,30,118.515,0.0323,727.431,861.845,27,3276,0,25,24,24,0,3276.7,0,80,13/12/2024 13:34
1332,0,11.8515,24.3417,854.862,806.234,26,26,25,26,26,25,0,0.0319,862.343,8171.31,8171.31,806.234,3277,31,3276.7,29.1,29.1,30,30,118.515,0.0325,730.174,862.343,27,3276,0,25,24,24,0,3276.7,0,80,13/12/2024 13:34
1333,0,11.8515,24.2441,854.613,807.231,26,26,25,26,26,25,0,0.0319,862.094,8171.31,8171.31,807.231,3277,31,3276.7,29.1,29.1,30,30,118.515,0.0325,725.685,862.094,27,3276,0,25,24,24,0,3276.7,0,80,13/12/2024 13:34
1334,0,11.8515,24.2585,854.862,806.732,26,26,25,26,26,25,0,0.0319,861.595,8171.31,8171.31,806.732,3277,31,3276.7,29.1,29.1,30,30,118.515,0.0323,729.426,861.595,27,3276,0,25,24,24,0,3276.7,0,80,13/12/2024 13:34
1335,0,11.8515,24.2441,854.613,806.732,26,26,25,26,26,25,0,0.0319,860.348,8171.31,8171.31,806.732,3277,31,3276.7,29.1,29.1,30,30,118.515,0.0323,727.68,860.348,27,3276,0,25,24,24,0,3276.7,0,80,13/12/2024 13:34
1336,0,11.8515,24.2441,855.61,805.984,26,26,25,26,26,25,0,0.0319,860.847,8171.31,8171.31,805.984,3277,31,3276.7,29.1,29.1,30,30,118.515,0.0323,726.184,860.847,27,3276,0,25,24,24,0,3276.7,0,80,13/12/2024 13:34
1337,0,11.8515,24.2441,854.862,807.231,26,26,25,26,26,25,0,0.0319,860.598,8171.31,8171.31,807.231,3277,31,3276.7,29.1,29.1,30,30,118.515,0.032,730.673,860.598,27,3276,0,25,24,24,0,3276.7,0,80,13/12/2024 13:34
1338,0,11.8515,24.2368,855.361,806.234,26,26,25,26,26,25,0,0.0319,862.094,8171.31,8171.31,806.234,3277,31,3276.7,29.1,29.1,30,30,118.515,0.0325,725.186,862.094,27,3276,0,25,24,24,0,3276.7,0,80,13/12/2024 13:34
1339,0,11.8515,24.2513,854.613,806.234,26,26,25,26,26,25,0,0.0319,862.094,8171.31,8171.31,806.234,3277,31,3276.7,29.1,29.1,30,30,118.515,0.033,728.927,862.094,27,3276,0,25,24,24,0,3276.7,0,80,13/12/2024 13:34
1340,0,11.8515,24.2441,855.361,806.982,26,26,25,26,26,25,0,0.0319,862.343,8171.31,8171.31,806.982,3277,31,3276.7,29.1,29.1,30,30,118.515,0.0324,728.927,862.343,27,3276,0,25,24,24,0,3276.7,0,80,13/12/2024 13:34
1341,0,11.8515,24.2441,854.613,807.979,26,26,25,26,26,25,0,0.0319,861.845,8171.31,8171.31,807.979,3277,31,3276.7,29.1,29.1,30,30,118.515,0.0324,725.685,861.845,27,3276,0,25,24,24,0,3276.7,0,80,13/12/2024 13:34
1342,0,11.8515,24.2513,855.361,805.984,26,26,25,26,26,25,0,0.0319,860.348,8171.31,8171.31,805.984,3277,31,3276.7,29.1,29.1,30,30,118.515,0.0326,729.675,860.348,27,3276,0,25,24,24,0,3276.7,0,80,13/12/2024 13:34
1343,0,11.8515,24.2441,855.61,806.732,26,26,25,26,26,25,0,0.0319,860.598,8171.31,8171.31,806.732,3277,31,3276.7,29.1,29.1,30,30,118.515,0.0323,727.181,860.598,27,3276,0,25,24,24,0,3276.7,0,80,13/12/2024 13:34
1344,0,11.8515,24.2549,854.613,806.732,26,26,25,26,26,25,0,0.0319,861.096,8171.31,8171.31,806.732,3277,31,3276.7,29.1,29.1,30,30,118.515,0.0323,725.935,861.096,27,3276,0,25,24,24,0,3276.7,0,80,13/12/2024 13:34
1345,0,11.8515,24.2441,854.613,806.732,26,26,25,26,26,25,0,0.0319,862.343,8171.31,8171.31,806.732,3277,31,3276.7,29.1,29.1,30,30,118.515,0.0323,729.925,862.343,27,3276,0,25,24,24,0,3276.7,0,80,13/12/2024 13:34
1346,0,11.8515,24.2441,855.361,806.234,26,26,25,26,26,25,0,0.0319,862.094,8171.31,8171.31,806.234,3277,31,3276.7,29.1,29.1,30,30,118.515,0.033,725.186,862.094,27,3276,0,25,24,24,0,3276.7,0,80,13/12/2024 13:34
1347,0,11.8515,24.2405,855.361,806.982,26,26,25,26,26,25,0,0.0319,862.094,8171.31,8171.31,806.982,3277,31,3276.7,29.1,29.1,30,30,118.515,0.033,728.678,862.094,27,3276,0,25,24,24,0,3276.7,0,80,13/12/2024 13:34
1348,0,11.8515,24.2549,855.361,806.732,26,26,25,26,26,25,0,0.0319,861.595,8171.31,8171.31,806.732,3277,31,3276.7,29.1,29.1,30,30,118.515,0.0319,728.179,861.595,27,3276,0,25,24,24,0,3276.7,0,80,13/12/2024 13:34
1349,0,11.8515,24.2405,854.613,806.234,26,26,25,26,26,25,0,0.0319,860.847,8171.31,8171.31,806.234,3277,31,3276.7,29.1,29.1,30,30,118.515,0.0319,724.937,860.847,27,3276,0,25,24,24,0,3276.7,0,80,13/12/2024 13:34
1350,0,11.8515,24.2441,854.862,806.982,26,26,25,26,26,25,0,0.0319,860.348,8171.31,8171.31,806.982,3277,31,3276.7,29.1,29.1,30,30,118.515,0.0324,729.925,860.348,27,3276,0,25,24,24,0,3276.7,0,80,13/12/2024 13:34
1351,0,11.8515,24.2513,856.608,806.234,26,26,25,26,26,25,0,0.0319,861.595,8171.31,8171.31,806.234,3277,31,3276.7,29.1,29.1,30,30,118.515,0.0323,725.186,861.595,27,3276,0,25,24,24,0,3276.7,0,80,13/12/2024 13:34
1352,0,11.8515,24.2549,854.613,807.231,26,26,25,26,26,25,0,0.0319,861.845,8171.31,8171.31,807.231,3277,31,3276.7,29.1,29.1,30,30,118.515,0.0325,728.678,861.845,27,3276,0,25,24,24,0,3276.7,0,80,13/12/2024 13:34
1353,0,11.8515,24.2513,855.361,806.982,26,26,25,26,26,25,0,0.0319,862.094,8171.31,8171.31,806.982,3277,31,3276.7,29.1,29.1,30,30,118.515,0.0325,728.179,862.094,27,3276,0,25,24,24,0,3276.7,0,80,13/12/2024 13:34
1354,0,11.8515,24.2441,854.862,806.732,26,26,25,26,26,25,0,0.0319,862.094,8171.31,8171.31,806.732,3277,31,3276.7,29.1,29.1,30,30,118.515,0.0326,725.685,862.094,27,3276,0,25,24,24,0,3276.7,0,80,13/12/2024 13:34
1355,0,11.8515,24.2513,854.862,806.982,26,26,25,26,26,25,0,0.0319,862.094,8171.31,8171.31,806.982,3277,31,3276.7,29.1,29.1,30,30,118.515,0.0326,729.925,862.094,27,3276,0,25,24,24,0,3276.7,0,80,13/12/2024 13:34
1356,0,11.8515,24.3417,855.361,806.732,26,26,25,26,26,25,0,0.0315,861.595,8171.31,8171.31,806.732,3277,31,3276.7,29.1,29.1,30,30,118.515,0.0326,725.935,861.595,27,3276,0,25,24,24,0,3276.7,0,80,13/12/2024 13:34
1357,0,11.8515,24.3417,854.363,806.234,26,26,25,26,26,25,0,0.0317,860.847,8171.31,8171.31,806.234,3277,31,3276.7,29.1,29.1,30,30,118.515,0.0326,729.426,860.847,27,3276,0,25,24,24,0,3276.7,0,80,13/12/2024 13:34
1358,0,11.8515,24.349,854.862,806.982,26,26,25,26,26,25,0,0.0317,860.598,8171.31,8171.31,806.982,3277,31,3276.7,29.1,29.1,30,30,118.515,0.0324,726.433,860.598,27,3276,0,25,24,24,0,3276.7,0,80,13/12/2024 13:34
1359,0,11.8515,24.2441,854.613,806.982,26,26,25,26,26,25,0,0.0317,860.348,8171.31,8171.31,806.982,3277,31,3276.7,29.1,29.1,30,30,118.515,0.0323,727.431,860.348,27,3276,0,25,24,24,0,3276.7,0,80,13/12/2024 13:34
1360,0,11.8515,24.2513,855.361,806.234,26,26,25,26,26,25,0,0.0317,860.598,8171.31,8171.31,806.234,3277,31,3276.7,29.1,29.1,30,30,118.515,0.0323,728.927,860.598,27,3276,0,25,24,24,0,3276.7,0,80,13/12/2024 13:34
1361,0,11.8515,24.2513,854.862,806.732,26,26,25,26,26,25,0,0.0317,861.595,8171.31,8171.31,806.732,3277,31,3276.7,29.1,29.1,30,30,118.515,0.0325,724.937,861.595,27,3276,0,25,24,24,0,3276.7,0,80,13/12/2024 13:34
1362,0,11.8515,24.2513,854.613,807.231,26,26,25,26,26,25,0,0.0317,861.845,8171.31,8171.31,807.231,3277,31,3276.7,29.1,29.1,30,30,118.515,0.0325,729.426,861.845,27,3276,0,25,24,24,0,3276.7,0,80,13/12/2024 13:34
1363,0,11.8515,24.2405,854.613,805.735,26,26,25,26,26,25,0,0.0317,862.094,8171.31,8171.31,805.735,3277,31,3276.7,29.1,29.1,30,30,118.515,0.0325,725.935,862.094,27,3276,0,25,24,24,0,3276.7,0,80,13/12/2024 13:34
1364,0,11.8515,24.2513,854.613,805.984,26,26,25,26,26,25,0,0.0317,862.094,8171.31,8171.31,805.984,3277,31,3276.7,29.1,29.1,30,30,118.515,0.0325,728.179,862.094,27,3276,0,25,24,24,0,3276.7,0,80,13/12/2024 13:34
1365,0,11.8515,24.2513,855.361,806.732,26,26,25,26,26,25,0,0.0317,861.845,8171.31,8171.31,806.732,3277,31,3276.7,29.1,29.1,30,30,118.515,0.0325,728.428,861.845,27,3276,0,25,24,24,0,3276.7,0,80,13/12/2024 13:34
1366,0,11.8515,24.2549,854.613,806.732,26,26,25,26,26,25,0,0.0317,862.094,8171.31,8171.31,806.732,3277,31,3276.7,29.1,29.1,30,30,118.515,0.0322,724.688,862.094,27,3276,0,25,24,24,0,3276.7,0,80,13/12/2024 13:34
1367,0,11.8515,24.2549,854.862,806.234,26,26,25,26,26,25,0,0.0317,860.847,8171.31,8171.31,806.234,3277,31,3276.7,29.1,29.1,30,30,118.515,0.0327,728.678,860.847,27,3276,0,25,24,24,0,3276.7,0,80,13/12/2024 13:34
1368,0,11.8515,24.2513,854.613,805.984,26,26,25,26,26,25,0,0.0317,860.847,8171.31,8171.31,805.984,3277,31,3276.7,29.1,29.1,30,30,118.515,0.0327,725.685,860.847,27,3276,0,25,24,24,0,3276.7,0,80,13/12/2024 13:35
1369,0,11.8515,24.2405,854.613,806.982,26,26,25,26,26,25,0,0.0317,860.847,8171.31,8171.31,806.982,3277,31,3276.7,29.1,29.1,30,30,118.515,0.0325,727.181,860.847,27,3276,0,25,24,24,0,3276.7,0,80,13/12/2024 13:35
1370,0,11.8515,24.2405,854.613,806.982,26,26,25,26,26,25,0,0.0317,862.094,8171.31,8171.31,806.982,3277,31,3276.7,29.1,29.1,30,30,118.515,0.0325,729.426,862.094,27,3276,0,25,24,24,0,3276.7,0,80,13/12/2024 13:35
1371,0,11.8515,24.2549,855.361,805.735,26,26,25,26,26,25,0,0.0317,861.845,8171.31,8171.31,805.735,3277,31,3276.7,29.1,29.1,30,30,118.515,0.0325,724.688,861.845,27,3276,0,25,24,24,0,3276.7,0,80,13/12/2024 13:35
1372,0,11.8515,24.2549,854.613,806.982,26,26,25,26,26,25,0,0.0317,861.845,8171.31,8171.31,806.982,3277,31,3276.7,29.1,29.1,30,30,118.515,0.0325,729.426,861.845,27,3276,0,25,24,24,0,3276.7,0,80,13/12/2024 13:35
1373,0,11.8515,24.2441,855.361,806.732,26,26,25,26,26,25,0,0.0317,862.343,8171.31,8171.31,806.732,3277,31,3276.7,29.1,29.1,30,30,118.515,0.0325,725.685,862.343,27,3276,0,25,24,24,0,3276.7,0,80,13/12/2024 13:35
1374,0,11.8515,24.2405,854.862,806.982,26,26,25,26,26,25,0,0.0317,861.096,8171.31,8171.31,806.982,3277,31,3276.7,29.1,29.1,30,30,118.515,0.0325,727.431,861.096,27,3276,0,25,24,24,0,3276.7,0,80,13/12/2024 13:35
1375,0,11.8515,24.2513,854.613,806.732,26,26,25,26,26,25,0,0.0317,860.847,8171.31,8171.31,806.732,3277,31,3276.7,29.1,29.1,30,30,118.515,0.0326,728.179,860.847,27,3276,0,25,24,24,0,3276.7,0,80,13/12/2024 13:35
1376,0,11.8515,24.2513,855.361,805.984,26,26,25,26,26,25,0,0.0317,859.6,8171.31,8171.31,805.984,3277,31,3276.7,29.1,29.1,30,30,118.515,0.0326,723.69,859.6,27,3276,0,25,24,24,0,3276.7,0,80,13/12/2024 13:35
1377,0,11.8515,24.2549,854.613,806.732,26,26,25,26,26,25,0,0.0317,861.096,8171.31,8171.31,806.732,3277,31,3276.7,29.1,29.1,30,30,118.515,0.0326,728.179,861.096,27,3276,0,25,24,24,0,3276.7,0,80,13/12/2024 13:35
1378,0,11.8515,24.2549,854.862,807.231,26,26,25,26,26,25,0,0.0317,861.595,8171.31,8171.31,807.231,3277,31,3276.7,29.1,29.1,30,30,118.515,0.0318,725.186,861.595,27,3276,0,25,24,24,0,3276.7,0,80,13/12/2024 13:35
1379,0,11.8515,24.2549,854.613,806.234,26,26,25,26,26,25,0,0.0317,862.343,8171.31,8171.31,806.234,3277,31,3276.7,29.1,29.1,30,30,118.515,0.0331,725.935,862.343,27,3276,0,25,24,24,0,3276.7,0,80,13/12/2024 13:35
1380,0,11.8515,24.2513,855.61,806.234,26,26,25,26,26,25,0,0.0317,862.094,8171.31,8171.31,806.234,3277,31,3276.7,29.1,29.1,30,30,118.515,0.0323,727.68,862.094,27,3276,0,25,24,24,0,3276.7,0,80,13/12/2024 13:35
1381,0,11.8515,24.2513,854.862,806.982,26,26,25,26,26,25,0,0.0317,861.845,8171.31,8171.31,806.982,3277,31,3276.7,29.1,29.1,30,30,118.515,0.0323,724.688,861.845,27,3276,0,25,24,24,0,3276.7,0,80,13/12/2024 13:35
1382,0,11.8515,24.3526,854.862,806.732,26,26,25,26,26,25,0,0.0317,860.847,8171.31,8171.31,806.732,3277,31,3276.7,29.1,29.1,30,30,118.515,0.0329,727.68,860.847,27,3276,0,25,24,24,0,3276.7,0,80,13/12/2024 13:35
1383,0,11.8515,24.3417,854.862,806.234,26,26,25,26,26,25,0,0.0317,859.85,8171.31,8171.31,806.234,3277,31,3276.7,29.1,29.1,30,30,118.515,0.0324,726.932,859.85,27,3276,0,25,24,24,0,3276.7,0,80,13/12/2024 13:35
1384,0,11.8515,24.2513,854.862,806.732,26,26,25,26,26,25,0,0.0317,860.847,8171.31,8171.31,806.732,3277,31,3276.7,29.1,29.1,30,30,118.515,0.0324,724.438,860.847,27,3276,0,25,24,24,0,3276.7,0,80,13/12/2024 13:35
1385,0,11.8515,24.2513,854.862,806.732,26,26,25,26,26,25,0,0.0317,862.094,8171.31,8171.31,806.732,3277,31,3276.7,29.1,29.1,30,30,118.515,0.0324,728.927,862.094,27,3276,0,25,24,24,0,3276.7,0,80,13/12/2024 13:35
1386,0,11.8515,24.2513,855.361,805.984,26,26,25,26,26,25,0,0.0312,861.845,8171.31,8171.31,805.984,3277,31,3276.7,29.1,29.1,30,30,118.515,0.0326,725.186,861.845,27,3276,0,25,24,24,0,3276.7,0,80,13/12/2024 13:35
1387,0,11.8515,24.2513,855.361,806.982,26,26,25,26,26,25,0,0.0317,862.094,8171.31,8171.31,806.982,3277,31,3276.7,29.1,29.1,30,30,118.515,0.0322,726.184,862.094,27,3276,0,25,24,24,0,3276.7,0,80,13/12/2024 13:35
1388,0,11.8515,24.2513,854.613,806.234,26,26,25,26,26,25,0,0.0317,860.847,8171.31,8171.31,806.234,3277,31,3276.7,29.1,29.1,30,30,118.515,0.0327,728.179,860.847,27,3276,0,25,24,24,0,3276.7,0,80,13/12/2024 13:35
1389,0,11.8515,24.2513,854.613,805.486,26,26,25,26,26,25,0,0.0317,859.85,8171.31,8171.31,805.486,3277,31,3276.7,29.1,29.1,30,30,118.515,0.0327,724.937,859.85,27,3276,0,25,24,24,0,3276.7,0,80,13/12/2024 13:35
1390,0,11.8515,24.2441,854.862,805.984,26,26,25,26,26,25,0,0.0317,861.595,8171.31,8171.31,805.984,3277,31,3276.7,29.1,29.1,30,30,118.515,0.0324,727.68,861.595,27,3276,0,25,24,24,0,3276.7,0,80,13/12/2024 13:35
1391,0,11.8515,24.2513,854.862,807.231,26,26,25,26,26,25,0,0.0317,862.094,8171.31,8171.31,807.231,3277,31,3276.7,29.1,29.1,30,30,118.515,0.0324,728.428,862.094,27,3276,0,25,24,24,0,3276.7,0,80,13/12/2024 13:35
1392,0,11.8515,24.2441,854.613,806.732,26,26,25,26,26,25,0,0.0317,862.094,8171.31,8171.31,806.732,3277,31,3276.7,29.1,29.1,30,30,118.515,0.0324,724.937,862.094,27,3276,0,25,24,24,0,3276.7,0,80,13/12/2024 13:35
1393,0,11.8515,24.2549,854.613,805.984,26,26,25,26,26,25,0,0.0317,862.094,8171.31,8171.31,805.984,3277,31,3276.7,29.1,29.1,30,30,118.515,0.0323,728.179,862.094,27,3276,0,25,24,24,0,3276.7,0,80,13/12/2024 13:35
1394,0,11.8515,24.2549,854.613,806.982,26,26,25,26,26,25,0,0.0317,861.845,8171.31,8171.31,806.982,3277,31,3276.7,29.1,29.1,30,30,118.515,0.0323,727.431,861.845,27,3276,0,25,24,24,0,3276.7,0,80,13/12/2024 13:35
1395,0,11.8515,24.2405,854.613,806.234,26,26,25,26,26,25,0,0.0317,860.348,8171.31,8171.31,806.234,3277,31,3276.7,29.1,29.1,30,30,118.515,0.0325,724.937,860.348,27,3276,0,25,24,24,0,3276.7,0,80,13/12/2024 13:35
1396,0,11.8515,24.2441,854.613,806.982,26,26,25,26,26,25,0,0.0317,860.598,8171.31,8171.31,806.982,3277,31,3276.7,29.1,29.1,30,30,118.515,0.0326,728.179,860.598,27,3276,0,25,24,24,0,3276.7,0,80,13/12/2024 13:35
1397,0,11.8515,24.2441,854.613,806.234,26,26,25,26,26,25,0,0.0317,860.847,8171.31,8171.31,806.234,3277,31,3276.7,29.1,29.1,30,30,118.515,0.0326,725.685,860.847,27,3276,0,25,24,24,0,3276.7,0,80,13/12/2024 13:35
1398,0,11.8515,24.2585,855.61,806.234,26,26,25,26,26,25,0,0.0317,861.595,8171.31,8171.31,806.234,3277,31,3276.7,29.1,29.1,30,30,118.515,0.0321,727.431,861.595,27,3276,0,25,24,24,0,3276.7,0,80,13/12/2024 13:35
1399,0,11.8515,24.2513,854.862,806.732,26,26,25,26,26,25,0,0.0317,862.094,8171.31,8171.31,806.732,3277,31,3276.7,29.1,29.1,30,30,118.515,0.0329,729.426,862.094,27,3276,0,25,24,24,0,3276.7,0,80,13/12/2024 13:35
1400,0,11.8515,24.2513,854.862,807.231,26,26,25,26,26,25,0,0.0317,861.845,8171.31,8171.31,807.231,3277,30,3276.7,29.1,29.1,30,30,118.515,0.0325,725.186,861.845,27,3276,0,25,24,24,0,3276.7,0,80,13/12/2024 13:35
1401,0,11.8515,24.2585,854.613,806.732,26,26,25,26,26,25,0,0.0317,860.598,8171.31,8171.31,806.732,3277,31,3276.7,29.1,29.1,30,30,118.515,0.0328,728.678,860.598,27,3276,0,25,24,24,0,3276.7,0,80,13/12/2024 13:35
1402,0,11.8515,24.2405,854.363,806.982,26,26,25,26,26,25,0,0.0317,860.598,8171.31,8171.31,806.982,3277,31,3276.7,29.1,29.1,30,30,118.515,0.0323,728.428,860.598,27,3276,0,25,24,24,0,3276.7,0,80,13/12/2024 13:35
1403,0,11.8515,24.2549,855.361,806.234,26,26,25,26,26,25,0,0.0317,861.845,8171.31,8171.31,806.234,3277,31,3276.7,29.1,29.1,30,30,118.515,0.0325,725.186,861.845,27,3276,0,25,24,24,0,3276.7,0,80,13/12/2024 13:35
1404,0,11.8515,24.2513,854.613,806.732,26,26,25,26,26,25,0,0.0317,862.094,8171.31,8171.31,806.732,3277,31,3276.7,29.1,29.1,30,30,118.515,0.0325,728.179,862.094,27,3276,0,25,24,24,0,3276.7,0,80,13/12/2024 13:35
1405,0,11.8515,24.2513,855.61,806.982,26,26,25,26,26,25,0,0.0317,861.845,8171.31,8171.31,806.982,3277,31,3276.7,29.1,29.1,30,30,118.515,0.0325,727.68,861.845,27,3276,0,25,24,24,0,3276.7,0,80,13/12/2024 13:35
1406,0,11.8515,24.2441,854.613,806.234,26,26,25,26,26,25,0,0.0317,862.094,8171.31,8171.31,806.234,3277,30,3276.7,29.1,29.1,30,30,118.515,0.0321,725.186,862.094,27,3276,0,25,24,24,0,3276.7,0,80,13/12/2024 13:35
1407,0,11.8515,24.2513,854.862,806.234,26,26,25,26,26,25,0,0.0317,860.847,8171.31,8171.31,806.234,3277,30,3276.7,29.1,29.1,30,30,118.515,0.0327,728.179,860.847,27,3276,0,25,24,24,0,3276.7,0,80,13/12/2024 13:35
1408,0,11.8515,24.2513,854.613,805.735,26,26,25,26,26,25,0,0.0317,859.6,8171.31,8171.31,805.735,3277,31,3276.7,29.1,29.1,30,30,118.515,0.0327,725.935,859.6,27,3276,0,25,24,24,0,3276.7,0,80,13/12/2024 13:35
1409,0,11.8515,24.2549,854.862,806.234,26,26,25,26,26,25,0,0.0317,860.847,8171.31,8171.31,806.234,3277,30,3276.7,29.1,29.1,30,30,118.515,0.0328,724.688,860.847,27,3276,0,25,24,24,0,3276.7,0,80,13/12/2024 13:35
1410,0,11.8515,24.2513,854.613,806.234,26,26,25,26,26,25,0,0.0317,862.094,8171.31,8171.31,806.234,3277,30,3276.7,29.1,29.1,30,30,118.515,0.0324,727.68,862.094,27,3276,0,25,24,24,0,3276.7,0,80,13/12/2024 13:35
1411,0,11.8515,24.2549,854.613,806.982,26,26,25,26,26,25,0,0.0317,862.094,8171.31,8171.31,806.982,3277,30,3276.7,29.1,29.1,30,30,118.515,0.0324,725.685,862.094,27,3276,0,25,24,24,0,3276.7,0,80,13/12/2024 13:35
1412,0,11.8515,24.2441,855.361,806.982,26,26,25,26,26,25,0,0.0317,862.094,8171.31,8171.31,806.982,3277,30,3276.7,29.1,29.1,30,30,118.515,0.0327,726.433,862.094,27,3276,0,25,24,24,0,3276.7,0,80,13/12/2024 13:35
1413,0,11.8515,24.2441,855.361,805.984,26,26,25,26,26,25,0,0.0317,861.595,8171.31,8171.31,805.984,3277,30,3276.7,29.1,29.1,30,30,118.515,0.0327,728.678,861.595,27,3276,0,25,24,24,0,3276.7,0,80,13/12/2024 13:35
1414,0,11.8515,24.2441,854.613,806.982,26,26,25,26,26,25,0,0.0317,860.847,8171.31,8171.31,806.982,3277,30,3276.7,29.1,29.1,30,30,118.515,0.0327,725.186,860.847,27,3276,0,25,24,24,0,3276.7,0,80,13/12/2024 13:35
1415,0,11.8515,24.2549,855.361,805.735,26,26,25,26,26,25,0,0.0317,861.595,8171.31,8171.31,805.735,3277,30,3276.7,29.1,29.1,30,30,118.515,0.0325,726.433,861.595,27,3276,0,25,24,24,0,3276.7,0,80,13/12/2024 13:35
1416,0,11.8515,24.2368,854.613,806.982,26,26,25,26,26,25,0,0.0312,862.343,8171.31,8171.31,806.982,3277,30,3276.7,29.1,29.1,30,30,118.515,0.0325,728.428,862.343,27,3276,0,25,24,24,0,3276.7,0,80,13/12/2024 13:35
1417,0,11.8515,24.2441,854.613,806.234,26,26,25,26,26,25,0,0.0313,862.094,8171.31,8171.31,806.234,3277,30,3276.7,29.1,29.1,30,30,118.515,0.0331,724.688,862.094,27,3276,0,25,24,24,0,3276.7,0,80,13/12/2024 13:35
1418,0,11.8515,24.2441,855.361,806.234,26,26,25,26,26,25,0,0.0313,861.845,8171.31,8171.31,806.234,3277,30,3276.7,29.1,29.1,30,30,118.515,0.0331,727.68,861.845,27,3276,0,25,24,24,0,3276.7,0,80,13/12/2024 13:35
1419,0,11.8515,24.2549,854.862,807.231,26,26,25,26,26,25,0,0.0313,861.595,8171.31,8171.31,807.231,3277,30,3276.7,29.1,29.1,30,30,118.515,0.0321,727.68,861.595,27,3276,0,25,24,24,0,3276.7,0,80,13/12/2024 13:35
1420,0,11.8515,24.2513,854.862,806.982,26,26,25,26,26,25,0,0.0313,860.598,8171.31,8171.31,806.982,3277,30,3276.7,29.1,29.1,30,30,118.515,0.0326,725.186,860.598,27,3276,0,25,24,24,0,3276.7,0,80,13/12/2024 13:35
1421,0,11.8515,24.2513,854.862,806.732,26,26,25,26,26,25,0,0.0313,861.845,8171.31,8171.31,806.732,3277,30,3276.7,29.1,29.1,30,30,118.515,0.0324,728.179,861.845,27,3276,0,25,24,24,0,3276.7,0,80,13/12/2024 13:35
1422,0,11.8515,24.2513,854.363,806.234,26,26,25,26,26,25,0,0.0313,862.094,8171.31,8171.31,806.234,3277,30,3276.7,29.1,29.1,30,30,118.515,0.0324,727.181,862.094,27,3276,0,25,24,24,0,3276.7,0,80,13/12/2024 13:35
1423,0,11.8515,24.2513,853.366,806.234,26,26,25,26,26,25,0,0.0313,862.094,8171.31,8171.31,806.234,3277,30,3276.7,29.1,29.1,30,30,118.515,0.0324,724.688,862.094,27,3276,0,25,24,24,0,3276.7,0,80,13/12/2024 13:35
1424,0,11.8515,24.3273,855.361,807.231,26,26,25,26,26,25,0,0.0313,862.094,8171.31,8171.31,807.231,3277,30,3276.7,29.1,29.1,30,30,118.515,0.0324,728.179,862.094,27,3276,0,25,24,24,0,3276.7,0,80,13/12/2024 13:35
1425,0,11.8515,24.3417,855.361,806.982,26,26,25,26,26,25,0,0.0313,860.847,8171.31,8171.31,806.982,3277,30,3276.7,29.1,29.1,30,30,118.515,0.0324,725.186,860.847,27,3276,0,25,24,24,0,3276.7,0,80,13/12/2024 13:35
1426,0,11.8515,24.2441,855.361,806.982,26,26,25,26,26,25,0,0.0313,859.85,8171.31,8171.31,806.982,3277,30,3276.7,29.1,29.1,30,30,118.515,0.0324,726.433,859.85,27,3276,0,25,24,24,0,3276.7,0,80,13/12/2024 13:35
1427,0,11.8515,24.2549,854.862,807.231,26,26,25,26,26,25,0,0.0313,861.595,8171.31,8171.31,807.231,3277,30,3276.7,29.1,29.1,30,30,118.515,0.033,728.179,861.595,27,3276,0,25,24,24,0,3276.7,0,80,13/12/2024 13:35
1428,0,11.8515,24.2441,854.613,806.982,26,26,25,26,26,25,0,0.0313,862.094,8171.31,8171.31,806.982,3277,30,3276.7,29.1,29.1,30,30,118.515,0.0324,724.688,862.094,27,3276,0,25,24,24,0,3276.7,0,80,13/12/2024 13:36
1429,0,11.8515,24.2513,854.613,807.231,26,26,25,26,26,25,0,0.0313,862.343,8171.31,8171.31,807.231,3277,30,3276.7,29.1,29.1,30,30,118.515,0.0324,727.68,862.343,27,3276,0,25,24,24,0,3276.7,0,80,13/12/2024 13:36
1430,0,11.8515,24.3417,854.613,806.982,26,26,25,26,26,25,0,0.0313,862.094,8171.31,8171.31,806.982,3277,30,3276.7,29.1,29.1,30,30,118.515,0.0324,726.184,862.094,27,3276,0,25,24,24,0,3276.7,0,80,13/12/2024 13:36
1431,0,11.8515,24.3526,854.862,805.486,26,26,25,26,26,25,0,0.0313,861.845,8171.31,8171.31,805.486,3277,30,3276.7,29.1,29.1,30,30,118.515,0.0319,724.937,861.845,27,3276,0,25,24,24,0,3276.7,0,80,13/12/2024 13:36
1432,0,11.8515,24.2513,855.361,806.732,26,26,25,26,26,25,0,0.0313,862.343,8171.31,8171.31,806.732,3277,30,3276.7,29.1,29.1,30,30,118.515,0.0319,728.428,862.343,27,3276,0,25,24,24,0,3276.7,0,80,13/12/2024 13:36
1433,0,11.8515,24.2513,854.862,806.982,26,26,25,26,26,25,0,0.0313,860.598,8171.31,8171.31,806.982,3277,30,3276.7,29.1,29.1,30,30,118.515,0.0323,724.688,860.598,27,3276,0,25,24,24,0,3276.7,0,80,13/12/2024 13:36
1434,0,11.8515,24.2441,855.361,807.481,26,26,25,26,26,25,0,0.0313,859.85,8171.31,8171.31,807.481,3277,30,3276.7,29.1,29.1,30,30,118.515,0.0325,728.678,859.85,27,3276,0,25,24,24,0,3276.7,0,80,13/12/2024 13:36
1435,0,11.8515,24.2513,854.862,806.732,26,26,25,26,26,25,0,0.0313,861.595,8171.31,8171.31,806.732,3277,30,3276.7,29.1,29.1,30,30,118.515,0.0325,725.685,861.595,27,3276,0,25,24,24,0,3276.7,0,80,13/12/2024 13:36
1436,0,11.8515,24.3453,854.862,805.984,26,26,25,26,26,25,0,0.0313,861.096,8171.31,8171.31,805.984,3277,30,3276.7,29.1,29.1,30,30,118.515,0.0321,725.935,861.096,27,3276,0,25,24,24,0,3276.7,0,80,13/12/2024 13:36
1437,0,11.8515,24.3453,855.61,807.481,26,26,25,26,26,25,0,0.0313,861.845,8171.31,8171.31,807.481,3277,30,3276.7,29.1,29.1,30,30,118.515,0.0321,728.428,861.845,27,3276,0,25,24,24,0,3276.7,0,80,13/12/2024 13:36
1438,0,11.8515,24.349,854.862,807.231,26,26,25,26,26,25,0,0.0313,862.842,8171.31,8171.31,807.231,3277,30,3276.7,29.1,29.1,30,30,118.515,0.0319,723.69,862.842,27,3276,0,25,24,24,0,3276.7,0,80,13/12/2024 13:36
1439,0,11.8515,24.349,855.361,807.481,26,26,25,26,26,25,0,0.0313,862.343,8171.31,8171.31,807.481,3277,30,3276.7,29.1,29.1,30,30,118.515,0.0325,728.179,862.343,27,3276,0,25,24,24,0,3276.7,0,80,13/12/2024 13:36
1440,0,11.8515,24.2441,854.862,806.732,26,26,25,26,26,25,0,0.0313,863.341,8171.31,8171.31,806.732,3277,30,3276.7,29.1,29.1,30,30,118.515,0.0325,724.937,863.341,27,3276,0,25,24,24,0,3276.7,0,80,13/12/2024 13:36
1441,0,11.8515,24.2513,854.862,806.982,26,26,25,26,26,25,0,0.0313,861.096,8171.31,8171.31,806.982,3277,30,3276.7,29.1,29.1,30,30,118.515,0.0322,727.181,861.096,27,3276,0,25,24,24,0,3276.7,0,80,13/12/2024 13:36
1442,0,11.8515,24.3453,854.613,806.732,26,26,25,26,26,25,0,0.0313,861.096,8171.31,8171.31,806.732,3277,30,3276.7,29.1,29.1,30,30,118.515,0.0326,727.68,861.096,27,3276,0,25,24,24,0,3276.7,0,80,13/12/2024 13:36
1443,0,11.8515,24.3453,854.613,806.982,26,26,25,26,26,25,0,0.0313,860.348,8171.31,8171.31,806.982,3277,30,3276.7,29.1,29.1,30,30,118.515,0.0326,723.94,860.348,27,3276,0,25,24,24,0,3276.7,0,80,13/12/2024 13:36
1444,0,11.8515,24.2549,854.613,806.982,26,26,25,26,26,25,0,0.0313,860.847,8171.31,8171.31,806.982,3277,30,3276.7,29.1,29.1,30,30,118.515,0.0325,728.428,860.847,27,3276,0,25,24,24,0,3276.7,0,80,13/12/2024 13:36
1445,0,11.8515,24.2441,855.61,806.234,26,26,25,26,26,25,0,0.0313,861.595,8171.31,8171.31,806.234,3277,30,3276.7,29.1,29.1,30,30,118.515,0.0325,723.94,861.595,27,3276,0,25,24,24,0,3276.7,0,80,13/12/2024 13:36
1446,0,11.8515,24.2368,854.613,806.982,26,26,25,26,26,25,0,0.0313,861.595,8171.31,8171.31,806.982,3277,30,3276.7,29.1,29.1,30,30,118.515,0.0326,727.68,861.595,27,3276,0,25,24,24,0,3276.7,0,80,13/12/2024 13:36
1447,0,11.8515,24.2441,854.613,806.732,26,26,25,26,26,25,0,0.0313,861.845,8171.31,8171.31,806.732,3277,30,3276.7,29.1,29.1,30,30,118.515,0.0329,727.431,861.845,27,3276,0,25,24,24,0,3276.7,0,80,13/12/2024 13:36
1448,0,11.8515,24.2549,854.613,806.234,26,26,25,26,26,25,0,0.0313,862.343,8171.31,8171.31,806.234,3277,30,3276.7,29.1,29.1,30,30,118.515,0.0329,724.688,862.343,27,3276,0,25,24,24,0,3276.7,0,80,13/12/2024 13:36
1449,0,11.8515,24.2405,855.361,806.732,26,26,25,26,26,25,0,0.0313,862.094,8171.31,8171.31,806.732,3277,30,3276.7,29.1,29.1,30,30,118.515,0.0323,729.426,862.094,27,3276,0,25,24,24,0,3276.7,0,80,13/12/2024 13:36
1450,0,11.8515,24.2549,855.361,807.231,26,26,25,26,26,25,0,0.0313,862.094,8171.31,8171.31,807.231,3277,30,3276.7,29.1,29.1,30,30,118.515,0.0324,723.94,862.094,27,3276,0,25,24,24,0,3276.7,0,80,13/12/2024 13:36
1451,0,11.8515,24.2549,854.613,806.234,26,26,25,26,26,25,0,0.0313,860.847,8171.31,8171.31,806.234,3277,30,3276.7,29.1,29.1,30,30,118.515,0.0324,728.428,860.847,27,3276,0,25,24,24,0,3276.7,0,80,13/12/2024 13:36
1452,0,11.8515,24.2513,854.613,806.982,26,26,25,26,26,25,0,0.0313,860.847,8171.31,8171.31,806.982,3277,30,3276.7,29.1,29.1,30,30,118.515,0.0328,725.186,860.847,27,3276,0,25,24,24,0,3276.7,0,80,13/12/2024 13:36
1453,0,11.8515,24.2549,854.613,806.732,26,26,25,26,26,25,0,0.0313,861.096,8171.31,8171.31,806.732,3277,30,3276.7,29.1,29.1,30,30,118.515,0.0328,725.935,861.096,27,3276,0,25,24,24,0,3276.7,0,80,13/12/2024 13:36
1454,0,11.8515,24.2513,854.862,806.234,26,26,25,26,26,25,0,0.0313,861.595,8171.31,8171.31,806.234,3277,30,3276.7,29.1,29.1,30,30,118.515,0.0323,728.678,861.595,27,3276,0,25,24,24,0,3276.7,0,80,13/12/2024 13:36
1455,0,11.8515,24.2549,854.613,807.231,26,26,25,26,26,25,0,0.0313,861.845,8171.31,8171.31,807.231,3277,30,3276.7,29.1,29.1,30,30,118.515,0.0324,723.441,861.845,27,3276,0,25,24,24,0,3276.7,0,80,13/12/2024 13:36
1456,0,11.8515,24.3417,854.613,806.982,26,26,25,26,26,25,0,0.0313,862.343,8171.31,8171.31,806.982,3277,30,3276.7,29.1,29.1,30,30,118.515,0.0324,729.426,862.343,27,3276,0,25,24,24,0,3276.7,0,80,13/12/2024 13:36
1457,0,11.8515,24.349,854.363,806.234,26,26,25,26,26,25,0,0.0313,862.094,8171.31,8171.31,806.234,3277,30,3276.7,29.1,29.1,30,30,118.515,0.0317,725.186,862.094,27,3276,0,25,24,24,0,3276.7,0,80,13/12/2024 13:36
1458,0,11.8515,24.2441,854.613,806.234,26,26,25,26,26,25,0,0.0313,862.094,8171.31,8171.31,806.234,3277,30,3276.7,29.1,29.1,30,30,118.515,0.0329,727.68,862.094,27,3276,0,25,24,24,0,3276.7,0,80,13/12/2024 13:36
1459,0,11.8515,24.2513,854.862,805.984,26,26,25,26,26,25,0,0.0313,862.094,8171.31,8171.31,805.984,3277,30,3276.7,29.1,29.1,30,30,118.515,0.0326,726.932,862.094,27,3276,0,25,24,24,0,3276.7,0,80,13/12/2024 13:36
1460,0,11.8515,24.2549,854.862,806.234,26,26,25,26,26,25,0,0.0313,861.595,8171.31,8171.31,806.234,3277,30,3276.7,29.1,29.1,30,30,118.515,0.0324,725.685,861.595,27,3276,0,25,24,24,0,3276.7,0,80,13/12/2024 13:36
1461,0,11.8515,24.2405,854.363,806.732,26,26,25,26,26,25,0,0.0313,860.847,8171.31,8171.31,806.732,3277,30,3276.7,29.1,29.1,30,30,118.515,0.0324,728.179,860.847,27,3276,0,25,24,24,0,3276.7,0,80,13/12/2024 13:36
1462,0,11.8515,24.2441,854.613,806.732,26,26,25,26,26,25,0,0.0313,860.348,8171.31,8171.31,806.732,3277,30,3276.7,29.1,29.1,30,30,118.515,0.0323,723.69,860.348,27,3276,0,25,24,24,0,3276.7,0,80,13/12/2024 13:36
1463,0,11.8515,24.2513,854.613,807.231,26,26,25,26,26,25,0,0.0313,860.847,8171.31,8171.31,807.231,3277,30,3276.7,29.1,29.1,30,30,118.515,0.0326,728.179,860.847,27,3276,0,25,24,24,0,3276.7,0,80,13/12/2024 13:36
1464,0,11.8515,24.2513,855.361,806.732,26,26,25,26,26,25,0,0.0313,861.595,8171.31,8171.31,806.732,3277,30,3276.7,29.1,29.1,30,30,118.515,0.0326,724.688,861.595,27,3276,0,25,24,24,0,3276.7,0,80,13/12/2024 13:36
1465,0,11.8515,24.2549,855.361,806.732,26,26,25,26,26,25,0,0.0313,860.847,8171.31,8171.31,806.732,3277,30,3276.7,29.1,29.1,30,30,118.515,0.0324,728.678,860.847,27,3276,0,25,24,24,0,3276.7,0,80,13/12/2024 13:36
1466,0,11.8515,24.2441,854.613,805.984,26,26,25,26,26,25,0,0.0313,862.094,8171.31,8171.31,805.984,3277,30,3276.7,29.1,29.1,30,30,118.515,0.032,725.685,862.094,27,3276,0,25,24,24,0,3276.7,0,80,13/12/2024 13:36
1467,0,11.8515,24.2441,854.613,806.732,26,26,25,26,26,25,0,0.0313,862.094,8171.31,8171.31,806.732,3277,30,3276.7,29.1,29.1,30,30,118.515,0.032,726.433,862.094,27,3276,0,25,24,24,0,3276.7,0,80,13/12/2024 13:36
1468,0,11.8515,24.2513,854.862,806.234,26,26,25,26,26,25,0,0.0313,862.343,8171.31,8171.31,806.234,3277,30,3276.7,29.1,29.1,30,30,118.515,0.032,728.179,862.343,27,3276,0,25,24,24,0,3276.7,0,80,13/12/2024 13:36
1469,0,11.8515,24.2549,854.862,806.982,26,26,25,26,26,25,0,0.0313,862.094,8171.31,8171.31,806.982,3277,30,3276.7,29.1,29.1,30,30,118.515,0.032,724.438,862.094,27,3276,0,25,24,24,0,3276.7,0,80,13/12/2024 13:36
1470,0,11.8515,24.2513,855.61,806.732,26,26,25,26,26,25,0,0.0323,862.343,8171.31,8171.31,806.732,3277,30,3276.7,29.1,29.1,30,30,118.515,0.0324,728.927,862.343,27,3276,0,25,24,24,0,3276.7,0,80,13/12/2024 13:36
1471,0,11.8515,24.2368,854.862,806.982,26,26,25,26,26,25,0,0.0318,862.094,8171.31,8171.31,806.982,3277,30,3276.7,29.1,29.1,30,30,118.515,0.0321,724.438,862.094,27,3276,0,25,24,24,0,3276.7,0,80,13/12/2024 13:36
1472,0,11.8515,24.2549,854.613,805.984,26,26,25,26,26,25,0,0.0318,861.845,8171.31,8171.31,805.984,3277,30,3276.7,29.1,29.1,30,30,118.515,0.0321,728.428,861.845,27,3276,0,25,24,24,0,3276.7,0,80,13/12/2024 13:36
1473,0,11.8515,24.2513,854.613,806.732,26,26,25,26,26,25,0,0.0318,861.096,8171.31,8171.31,806.732,3277,30,3276.7,29.1,29.1,30,30,118.515,0.0325,724.937,861.096,27,3276,0,25,24,24,0,3276.7,0,80,13/12/2024 13:36
1474,0,11.8515,24.3526,854.613,805.984,26,26,25,26,26,25,0,0.0318,859.85,8171.31,8171.31,805.984,3277,30,3276.7,29.1,29.1,30,30,118.515,0.0325,727.68,859.85,27,3276,0,25,24,24,0,3276.7,0,80,13/12/2024 13:36
1475,0,11.8515,24.3453,854.613,806.732,26,26,25,26,26,25,0,0.0318,860.348,8171.31,8171.31,806.732,3277,30,3276.7,29.1,29.1,30,30,118.515,0.0325,728.179,860.348,27,3276,0,25,24,24,0,3276.7,0,80,13/12/2024 13:36
1476,0,11.8515,24.2513,854.613,805.735,26,26,25,26,26,25,0,0.0318,861.096,8171.31,8171.31,805.735,3277,30,3276.7,29.1,29.1,30,30,118.515,0.0325,724.937,861.096,27,3276,0,25,24,24,0,3276.7,0,80,13/12/2024 13:36
1477,0,11.8515,24.2441,854.613,806.982,26,26,25,26,26,25,0,0.0318,862.094,8171.31,8171.31,806.982,3277,30,3276.7,29.1,29.1,30,30,118.515,0.0325,728.927,862.094,27,3276,0,25,24,24,0,3276.7,0,80,13/12/2024 13:36
1478,0,11.8515,24.349,855.61,805.735,26,26,25,26,26,25,0,0.0318,862.094,8171.31,8171.31,805.735,3277,30,3276.7,29.1,29.1,30,30,118.515,0.0321,723.94,862.094,27,3276,0,25,24,24,0,3276.7,0,80,13/12/2024 13:36
1479,0,11.8515,24.3345,854.613,806.982,26,26,25,26,26,25,0,0.0318,862.842,8171.31,8171.31,806.982,3277,30,3276.7,29.1,29.1,30,30,118.515,0.0323,727.431,862.842,27,3276,0,25,24,24,0,3276.7,0,80,13/12/2024 13:36
1480,0,11.8515,24.3453,854.862,807.231,26,26,25,26,26,25,0,0.0318,862.842,8171.31,8171.31,807.231,3277,30,3276.7,29.1,29.1,30,30,118.515,0.0323,725.935,862.842,27,3276,0,25,24,24,0,3276.7,0,80,13/12/2024 13:36
1481,0,11.8515,24.3526,854.613,806.732,26,26,25,26,26,25,0,0.0318,861.845,8171.31,8171.31,806.732,3277,30,3276.7,29.1,29.1,30,30,118.515,0.0324,724.937,861.845,27,3276,0,25,24,24,0,3276.7,0,80,13/12/2024 13:36
1482,0,11.8515,24.2513,854.862,805.984,26,26,25,26,26,25,0,0.0318,860.348,8171.31,8171.31,805.984,3277,30,3276.7,29,29,30,30,118.515,0.0326,728.428,860.348,27,3276,0,25,24,24,0,3276.7,0,80,13/12/2024 13:36
1483,0,11.8515,24.2513,854.613,806.982,26,26,25,26,26,25,0,0.0318,860.348,8171.31,8171.31,806.982,3277,30,3276.7,29.1,29.1,30,30,118.515,0.0325,724.438,860.348,27,3276,0,25,24,24,0,3276.7,0,80,13/12/2024 13:36
1484,0,11.8515,24.2549,854.862,805.984,26,26,25,26,26,25,0,0.0318,860.598,8171.31,8171.31,805.984,3277,30,3276.7,29.1,29.1,30,30,118.515,0.0325,727.68,860.598,27,3276,0,25,24,24,0,3276.7,0,80,13/12/2024 13:36
1485,0,11.8515,24.2549,854.862,805.486,26,26,25,26,26,25,0,0.0318,860.598,8171.31,8171.31,805.486,3277,30,3276.7,29,29,30,30,118.515,0.0325,726.932,860.598,27,3276,0,25,24,24,0,3276.7,0,80,13/12/2024 13:36
1486,0,11.8515,24.3526,854.613,805.984,26,26,25,26,26,25,0,0.0318,862.094,8171.31,8171.31,805.984,3277,30,3276.7,29,29,30,30,118.515,0.0326,725.186,862.094,27,3276,0,25,24,24,0,3276.7,0,80,13/12/2024 13:36
1487,0,11.8515,24.3598,856.109,806.732,26,26,25,26,26,25,0,0.0318,862.343,8171.31,8171.31,806.732,3277,30,3276.7,29,29,30,30,118.515,0.0332,727.68,862.343,27,3276,0,25,24,24,0,3276.7,0,80,13/12/2024 13:36
1488,0,11.8515,24.3453,855.86,807.231,26,26,25,26,26,25,0,0.0318,861.845,8171.31,8171.31,807.231,3277,30,3276.7,29,29,30,30,118.515,0.0332,724.688,861.845,27,3276,0,25,24,24,0,3276.7,0,80,13/12/2024 13:37
1489,0,11.8515,24.3417,854.862,806.732,26,26,25,26,26,25,0,0.0318,861.845,8171.31,8171.31,806.732,3277,30,3276.7,29,29,30,30,118.515,0.0326,727.68,861.845,27,3276,0,25,24,24,0,3276.7,0,80,13/12/2024 13:37
1490,0,11.8515,24.2549,854.862,806.234,26,26,25,26,26,25,0,0.0318,860.847,8171.31,8171.31,806.234,3277,30,3276.7,29,29,30,30,118.515,0.0324,727.181,860.847,27,3276,0,25,24,24,0,3276.7,0,80,13/12/2024 13:37
1491,0,11.8515,24.2549,854.613,806.732,26,26,25,26,26,25,0,0.0318,859.85,8171.31,8171.31,806.732,3277,30,3276.7,29,29,30,30,118.515,0.0324,724.438,859.85,27,3276,0,25,24,24,0,3276.7,0,80,13/12/2024 13:37
1492,0,11.8515,24.2513,854.613,806.732,26,26,25,26,26,25,0,0.0318,860.847,8171.31,8171.31,806.732,3277,30,3276.7,29,29,30,30,118.515,0.0324,728.678,860.847,27,3276,0,25,24,24,0,3276.7,0,80,13/12/2024 13:37
1493,0,11.8515,24.2513,854.613,806.732,26,26,25,26,26,25,0,0.0318,862.094,8171.31,8171.31,806.732,3277,30,3276.7,29,29,30,30,118.515,0.0324,723.191,862.094,27,3276,0,25,24,24,0,3276.7,0,80,13/12/2024 13:37
1494,0,11.8515,24.2585,854.862,807.231,26,26,25,26,26,25,0,0.0318,862.094,8171.31,8171.31,807.231,3277,30,3276.7,29,29,30,30,118.515,0.0323,727.68,862.094,27,3276,0,25,24,24,0,3276.7,0,80,13/12/2024 13:37
1495,0,11.8515,24.2405,854.613,805.984,26,26,25,26,26,25,0,0.0318,862.343,8171.31,8171.31,805.984,3277,30,3276.7,29,29,30,30,118.515,0.0326,725.186,862.343,27,3276,0,25,24,24,0,3276.7,0,80,13/12/2024 13:37
1496,0,11.8515,24.2441,854.613,806.732,26,26,25,26,26,25,0,0.0318,862.094,8171.31,8171.31,806.732,3277,30,3276.7,29,29,30,30,118.515,0.0326,727.181,862.094,27,3276,0,25,24,24,0,3276.7,0,80,13/12/2024 13:37
1497,0,11.8515,24.2513,855.361,806.982,26,26,25,26,26,25,0,0.0318,862.094,8171.31,8171.31,806.982,3277,30,3276.7,29,29,30,30,118.515,0.0326,727.68,862.094,27,3276,0,25,24,24,0,3276.7,0,80,13/12/2024 13:37
1498,0,11.8515,24.2549,854.613,805.984,26,26,25,26,26,25,0,0.0318,862.842,8171.31,8171.31,805.984,3277,30,3276.7,29,29,30,30,118.515,0.0328,723.441,862.842,27,3276,0,25,24,24,0,3276.7,0,80,13/12/2024 13:37
1499,0,11.8515,24.2585,854.862,806.234,26,26,25,26,26,25,0,0.0318,861.845,8171.31,8171.31,806.234,3277,30,3276.7,29,29,30,30,118.515,0.0324,727.68,861.845,27,3276,0,25,24,24,0,3276.7,0,80,13/12/2024 13:37
1500,0,11.8515,24.2513,855.361,806.234,26,26,25,26,26,25,0,0.0313,860.598,8171.31,8171.31,806.234,3277,30,3276.7,29,29,30,30,118.515,0.0327,728.179,860.598,27,3276,0,25,24,24,0,3276.7,0,80,13/12/2024 13:37
1501,0,11.8515,24.2513,855.361,806.234,26,26,25,26,26,25,0,0.0313,860.598,8171.31,8171.31,806.234,3277,30,3276.7,29,29,30,30,118.515,0.0327,728.179,860.598,27,3276,0,25,24,24,0,3276.7,0,80,13/12/2024 13:37
1502,0,11.8515,24.2405,854.613,806.234,26,26,25,26,26,25,0,0.0313,861.096,8171.31,8171.31,806.234,3277,30,3276.7,29,29,30,30,118.515,0.032,725.685,861.096,27,3276,0,25,24,24,0,3276.7,0,80,13/12/2024 13:37
1503,0,11.8515,24.2441,854.363,807.231,26,26,25,26,26,25,0,0.0313,862.094,8171.31,8171.31,807.231,3277,30,3276.7,29,29,30,30,118.515,0.0325,728.428,862.094,27,3276,0,25,24,24,0,3276.7,0,80,13/12/2024 13:37
1504,0,11.8515,24.2513,854.862,805.486,26,26,25,26,26,25,0,0.0313,862.842,8171.31,8171.31,805.486,3277,30,3276.7,29,29,30,30,118.515,0.0325,723.191,862.842,27,3276,0,25,24,24,0,3276.7,0,80,13/12/2024 13:37
1505,0,11.8515,24.349,854.613,806.982,26,26,25,26,26,25,0,0.0313,862.094,8171.31,8171.31,806.982,3277,30,3276.7,29,29,30,30,118.515,0.0323,727.68,862.094,27,3276,0,25,24,24,0,3276.7,0,80,13/12/2024 13:37
1506,0,11.8515,24.3526,854.613,805.984,26,26,25,26,26,25,0,0.0313,862.094,8171.31,8171.31,805.984,3277,30,3276.7,29,29,30,30,118.515,0.0316,725.186,862.094,27,3276,0,25,24,24,0,3276.7,0,80,13/12/2024 13:37
1507,0,11.8515,24.3345,854.613,806.732,26,26,25,26,26,25,0,0.0313,861.845,8171.31,8171.31,806.732,3277,30,3276.7,29,29,30,30,118.515,0.0329,725.935,861.845,27,3276,0,25,24,24,0,3276.7,0,80,13/12/2024 13:37
1508,0,11.8515,24.3417,855.361,806.732,26,26,25,26,26,25,0,0.0313,860.847,8171.31,8171.31,806.732,3277,30,3276.7,29,29,30,30,118.515,0.0329,728.179,860.847,27,3276,0,25,24,24,0,3276.7,0,80,13/12/2024 13:37
1509,0,11.8515,24.2513,854.613,807.481,26,26,25,26,26,25,0,0.0313,860.348,8171.31,8171.31,807.481,3277,30,3276.7,29,29,30,30,118.515,0.0322,722.693,860.348,27,3276,0,25,24,24,0,3276.7,0,80,13/12/2024 13:37
1510,0,11.8515,24.2513,854.613,807.231,26,26,25,26,26,25,0,0.0313,861.096,8171.31,8171.31,807.231,3277,30,3276.7,29,29,30,30,118.515,0.0327,727.68,861.096,27,3276,0,25,24,24,0,3276.7,0,80,13/12/2024 13:37
1511,0,11.8515,24.2549,854.862,806.732,26,26,25,26,26,25,0,0.0313,861.595,8171.31,8171.31,806.732,3277,30,3276.7,29,29,30,30,118.515,0.0327,725.186,861.595,27,3276,0,25,24,24,0,3276.7,0,80,13/12/2024 13:37
1512,0,11.8515,24.2405,854.862,805.984,26,26,25,26,26,25,0,0.0313,862.094,8171.31,8171.31,805.984,3277,30,3276.7,29,29,30,30,118.515,0.0325,727.181,862.094,27,3276,0,25,24,24,0,3276.7,0,80,13/12/2024 13:37
1513,0,11.8515,24.2441,854.613,806.982,26,26,25,26,26,25,0,0.0313,861.845,8171.31,8171.31,806.982,3277,30,3276.7,29,29,30,30,118.515,0.0325,727.68,861.845,27,3276,0,25,24,24,0,3276.7,0,80,13/12/2024 13:37
1514,0,11.8515,24.2513,855.61,806.982,26,26,25,26,26,25,0,0.0313,862.343,8171.31,8171.31,806.982,3277,30,3276.7,29,29,30,30,118.515,0.0325,723.69,862.343,27,3276,0,25,24,24,0,3276.7,0,80,13/12/2024 13:37
1515,0,11.8515,24.2513,854.862,806.732,26,26,25,26,26,25,0,0.0313,862.094,8171.31,8171.31,806.732,3277,30,3276.7,29,29,30,30,118.515,0.0323,728.428,862.094,27,3276,0,25,24,24,0,3276.7,0,80,13/12/2024 13:37
1516,0,11.8515,24.2441,854.862,806.234,26,26,25,26,26,25,0,0.0313,862.094,8171.31,8171.31,806.234,3277,30,3276.7,29,29,30,30,118.515,0.0323,723.94,862.094,27,3276,0,25,24,24,0,3276.7,0,80,13/12/2024 13:37
1517,0,11.8515,24.2549,854.862,806.234,26,26,25,26,26,25,0,0.0313,861.845,8171.31,8171.31,806.234,3277,30,3276.7,29,29,30,30,118.515,0.0325,727.68,861.845,27,3276,0,25,24,24,0,3276.7,0,80,13/12/2024 13:37
1518,0,11.8515,24.2405,854.613,806.982,26,26,25,26,26,25,0,0.0313,860.598,8171.31,8171.31,806.982,3277,30,3276.7,29,29,30,30,118.515,0.0322,725.186,860.598,27,3276,0,25,24,24,0,3276.7,0,80,13/12/2024 13:37
1519,0,11.8515,24.2513,854.613,806.982,26,26,25,26,26,25,0,0.0313,860.598,8171.31,8171.31,806.982,3277,30,3276.7,29,29,30,30,118.515,0.0322,725.685,860.598,27,3276,0,25,24,24,0,3276.7,0,80,13/12/2024 13:37
1520,0,11.8515,24.2368,854.862,805.984,26,26,25,26,26,25,0,0.0313,860.847,8171.31,8171.31,805.984,3277,30,3276.7,29,29,30,30,118.515,0.0324,727.431,860.847,27,3276,0,25,24,24,0,3276.7,0,80,13/12/2024 13:37
1521,0,11.8515,24.349,854.613,806.982,26,26,25,26,26,25,0,0.0313,861.595,8171.31,8171.31,806.982,3277,30,3276.7,29,29,30,30,118.515,0.0324,722.443,861.595,27,3276,0,25,24,24,0,3276.7,0,80,13/12/2024 13:37
1522,0,11.8515,24.3453,854.613,807.231,26,26,25,26,26,25,0,0.0313,862.343,8171.31,8171.31,807.231,3277,30,3276.7,29,29,30,30,118.515,0.0324,728.428,862.343,27,3276,0,25,24,24,0,3276.7,0,80,13/12/2024 13:37
1523,0,11.8515,24.2513,854.363,806.982,26,26,25,26,26,25,0,0.0313,862.094,8171.31,8171.31,806.982,3277,30,3276.7,29,29,30,30,118.515,0.0326,723.69,862.094,27,3276,0,25,24,24,0,3276.7,0,80,13/12/2024 13:37
1524,0,11.8515,24.2441,854.613,806.982,26,26,25,26,26,25,0,0.0313,862.094,8171.31,8171.31,806.982,3277,30,3276.7,29,29,30,30,118.515,0.0326,727.68,862.094,27,3276,0,25,24,24,0,3276.7,0,80,13/12/2024 13:37
1525,0,11.8515,24.2441,854.862,805.984,26,26,25,26,26,25,0,0.0313,861.845,8171.31,8171.31,805.984,3277,30,3276.7,29,29,30,30,118.515,0.0325,725.186,861.845,27,3276,0,25,24,24,0,3276.7,0,80,13/12/2024 13:37
1526,0,11.8515,24.2549,854.363,806.982,26,26,25,26,26,25,0,0.0313,862.094,8171.31,8171.31,806.982,3277,30,3276.7,29,29,30,30,118.515,0.0327,727.431,862.094,27,3276,0,25,24,24,0,3276.7,0,80,13/12/2024 13:37
1527,0,11.8515,24.2513,854.363,806.234,26,26,25,26,26,25,0,0.0313,861.845,8171.31,8171.31,806.234,3277,30,3276.7,29,29,30,30,118.515,0.0327,727.181,861.845,27,3276,0,25,24,24,0,3276.7,0,80,13/12/2024 13:37
1528,0,11.8515,24.2549,855.361,806.234,26,26,25,26,26,25,0,0.0313,861.096,8171.31,8171.31,806.234,3277,30,3276.7,29,29,30,30,118.515,0.0325,725.685,861.096,27,3276,0,25,24,24,0,3276.7,0,80,13/12/2024 13:37
1529,0,11.8515,24.3417,854.613,805.984,26,26,25,26,26,25,0,0.032,861.096,8171.31,8171.31,805.984,3277,30,3276.7,29,29,30,30,118.515,0.0323,728.179,861.096,27,3276,0,25,24,24,0,3276.7,0,80,13/12/2024 13:37
1530,0,11.8515,24.3453,854.613,806.732,26,26,25,26,26,25,0,0.0315,860.598,8171.31,8171.31,806.732,3277,30,3276.7,29,29,30,30,118.515,0.0326,724.688,860.598,27,3276,0,25,24,24,0,3276.7,0,80,13/12/2024 13:37
1531,0,11.8515,24.3598,854.613,806.234,26,26,25,26,26,25,0,0.0315,860.348,8171.31,8171.31,806.234,3277,30,3276.7,29,29,30,30,118.515,0.0326,728.927,860.348,27,3276,0,25,24,24,0,3276.7,0,80,13/12/2024 13:37
1532,0,11.8515,24.3526,854.363,805.984,26,26,25,26,26,25,0,0.0315,860.598,8171.31,8171.31,805.984,3277,30,3276.7,29,29,30,30,118.515,0.0326,723.441,860.598,27,3276,0,25,24,24,0,3276.7,0,80,13/12/2024 13:37
1533,0,11.8515,24.3453,855.361,806.234,26,26,25,26,26,25,0,0.0315,860.847,8171.31,8171.31,806.234,3277,30,3276.7,29,29,30,30,118.515,0.0325,729.675,860.847,27,3276,0,25,24,24,0,3276.7,0,80,13/12/2024 13:37
1534,0,11.8515,24.3345,854.613,805.735,26,26,25,26,26,25,0,0.0315,861.595,8171.31,8171.31,805.735,3277,30,3276.7,29,29,30,30,118.515,0.0325,723.441,861.595,27,3276,0,25,24,24,0,3276.7,0,80,13/12/2024 13:37
1535,0,11.8515,24.2441,855.361,806.982,26,26,25,26,26,25,0,0.0315,861.595,8171.31,8171.31,806.982,3277,30,3276.7,29,29,30,30,118.515,0.0327,729.426,861.595,27,3276,0,25,24,24,0,3276.7,0,80,13/12/2024 13:37
1536,0,11.8515,24.2441,854.613,807.231,26,26,25,26,26,25,0,0.0315,861.595,8171.31,8171.31,807.231,3277,30,3276.7,29,29,30,30,118.515,0.0331,723.94,861.595,27,3276,0,25,24,24,0,3276.7,0,80,13/12/2024 13:37
1537,0,11.8515,24.2513,854.613,806.234,26,26,25,26,26,25,0,0.0315,861.845,8171.31,8171.31,806.234,3277,30,3276.7,29,29,30,30,118.515,0.0325,728.927,861.845,27,3276,0,25,24,24,0,3276.7,0,80,13/12/2024 13:37
1538,0,11.8515,24.2549,854.363,806.982,26,26,25,26,26,25,0,0.0315,861.845,8171.31,8171.31,806.982,3277,30,3276.7,29,29,30,30,118.515,0.0325,724.937,861.845,27,3276,0,25,24,24,0,3276.7,0,80,13/12/2024 13:37
1539,0,11.8515,24.349,854.363,806.982,26,26,25,26,26,25,0,0.0315,862.094,8171.31,8171.31,806.982,3277,30,3276.7,29,29,30,30,118.515,0.0325,728.428,862.094,27,3276,0,25,24,24,0,3276.7,0,80,13/12/2024 13:37
1540,0,11.8515,24.349,854.862,806.732,26,26,25,26,26,25,0,0.0315,861.845,8171.31,8171.31,806.732,3277,30,3276.7,29,29,30,30,118.515,0.0325,725.685,861.845,27,3276,0,25,24,24,0,3276.7,0,80,13/12/2024 13:37
1541,0,11.8515,24.3453,854.613,807.481,26,26,25,26,26,25,0,0.0315,862.094,8171.31,8171.31,807.481,3277,30,3276.7,29,29,30,30,118.515,0.032,727.181,862.094,27,3276,0,25,24,24,0,3276.7,0,80,13/12/2024 13:37
1542,0,11.8515,24.3453,854.613,806.732,26,26,25,26,26,25,0,0.0315,862.842,8171.31,8171.31,806.732,3277,30,3276.7,29,29,30,30,118.515,0.0324,727.431,862.842,27,3276,0,25,24,24,0,3276.7,0,80,13/12/2024 13:37
1543,0,11.8515,24.3417,854.862,806.732,26,26,25,26,26,25,0,0.0315,862.094,8171.31,8171.31,806.732,3277,30,3276.7,29,29,30,30,118.515,0.0324,723.441,862.094,27,3276,0,25,24,24,0,3276.7,0,80,13/12/2024 13:37
1544,0,11.8515,24.3453,854.613,806.234,26,26,25,26,26,25,0,0.0315,861.845,8171.31,8171.31,806.234,3277,30,3276.7,29,29,30,30,118.515,0.0326,728.678,861.845,27,3276,0,25,24,24,0,3276.7,0,80,13/12/2024 13:37
1545,0,11.8515,24.3453,854.862,805.984,26,26,25,26,26,25,0,0.0315,860.847,8171.31,8171.31,805.984,3277,30,3276.7,29,29,30,30,118.515,0.0324,723.94,860.847,27,3276,0,25,24,24,0,3276.7,0,80,13/12/2024 13:37
1546,0,11.8515,24.273,854.613,807.231,26,26,25,26,26,25,0,0.0315,862.094,8171.31,8171.31,807.231,3277,30,3276.7,29,29,30,30,118.515,0.032,728.428,862.094,27,3276,0,25,24,24,0,3276.7,0,80,13/12/2024 13:37
1547,0,11.8515,24.2513,854.613,806.982,26,26,25,26,26,25,0,0.0315,860.598,8171.31,8171.31,806.982,3277,30,3276.7,29,29,30,30,118.515,0.0331,725.186,860.598,27,3276,0,25,24,24,0,3276.7,0,80,13/12/2024 13:37
1548,0,11.8515,24.2513,854.862,805.735,26,26,25,26,26,25,0,0.0315,860.847,8171.31,8171.31,805.735,3277,30,3276.7,29,29,30,30,118.515,0.0331,726.433,860.847,27,3276,0,25,24,24,0,3276.7,0,80,13/12/2024 13:38
1549,0,11.8515,24.2441,854.613,806.732,26,26,25,26,26,25,0,0.0315,862.094,8171.31,8171.31,806.732,3277,30,3276.7,29,29,30,30,118.515,0.0323,728.428,862.094,27,3276,0,25,24,24,0,3276.7,0,80,13/12/2024 13:38
1550,0,11.8515,24.2441,855.61,806.732,26,26,25,26,26,25,0,0.0315,862.343,8171.31,8171.31,806.732,3277,30,3276.7,29,29,30,30,118.515,0.0324,724.438,862.343,27,3276,0,25,24,24,0,3276.7,0,80,13/12/2024 13:38
1551,0,11.8515,24.2513,854.613,806.732,26,26,25,26,26,25,0,0.0315,862.094,8171.31,8171.31,806.732,3277,30,3276.7,29,29,30,30,118.515,0.0324,728.927,862.094,27,3276,0,25,24,24,0,3276.7,0,80,13/12/2024 13:38
1552,0,11.8515,24.2549,854.613,806.982,26,26,25,26,26,25,0,0.0315,862.094,8171.31,8171.31,806.982,3277,30,3276.7,29,29,30,30,118.515,0.0329,725.186,862.094,27,3276,0,25,24,24,0,3276.7,0,80,13/12/2024 13:38
1553,0,11.8515,24.2513,855.361,806.982,26,26,25,26,26,25,0,0.0315,861.595,8171.31,8171.31,806.982,3277,30,3276.7,29,29,30,30,118.515,0.0324,727.68,861.595,27,3276,0,25,24,24,0,3276.7,0,80,13/12/2024 13:38
1554,0,11.8515,24.2441,854.862,807.481,26,26,25,26,26,25,0,0.0315,860.348,8171.31,8171.31,807.481,3277,30,3276.7,29,29,30,30,118.515,0.0324,728.179,860.348,27,3276,0,25,24,24,0,3276.7,0,80,13/12/2024 13:38
1555,0,11.8515,24.2405,855.61,806.732,26,26,25,26,26,25,0,0.0315,860.348,8171.31,8171.31,806.732,3277,30,3276.7,29,29,30,30,118.515,0.0324,723.94,860.348,27,3276,0,25,24,24,0,3276.7,0,80,13/12/2024 13:38
1556,0,11.8515,24.2513,854.613,806.234,26,26,25,26,26,25,0,0.0315,859.85,8171.31,8171.31,806.234,3277,30,3276.7,29,29,30,30,118.515,0.0324,729.426,859.85,27,3276,0,25,24,24,0,3276.7,0,80,13/12/2024 13:38
1557,0,11.8515,24.3526,854.862,807.231,26,26,25,26,26,25,0,0.0315,861.096,8171.31,8171.31,807.231,3277,30,3276.7,29,29,30,30,118.515,0.0323,724.438,861.096,27,3276,0,25,24,24,0,3276.7,0,80,13/12/2024 13:38
1558,0,11.8515,24.3417,854.862,806.732,26,26,25,26,26,25,0,0.0315,861.845,8171.31,8171.31,806.732,3277,30,3276.7,29,29,30,30,118.515,0.0324,727.68,861.845,27,3276,0,25,24,24,0,3276.7,0,80,13/12/2024 13:38
1559,0,11.8515,24.349,854.613,806.982,26,26,25,26,26,25,0,0.032,862.094,8171.31,8171.31,806.982,3277,30,3276.7,29,29,30,30,118.515,0.0324,725.935,862.094,27,3276,0,25,24,24,0,3276.7,0,80,13/12/2024 13:38
1560,0,11.8515,24.349,854.613,805.984,26,26,25,26,26,25,0,0.0314,862.094,8171.31,8171.31,805.984,3277,30,3276.7,29,29,30,30,118.515,0.0324,726.184,862.094,27,3276,0,25,24,24,0,3276.7,0,80,13/12/2024 13:38
1561,0,11.8515,24.2441,854.613,806.982,26,26,25,26,26,25,0,0.0314,862.343,8171.31,8171.31,806.982,3277,30,3276.7,29,29,30,30,118.515,0.0324,728.678,862.343,27,3276,0,25,24,24,0,3276.7,0,80,13/12/2024 13:38
1562,0,11.8515,24.2513,854.613,806.732,26,26,25,26,26,25,0,0.0314,861.845,8171.31,8171.31,806.732,3277,30,3276.7,29,29,30,30,118.515,0.0324,724.438,861.845,27,3276,0,25,24,24,0,3276.7,0,80,13/12/2024 13:38
1563,0,11.8515,24.2441,854.613,806.982,26,26,25,26,26,25,0,0.0314,861.845,8171.31,8171.31,806.982,3277,30,3276.7,29,29,30,30,118.515,0.0326,728.678,861.845,27,3276,0,25,24,24,0,3276.7,0,80,13/12/2024 13:38
1564,0,11.8515,24.2405,854.613,806.732,26,26,25,26,26,25,0,0.0314,860.598,8171.31,8171.31,806.732,3277,30,3276.7,29,29,30,30,118.515,0.0326,725.186,860.598,27,3276,0,25,24,24,0,3276.7,0,80,13/12/2024 13:38
1565,0,11.8515,24.2405,854.363,766.333,26,26,25,26,26,25,0,0.0314,859.6,8171.31,8171.31,766.333,3277,30,3276.7,29,29,30,30,118.515,0.0324,727.181,859.6,27,3276,0,25,24,24,0,3276.7,0,80,13/12/2024 13:38
1566,0,11.8515,24.2513,854.613,682.044,26,26,25,26,26,25,0,0.0314,844.388,8171.31,8171.31,682.044,3277,30,3276.7,29,29,30,30,118.515,0.0318,710.972,844.388,27,3276,0,25,24,24,0,3276.7,0,80,13/12/2024 13:38
1567,0,11.8515,24.2441,854.363,652.119,26,26,25,26,26,25,0,0.0314,826.184,8171.31,8171.31,652.119,3277,30,3276.7,29,29,30,30,118.515,0.0318,688.528,826.184,27,3276,0,25,24,24,0,3276.7,0,80,13/12/2024 13:38
1568,0,11.8515,24.2513,854.613,632.169,26,26,25,26,26,25,0,0.0314,810.473,8171.31,8171.31,632.169,3277,30,3276.7,29,29,30,30,118.515,0.0322,675.062,810.473,27,3276,0,25,24,24,0,3276.7,0,80,13/12/2024 13:38
1569,0,11.8515,24.2368,854.862,615.211,26,26,25,26,26,25,0,0.0314,792.518,8171.31,8171.31,615.211,3277,30,3276.7,29,29,30,30,118.515,0.0322,654.114,792.518,27,3276,0,25,24,24,0,3276.7,0,80,13/12/2024 13:38
1570,0,11.8515,24.2513,854.862,720.698,26,26,25,26,26,25,0,0.0314,777.555,8171.31,8171.31,720.698,3277,30,3276.7,29,29,30,30,118.515,0.0326,642.892,777.555,27,3276,0,25,24,24,0,3276.7,0,80,13/12/2024 13:38
1571,0,11.8515,24.2549,854.613,723.191,26,26,25,26,26,25,0,0.0314,778.802,8171.31,8171.31,723.191,3277,30,3276.7,29,29,30,30,118.515,0.0322,646.383,778.802,27,3276,0,25,24,24,0,3276.7,0,80,13/12/2024 13:38
1572,0,11.8515,24.3345,854.613,724.937,26,26,25,26,26,25,0,0.0314,779.55,8171.31,8171.31,724.937,3277,30,3276.7,29,29,30,30,118.515,0.0322,643.64,779.55,27,3276,0,25,24,24,0,3276.7,0,80,13/12/2024 13:38
1573,0,11.8515,24.349,854.613,726.184,26,26,25,26,26,25,0,0.0314,780.049,8171.31,8171.31,726.184,3277,30,3276.7,29,29,30,30,118.515,0.0326,648.378,780.049,27,3276,0,25,24,24,0,3276.7,0,80,13/12/2024 13:38
1574,0,11.8515,24.3417,854.363,726.932,26,26,25,26,26,25,0,0.0314,782.543,8171.31,8171.31,726.932,3277,30,3276.7,29,29,30,30,118.515,0.0325,646.633,782.543,27,3276,0,25,24,24,0,3276.7,0,80,13/12/2024 13:38
1575,0,11.8515,24.2513,854.363,728.428,26,26,25,26,26,25,0,0.0314,784.787,8171.31,8171.31,728.428,3277,30,3276.7,29,29,30,30,118.515,0.0325,647.132,784.787,27,3276,0,25,24,24,0,3276.7,0,80,13/12/2024 13:38
1576,0,11.8515,24.2549,854.114,727.68,26,26,25,26,26,25,0,0.0314,785.037,8171.31,8171.31,727.68,3277,30,3276.7,29,29,30,30,118.515,0.0319,650.872,785.037,27,3276,0,25,24,24,0,3276.7,0,80,13/12/2024 13:38
1577,0,11.8515,24.2441,853.366,729.426,26,26,25,26,26,25,0,0.0314,785.535,8171.31,8171.31,729.426,3277,30,3276.7,29,29,30,30,118.515,0.033,647.88,785.535,27,3276,0,25,24,24,0,3276.7,0,80,13/12/2024 13:38
1578,0,11.8515,24.2441,852.867,729.675,26,26,25,26,26,25,0,0.0314,785.535,8171.31,8171.31,729.675,3277,30,3276.7,29,29,30,30,118.515,0.0323,651.371,785.535,27,3276,0,25,24,24,0,3276.7,0,80,13/12/2024 13:38
1579,0,11.8515,24.2549,853.116,730.174,26,26,25,26,26,25,0,0.0314,785.785,8171.31,8171.31,730.174,3277,30,3276.7,29,29,30,30,118.515,0.0326,650.124,785.785,27,3276,0,25,24,24,0,3276.7,0,80,13/12/2024 13:38
1580,0,11.8515,24.2549,853.116,730.174,26,26,25,26,26,25,0,0.0314,784.787,8171.31,8171.31,730.174,3277,30,3276.7,29,29,30,30,118.515,0.0326,652.119,784.787,27,3276,0,25,24,24,0,3276.7,0,80,13/12/2024 13:38
1581,0,11.8515,24.2441,853.116,730.174,26,26,25,26,26,25,0,0.0314,785.037,8171.31,8171.31,730.174,3277,30,3276.7,29,29,30,30,118.515,0.0324,653.615,785.037,27,3276,0,25,24,24,0,3276.7,0,80,13/12/2024 13:38
1582,0,11.8515,24.2513,852.119,730.174,26,26,25,26,26,25,0,0.0314,785.535,8171.31,8171.31,730.174,3277,30,3276.7,29,29,30,30,118.515,0.0324,648.378,785.535,27,3276,0,25,24,24,0,3276.7,0,80,13/12/2024 13:38
1583,0,11.8515,24.2441,852.119,730.922,26,26,25,26,26,25,0,0.0314,786.284,8171.31,8171.31,730.922,3277,30,3276.7,29,29,30,30,118.515,0.0331,653.865,786.284,27,3276,0,25,24,24,0,3276.7,0,80,13/12/2024 13:38
1584,0,11.8515,24.2513,851.87,730.922,26,26,25,26,26,25,0,0.0314,787.281,8171.31,8171.31,730.922,3277,30,3276.7,29,29,30,30,118.515,0.0326,649.875,787.281,27,3276,0,25,24,24,0,3276.7,0,80,13/12/2024 13:38
1585,0,11.8515,24.2549,851.87,731.171,26,26,25,26,26,25,0,0.0314,787.53,8171.31,8171.31,731.171,3277,30,3276.7,29,29,30,30,118.515,0.0322,654.613,787.53,27,3276,0,25,24,24,0,3276.7,0,80,13/12/2024 13:38
1586,0,11.8515,24.2549,850.373,731.421,26,26,25,26,26,25,0,0.0314,787.53,8171.31,8171.31,731.421,3277,30,3276.7,29,29,30,30,118.515,0.0322,651.371,787.53,27,3276,0,25,24,24,0,3276.7,0,80,13/12/2024 13:38
1587,0,11.8515,24.2441,849.625,731.171,26,26,25,26,26,25,0,0.0314,788.029,8171.31,8171.31,731.171,3277,30,3276.7,29,29,30,30,118.515,0.0328,653.615,788.029,27,3276,0,25,24,24,0,3276.7,0,80,13/12/2024 13:38
1588,0,11.8515,24.2405,850.373,731.421,26,26,25,26,26,25,0,0.0314,787.53,8171.31,8171.31,731.421,3277,30,3276.7,29,29,30,30,118.515,0.0328,653.366,787.53,27,3276,0,25,24,24,0,3276.7,0,80,13/12/2024 13:38
1589,0,11.8515,24.2441,849.625,732.668,26,26,25,26,26,25,0,0.0347,788.029,8171.31,8171.31,732.668,3277,30,3276.7,29,29,30,30,118.515,0.0325,652.618,788.029,27,3276,0,25,24,24,0,3276.7,0,80,13/12/2024 13:38
1590,0,11.8515,24.2513,849.625,731.421,26,26,25,26,26,25,0,0.0347,788.029,8171.31,8171.31,731.421,3277,30,3276.7,29,29,30,30,118.515,0.0325,654.613,788.029,27,3276,0,25,24,24,0,3276.7,0,80,13/12/2024 13:38
1591,0,11.8515,24.2549,849.376,732.169,26,26,25,26,26,25,0,0.0347,788.029,8171.31,8171.31,732.169,3277,30,3276.7,29,29,30,30,118.515,0.0325,651.371,788.029,27,3276,0,25,24,24,0,3276.7,0,80,13/12/2024 13:38
1592,0,11.8515,24.2549,849.376,732.668,26,26,25,26,26,25,0,0.0347,787.281,8171.31,8171.31,732.668,3277,30,3276.7,29,29,30,30,118.515,0.0329,655.361,787.281,27,3276,0,25,24,24,0,3276.7,0,80,13/12/2024 13:38
1593,0,11.8515,24.2441,848.628,732.169,26,26,25,26,26,25,0,0.0347,787.53,8171.31,8171.31,732.169,3277,30,3276.7,29,29,30,30,118.515,0.0326,650.373,787.53,27,3276,0,25,24,24,0,3276.7,0,80,13/12/2024 13:38
1594,0,11.8515,24.2549,847.88,732.668,26,26,25,26,26,25,0,0.0347,788.029,8171.31,8171.31,732.668,3277,30,3276.7,29,29,30,30,118.515,0.0326,655.86,788.029,27,3276,0,25,24,24,0,3276.7,0,80,13/12/2024 13:38
1595,0,11.8515,24.2513,847.381,732.668,26,26,25,26,26,25,0,0.0347,787.53,8171.31,8171.31,732.668,3277,30,3276.7,29,29,30,30,118.515,0.0323,650.373,787.53,27,3276,0,25,24,24,0,3276.7,0,80,13/12/2024 13:38
1596,0,11.8515,24.2513,848.378,732.418,26,26,25,26,26,25,0,0.0347,787.53,8171.31,8171.31,732.418,3277,30,3276.7,29,29,30,30,118.515,0.0323,656.608,787.53,27,3276,0,25,24,24,0,3276.7,0,80,13/12/2024 13:38
1597,0,11.8515,24.2441,848.378,732.668,26,26,25,26,26,25,0,0.0347,787.281,8171.31,8171.31,732.668,3277,30,3276.7,29,29,30,30,118.515,0.032,650.373,787.281,27,3276,0,25,24,24,0,3276.7,0,80,13/12/2024 13:38
1598,0,11.8515,24.2549,848.628,732.668,26,26,25,26,26,25,0,0.0347,788.029,8171.31,8171.31,732.668,3277,30,3276.7,29,29,30,30,118.515,0.0324,655.86,788.029,27,3276,0,25,24,24,0,3276.7,0,80,13/12/2024 13:38
1599,0,11.8515,24.2405,847.88,732.169,26,26,25,26,26,25,0,0.0347,788.029,8171.31,8171.31,732.169,3277,30,3276.7,29,29,30,30,118.515,0.0324,651.122,788.029,27,3276,0,25,24,24,0,3276.7,0,80,13/12/2024 13:38
1600,0,11.8515,24.2549,848.129,732.668,26,26,25,26,26,25,0,0.0347,788.029,8171.31,8171.31,732.668,3277,30,3276.7,29,29,30,30,118.515,0.0324,655.361,788.029,27,3276,0,25,24,24,0,3276.7,0,80,13/12/2024 13:38
1601,0,11.8515,24.2513,847.381,732.418,26,26,25,26,26,25,0,0.0347,788.279,8171.31,8171.31,732.418,3277,30,3276.7,29,29,30,30,118.515,0.0321,652.618,788.279,27,3276,0,25,24,24,0,3276.7,0,80,13/12/2024 13:38
1602,0,11.8515,24.2441,847.88,732.169,26,26,25,26,26,25,0,0.0347,788.029,8171.31,8171.31,732.169,3277,30,3276.7,29,29,30,30,118.515,0.0328,655.361,788.029,27,3276,0,25,24,24,0,3276.7,0,80,13/12/2024 13:38
1603,0,11.8515,24.2513,848.129,732.418,26,26,25,26,26,25,0,0.0347,789.276,8171.31,8171.31,732.418,3277,30,3276.7,29,29,30,30,118.515,0.0324,653.366,789.276,27,3276,0,25,24,24,0,3276.7,0,80,13/12/2024 13:38
1604,0,11.8515,24.2549,847.88,732.668,26,26,25,26,26,25,0,0.0347,789.775,8171.31,8171.31,732.668,3277,30,3276.7,29,29,30,30,118.515,0.0324,654.114,789.775,27,3276,0,25,24,24,0,3276.7,0,80,13/12/2024 13:38
1605,0,11.8515,24.2513,848.378,732.668,26,26,25,26,26,25,0,0.0347,789.775,8171.31,8171.31,732.668,3277,30,3276.7,29,29,30,30,118.515,0.0324,654.862,789.775,27,3276,0,25,24,24,0,3276.7,0,80,13/12/2024 13:38
1606,0,11.8515,24.2441,848.628,732.668,26,26,25,26,26,25,0,0.0347,788.528,8171.31,8171.31,732.668,3277,30,3276.7,29,29,30,30,118.515,0.0322,653.615,788.528,27,3276,0,25,24,24,0,3276.7,0,80,13/12/2024 13:38
1607,0,11.8515,24.2549,847.88,732.668,26,26,25,26,26,25,0,0.0347,790.024,8171.31,8171.31,732.668,3277,30,3276.7,29,29,30,30,118.515,0.0322,655.86,790.024,27,3276,0,25,24,24,0,3276.7,0,80,13/12/2024 13:38
1608,0,11.8515,24.2549,847.88,732.668,26,26,25,26,26,25,0,0.0347,789.276,8171.31,8171.31,732.668,3277,30,3276.7,29,29,30,30,118.515,0.0324,652.368,789.276,27,3276,0,25,24,24,0,3276.7,0,80,13/12/2024 13:39
1609,0,11.8515,24.2441,848.129,732.668,26,26,25,26,26,25,0,0.0347,788.777,8171.31,8171.31,732.668,3277,30,3276.7,29,29,30,30,118.515,0.0324,656.359,788.777,27,3276,0,25,24,24,0,3276.7,0,80,13/12/2024 13:39
1610,0,11.8515,24.2441,847.88,733.166,26,26,25,26,26,25,0,0.0347,789.276,8171.31,8171.31,733.166,3277,30,3276.7,29,29,30,30,118.515,0.0324,651.62,789.276,27,3276,0,25,24,24,0,3276.7,0,80,13/12/2024 13:39
1611,0,11.8515,24.2549,848.378,732.668,26,26,25,26,26,25,0,0.0347,788.528,8171.31,8171.31,732.668,3277,30,3276.7,29,29,30,30,118.515,0.0324,656.608,788.528,27,3276,0,25,24,24,0,3276.7,0,80,13/12/2024 13:39
1612,0,11.8515,24.2549,848.378,732.668,26,26,25,26,26,25,0,0.0347,789.526,8171.31,8171.31,732.668,3277,30,3276.7,29,29,30,30,118.515,0.0324,651.122,789.526,27,3276,0,25,24,24,0,3276.7,0,80,13/12/2024 13:39
1613,0,11.8515,24.2513,848.378,732.668,26,26,25,26,26,25,0,0.0347,788.029,8171.31,8171.31,732.668,3277,30,3276.7,29,29,30,30,118.515,0.0324,657.356,788.029,27,3276,0,25,24,24,0,3276.7,0,80,13/12/2024 13:39
1614,0,11.8515,24.2513,848.129,732.668,26,26,25,26,26,25,0,0.0347,787.53,8171.31,8171.31,732.668,3277,30,3276.7,29,29,30,30,118.515,0.0331,651.122,787.53,27,3276,0,25,24,24,0,3276.7,0,80,13/12/2024 13:39
1615,0,11.8515,24.2513,848.378,732.418,26,26,25,26,26,25,0,0.0347,787.53,8171.31,8171.31,732.418,3277,30,3276.7,29,29,30,30,118.515,0.0331,657.356,787.53,27,3276,0,25,24,24,0,3276.7,0,80,13/12/2024 13:39
1616,0,11.8515,24.2405,848.378,733.166,26,26,25,26,26,25,0,0.0347,787.53,8171.31,8171.31,733.166,3277,30,3276.7,29,29,30,30,118.515,0.0325,652.618,787.53,27,3276,0,25,24,24,0,3276.7,0,80,13/12/2024 13:39
1617,0,11.8515,24.2405,848.129,732.418,26,26,25,26,26,25,0,0.0347,788.029,8171.31,8171.31,732.418,3277,30,3276.7,29,29,30,30,118.515,0.0338,657.107,788.029,27,3276,0,25,24,24,0,3276.7,0,80,13/12/2024 13:39
1618,0,11.8515,24.349,848.378,732.668,26,26,25,26,26,25,0,0.0347,788.528,8171.31,8171.31,732.668,3277,30,3276.7,29,29,30,30,118.515,0.0323,652.618,788.528,27,3276,0,25,24,24,0,3276.7,0,80,13/12/2024 13:39
1619,0,11.8515,24.3453,849.126,732.668,26,26,25,26,26,25,0,0.0345,788.528,8171.31,8171.31,732.668,3277,30,3276.7,29,29,30,30,118.515,0.0323,655.86,788.528,27,3276,0,25,24,24,0,3276.7,0,80,13/12/2024 13:39
1620,0,11.8515,24.3417,848.129,732.668,26,26,25,26,26,25,0,0.035,788.777,8171.31,8171.31,732.668,3277,30,3276.7,29,29,30,30,118.515,0.0323,655.361,788.777,27,3276,0,25,24,24,0,3276.7,0,80,13/12/2024 13:39
1621,0,11.8515,24.2549,848.129,732.668,26,26,25,26,26,25,0,0.035,789.775,8171.31,8171.31,732.668,3277,30,3276.7,29,29,30,30,118.515,0.0326,654.114,789.775,27,3276,0,25,24,24,0,3276.7,0,80,13/12/2024 13:39
1622,0,11.8515,24.2405,848.378,733.166,26,26,25,26,26,25,0,0.035,790.024,8171.31,8171.31,733.166,3277,30,3276.7,29,29,30,30,118.515,0.0326,656.608,790.024,27,3276,0,25,24,24,0,3276.7,0,80,13/12/2024 13:39
1623,0,11.8515,24.2441,848.129,733.416,26,26,25,26,26,25,0,0.035,789.526,8171.31,8171.31,733.416,3277,30,3276.7,29,29,30,30,118.515,0.0326,652.119,789.526,27,3276,0,25,24,24,0,3276.7,0,80,13/12/2024 13:39
1624,0,11.8515,24.2332,847.381,733.416,26,26,25,26,26,25,0,0.035,789.526,8171.31,8171.31,733.416,3277,30,3276.7,29,29,30,30,118.515,0.0326,657.855,789.526,27,3276,0,25,24,24,0,3276.7,0,80,13/12/2024 13:39
1625,0,11.8515,24.2513,848.129,733.166,26,26,25,26,26,25,0,0.035,789.526,8171.31,8171.31,733.166,3277,30,3276.7,29,29,30,30,118.515,0.0324,652.119,789.526,27,3276,0,25,24,24,0,3276.7,0,80,13/12/2024 13:39
1626,0,11.8515,24.2513,848.378,733.166,26,26,25,26,26,25,0,0.035,788.777,8171.31,8171.31,733.166,3277,30,3276.7,29,29,30,30,118.515,0.032,655.361,788.777,27,3276,0,25,24,24,0,3276.7,0,80,13/12/2024 13:39
1627,0,11.8515,24.2549,848.378,732.668,26,26,25,26,26,25,0,0.035,788.528,8171.31,8171.31,732.668,3277,30,3276.7,29,29,30,30,118.515,0.0331,653.366,788.528,27,3276,0,25,24,24,0,3276.7,0,80,13/12/2024 13:39
1628,0,11.8515,24.3092,848.378,732.668,26,26,25,26,26,25,0,0.035,787.53,8171.31,8171.31,732.668,3277,30,3276.7,29,29,30,30,118.515,0.0331,655.361,787.53,27,3276,0,25,24,24,0,3276.7,0,80,13/12/2024 13:39
1629,0,11.8515,24.3345,848.378,733.166,26,26,25,26,26,25,0,0.035,787.53,8171.31,8171.31,733.166,3277,30,3276.7,29,29,30,30,118.515,0.0324,655.361,787.53,27,3276,0,25,24,24,0,3276.7,0,80,13/12/2024 13:39
1630,0,11.8515,24.2549,848.129,733.416,26,26,25,26,26,25,0,0.035,787.53,8171.31,8171.31,733.416,3277,30,3276.7,29,29,30,30,118.515,0.0326,652.867,787.53,27,3276,0,25,24,24,0,3276.7,0,80,13/12/2024 13:39
1631,0,11.8515,24.2441,848.378,732.668,26,26,25,26,26,25,0,0.035,788.029,8171.31,8171.31,732.668,3277,30,3276.7,29,29,30,30,118.515,0.0326,656.608,788.029,27,3276,0,25,24,24,0,3276.7,0,80,13/12/2024 13:39
1632,0,11.8515,24.2441,849.376,733.416,26,26,25,26,26,25,0,0.035,788.777,8171.31,8171.31,733.416,3277,30,3276.7,29,29,30,30,118.515,0.0324,652.368,788.777,27,3276,0,25,24,24,0,3276.7,0,80,13/12/2024 13:39
1633,0,11.8515,24.2549,848.378,732.668,26,26,25,26,26,25,0,0.035,789.775,8171.31,8171.31,732.668,3277,30,3276.7,29,29,30,30,118.515,0.0323,657.356,789.775,27,3276,0,25,24,24,0,3276.7,0,80,13/12/2024 13:39
1634,0,11.8515,24.2441,848.129,732.668,26,26,25,26,26,25,0,0.035,789.775,8171.31,8171.31,732.668,3277,30,3276.7,29,29,30,30,118.515,0.0323,653.366,789.775,27,3276,0,25,24,24,0,3276.7,0,80,13/12/2024 13:39
1635,0,11.8515,24.2441,849.376,732.668,26,26,25,26,26,25,0,0.035,790.024,8171.31,8171.31,732.668,3277,30,3276.7,29,29,30,30,118.515,0.0326,656.359,790.024,27,3276,0,25,24,24,0,3276.7,0,80,13/12/2024 13:39
1636,0,11.8515,24.3453,848.378,732.668,26,26,25,26,26,25,0,0.035,789.276,8171.31,8171.31,732.668,3277,30,3276.7,29,29,30,30,118.515,0.0326,654.613,789.276,27,3276,0,25,24,24,0,3276.7,0,80,13/12/2024 13:39
1637,0,11.8515,24.349,848.378,733.166,26,26,25,26,26,25,0,0.035,788.528,8171.31,8171.31,733.166,3277,30,3276.7,29,29,30,30,118.515,0.0319,658.852,788.528,27,3276,0,25,24,24,0,3276.7,0,80,13/12/2024 13:39
1638,0,11.8515,24.3417,848.129,733.166,26,26,25,26,26,25,0,0.035,788.777,8171.31,8171.31,733.166,3277,30,3276.7,29,29,30,30,118.515,0.0325,657.605,788.777,27,3276,0,25,24,24,0,3276.7,0,80,13/12/2024 13:39
1639,0,11.8515,24.2405,848.129,733.416,26,26,25,26,26,25,0,0.035,788.777,8171.31,8171.31,733.416,3277,30,3276.7,29,29,30,30,118.515,0.0325,660.349,788.777,27,3276,0,25,24,24,0,3276.7,0,80,13/12/2024 13:39
1640,0,11.8515,24.2441,848.378,732.668,26,26,25,26,26,25,0,0.035,788.029,8171.31,8171.31,732.668,3277,30,3276.7,29,29,30,30,118.515,0.0326,659.6,788.029,27,3276,0,25,24,24,0,3276.7,0,80,13/12/2024 13:39
1641,0,11.8515,24.2441,848.129,732.668,26,26,25,26,26,25,0,0.035,788.029,8171.31,8171.31,732.668,3277,30,3276.7,29,29,30,30,118.515,0.0325,659.85,788.029,27,3276,0,25,24,24,0,3276.7,0,80,13/12/2024 13:39
1642,0,11.8515,24.2441,847.88,732.668,26,26,25,26,26,25,0,0.035,788.029,8171.31,8171.31,732.668,3277,30,3276.7,29,29,30,30,118.515,0.0321,661.097,788.029,27,3276,0,25,24,24,0,3276.7,0,80,13/12/2024 13:39
1643,0,11.8515,24.2441,848.378,732.668,26,26,25,26,26,25,0,0.035,787.281,8171.31,8171.31,732.668,3277,30,3276.7,29,29,30,30,118.515,0.0325,657.855,787.281,27,3276,0,25,24,24,0,3276.7,0,80,13/12/2024 13:39
1644,0,11.8515,24.3453,848.129,733.166,26,26,25,26,26,25,0,0.035,788.029,8171.31,8171.31,733.166,3277,30,3276.7,29,29,30,30,118.515,0.0325,662.094,788.029,27,3276,0,25,24,24,0,3276.7,0,80,13/12/2024 13:39
1645,0,11.8515,24.3417,848.129,732.668,26,26,25,26,26,25,0,0.035,787.53,8171.31,8171.31,732.668,3277,30,3276.7,29,29,30,30,118.515,0.0325,656.608,787.53,27,3276,0,25,24,24,0,3276.7,0,80,13/12/2024 13:39
1646,0,11.8515,24.3417,848.378,733.416,26,26,25,26,26,25,0,0.035,787.53,8171.31,8171.31,733.416,3277,30,3276.7,29,29,30,30,118.515,0.0329,662.094,787.53,27,3276,0,25,24,24,0,3276.7,0,80,13/12/2024 13:39
1647,0,11.8515,24.2441,848.378,732.668,26,26,25,26,26,25,0,0.035,788.029,8171.31,8171.31,732.668,3277,30,3276.7,29,29,30,30,118.515,0.0329,656.109,788.029,27,3276,0,25,24,24,0,3276.7,0,80,13/12/2024 13:39
1648,0,11.8515,24.3309,849.126,732.668,26,26,25,26,26,25,0,0.035,787.53,8171.31,8171.31,732.668,3277,30,3276.7,29,29,30,30,118.515,0.0324,661.595,787.53,27,3276,0,25,24,24,0,3276.7,0,80,13/12/2024 13:39
1649,0,11.8515,24.3526,848.129,732.668,26,26,25,26,26,25,0,0.0328,788.279,8171.31,8171.31,732.668,3277,30,3276.7,29,29,30,30,118.515,0.0324,655.86,788.279,27,3276,0,25,24,24,0,3276.7,0,80,13/12/2024 13:39
1650,0,11.8515,24.3417,849.126,733.665,26,26,25,26,26,25,0,0.0329,787.53,8171.31,8171.31,733.665,3277,30,3276.7,29,29,30,30,118.515,0.0328,661.097,787.53,27,3276,0,25,24,24,0,3276.7,0,80,13/12/2024 13:39
1651,0,11.8515,24.3417,848.129,733.416,26,26,25,26,26,25,0,0.0329,787.53,8171.31,8171.31,733.416,3277,30,3276.7,29,29,30,30,118.515,0.0325,655.112,787.53,27,3276,0,25,24,24,0,3276.7,0,80,13/12/2024 13:39
1652,0,11.8515,24.3345,847.381,733.166,26,26,25,26,26,25,0,0.0329,788.528,8171.31,8171.31,733.166,3277,30,3276.7,29,29,30,30,118.515,0.0325,661.346,788.528,27,3276,0,25,24,24,0,3276.7,0,80,13/12/2024 13:39
1653,0,11.8515,24.2405,848.129,733.665,26,26,25,26,26,25,0,0.0329,788.029,8171.31,8171.31,733.665,3277,30,3276.7,29,29,30,30,118.515,0.0326,655.112,788.029,27,3276,0,25,24,24,0,3276.7,0,80,13/12/2024 13:39
1654,0,11.8515,24.2549,849.376,733.665,26,26,25,26,26,25,0,0.0329,788.777,8171.31,8171.31,733.665,3277,30,3276.7,29,29,30,30,118.515,0.0326,660.349,788.777,27,3276,0,25,24,24,0,3276.7,0,80,13/12/2024 13:39
1655,0,11.8515,24.2441,849.126,733.416,26,26,25,26,26,25,0,0.0329,789.775,8171.31,8171.31,733.416,3277,30,3276.7,29,29,30,30,118.515,0.0331,655.361,789.775,27,3276,0,25,24,24,0,3276.7,0,80,13/12/2024 13:39
1656,0,11.8515,24.3453,848.628,733.166,26,26,25,26,26,25,0,0.0329,789.276,8171.31,8171.31,733.166,3277,30,3276.7,29,29,30,30,118.515,0.0323,660.847,789.276,27,3276,0,25,24,24,0,3276.7,0,80,13/12/2024 13:39
1657,0,11.8515,24.3453,848.378,733.416,26,26,25,26,26,25,0,0.0329,789.526,8171.31,8171.31,733.416,3277,30,3276.7,29,29,30,30,118.515,0.0323,655.86,789.526,27,3276,0,25,24,24,0,3276.7,0,80,13/12/2024 13:39
1658,0,11.8515,24.3417,848.628,733.166,26,26,25,26,26,25,0,0.0329,789.526,8171.31,8171.31,733.166,3277,30,3276.7,29,29,30,30,118.515,0.0327,661.097,789.526,27,3276,0,25,24,24,0,3276.7,0,80,13/12/2024 13:39
1659,0,11.8515,24.2513,848.378,734.413,26,26,25,26,26,25,0,0.0329,789.526,8171.31,8171.31,734.413,3277,30,3276.7,29,29,30,30,118.515,0.0324,657.855,789.526,27,3276,0,25,24,24,0,3276.7,0,80,13/12/2024 13:39
1660,0,11.8515,24.2441,849.126,733.166,26,26,25,26,26,25,0,0.0329,790.523,8171.31,8171.31,733.166,3277,30,3276.7,29,29,30,30,118.515,0.0324,660.349,790.523,27,3276,0,25,24,24,0,3276.7,0,80,13/12/2024 13:39
1661,0,11.8515,24.2405,848.628,732.668,26,26,25,26,26,25,0,0.0329,789.276,8171.31,8171.31,732.668,3277,30,3276.7,29,29,30,30,118.515,0.0324,657.855,789.276,27,3276,0,25,24,24,0,3276.7,0,80,13/12/2024 13:39
1662,0,11.8515,24.3526,848.129,732.668,26,26,25,26,26,25,0,0.0329,789.775,8171.31,8171.31,732.668,3277,30,3276.7,29,29,30,30,118.515,0.0327,659.102,789.775,27,3276,0,25,24,24,0,3276.7,0,80,13/12/2024 13:39
1663,0,11.8515,24.349,849.126,732.668,26,26,25,26,26,25,0,0.0329,789.526,8171.31,8171.31,732.668,3277,30,3276.7,29,29,30,30,118.515,0.0327,657.855,789.526,27,3276,0,25,24,24,0,3276.7,0,80,13/12/2024 13:39
1664,0,11.8515,24.349,848.378,733.416,26,26,25,26,26,25,0,0.0329,788.777,8171.31,8171.31,733.416,3277,30,3276.7,29,29,30,30,118.515,0.0324,660.847,788.777,27,3276,0,25,24,24,0,3276.7,0,80,13/12/2024 13:39
1665,0,11.8515,24.2549,848.628,733.166,26,26,25,26,26,25,0,0.0329,790.523,8171.31,8171.31,733.166,3277,30,3276.7,29,29,30,30,118.515,0.0323,657.855,790.523,27,3276,0,25,24,24,0,3276.7,0,80,13/12/2024 13:39
1666,0,11.8515,24.2513,848.628,733.166,26,26,25,26,26,25,0,0.0329,788.528,8171.31,8171.31,733.166,3277,30,3276.7,29,29,30,30,118.515,0.0321,660.349,788.528,27,3276,0,25,24,24,0,3276.7,0,80,13/12/2024 13:39
1667,0,11.8515,24.2549,848.129,733.665,26,26,25,26,26,25,0,0.0329,788.777,8171.31,8171.31,733.665,3277,30,3276.7,29,29,30,30,118.515,0.0332,656.359,788.777,27,3276,0,25,24,24,0,3276.7,0,80,13/12/2024 13:39
1668,0,11.8515,24.2405,848.378,733.166,26,26,25,26,26,25,0,0.0329,788.279,8171.31,8171.31,733.166,3277,30,3276.7,29,29,30,30,118.515,0.0332,660.349,788.279,27,3276,0,25,24,24,0,3276.7,0,80,13/12/2024 13:40
1669,0,11.8515,24.2441,848.129,732.668,26,26,25,26,26,25,0,0.0329,789.276,8171.31,8171.31,732.668,3277,30,3276.7,29,29,30,30,118.515,0.0325,655.112,789.276,27,3276,0,25,24,24,0,3276.7,0,80,13/12/2024 13:40
1670,0,11.8515,24.3345,848.628,733.665,26,26,25,26,26,25,0,0.0329,788.777,8171.31,8171.31,733.665,3277,30,3276.7,29,29,30,30,118.515,0.0325,660.349,788.777,27,3276,0,25,24,24,0,3276.7,0,80,13/12/2024 13:40
1671,0,11.8515,24.3417,848.378,732.668,26,26,25,26,26,25,0,0.0329,790.523,8171.31,8171.31,732.668,3277,30,3276.7,29,29,30,30,118.515,0.0325,654.613,790.523,27,3276,0,25,24,24,0,3276.7,0,80,13/12/2024 13:40
1672,0,11.8515,24.3164,848.378,733.416,26,26,25,26,26,25,0,0.0329,789.775,8171.31,8171.31,733.416,3277,30,3276.7,29,29,30,30,118.515,0.0318,660.349,789.775,27,3276,0,25,24,24,0,3276.7,0,80,13/12/2024 13:40
1673,0,11.8515,24.2441,848.378,733.166,26,26,25,26,26,25,0,0.0329,789.526,8171.31,8171.31,733.166,3277,30,3276.7,29,29,30,30,118.515,0.0324,654.862,789.526,27,3276,0,25,24,24,0,3276.7,0,80,13/12/2024 13:40
1674,0,11.8515,24.2441,849.126,732.418,26,26,25,26,26,25,0,0.0329,789.775,8171.31,8171.31,732.418,3277,30,3276.7,29,29,30,30,118.515,0.0324,660.847,789.775,27,3276,0,25,24,24,0,3276.7,0,80,13/12/2024 13:40
1675,0,11.8515,24.2441,848.628,733.416,26,26,25,26,26,25,0,0.0329,790.024,8171.31,8171.31,733.416,3277,30,3276.7,29,29,30,30,118.515,0.0323,656.359,790.024,27,3276,0,25,24,24,0,3276.7,0,80,13/12/2024 13:40
1676,0,11.8515,24.2549,848.129,733.166,26,26,25,26,26,25,0,0.0329,789.276,8171.31,8171.31,733.166,3277,30,3276.7,29,29,30,30,118.515,0.0323,658.354,789.276,27,3276,0,25,24,24,0,3276.7,0,80,13/12/2024 13:40
1677,0,11.8515,24.2513,848.628,733.166,26,26,25,26,26,25,0,0.0329,789.775,8171.31,8171.31,733.166,3277,30,3276.7,29,29,30,30,118.515,0.0323,658.603,789.775,27,3276,0,25,24,24,0,3276.7,0,80,13/12/2024 13:40
1678,0,11.8515,24.2513,848.129,733.416,26,26,25,26,26,25,0,0.0329,790.024,8171.31,8171.31,733.416,3277,30,3276.7,29,29,30,30,118.515,0.0323,656.359,790.024,27,3276,0,25,24,24,0,3276.7,0,80,13/12/2024 13:40
1679,0,11.8515,24.349,848.378,732.668,26,26,25,26,26,25,0,0.0334,789.775,8171.31,8171.31,732.668,3277,30,3276.7,29,29,30,30,118.515,0.0323,660.099,789.775,27,3276,0,25,24,24,0,3276.7,0,80,13/12/2024 13:40
1680,0,11.8515,24.2513,849.126,732.418,26,26,25,26,26,25,0,0.0332,789.775,8171.31,8171.31,732.418,3277,30,3276.7,29,29,30,30,118.515,0.0323,655.361,789.775,27,3276,0,25,24,24,0,3276.7,0,80,13/12/2024 13:40
1681,0,11.8515,24.2513,848.129,732.668,26,26,25,26,26,25,0,0.0332,789.775,8171.31,8171.31,732.668,3277,30,3276.7,29,29,30,30,118.515,0.0323,659.85,789.775,27,3276,0,25,24,24,0,3276.7,0,80,13/12/2024 13:40
1682,0,11.8515,24.2441,849.126,733.166,26,26,25,26,26,25,0,0.0332,789.526,8171.31,8171.31,733.166,3277,30,3276.7,29,29,30,30,118.515,0.0325,654.862,789.526,27,3276,0,25,24,24,0,3276.7,0,80,13/12/2024 13:40
1683,0,11.8515,24.2513,848.628,733.416,26,26,25,26,26,25,0,0.0332,789.276,8171.31,8171.31,733.416,3277,30,3276.7,29,29,30,30,118.515,0.0326,660.349,789.276,27,3276,0,25,24,24,0,3276.7,0,80,13/12/2024 13:40
1684,0,11.8515,24.2585,849.376,733.416,26,26,25,26,26,25,0,0.0332,789.526,8171.31,8171.31,733.416,3277,30,3276.7,29,29,30,30,118.515,0.0326,656.109,789.526,27,3276,0,25,24,24,0,3276.7,0,80,13/12/2024 13:40
1685,0,11.8515,24.3526,849.126,733.665,26,26,25,26,26,25,0,0.0332,789.775,8171.31,8171.31,733.665,3277,30,3276.7,29,29,30,30,118.515,0.0323,658.603,789.775,27,3276,0,25,24,24,0,3276.7,0,80,13/12/2024 13:40
1686,0,11.8515,24.3345,848.378,733.416,26,26,25,26,26,25,0,0.0332,789.276,8171.31,8171.31,733.416,3277,30,3276.7,29,29,30,30,118.515,0.0323,657.855,789.276,27,3276,0,25,24,24,0,3276.7,0,80,13/12/2024 13:40
1687,0,11.8515,24.3417,848.129,733.416,26,26,25,26,26,25,0,0.0332,788.279,8171.31,8171.31,733.416,3277,30,3276.7,29,29,30,30,118.515,0.0323,655.86,788.279,27,3276,0,25,24,24,0,3276.7,0,80,13/12/2024 13:40
1688,0,11.8515,24.3526,849.126,733.166,26,26,25,26,26,25,0,0.0332,789.276,8171.31,8171.31,733.166,3277,30,3276.7,29,29,30,30,118.515,0.0323,660.099,789.276,27,3276,0,25,24,24,0,3276.7,0,80,13/12/2024 13:40
1689,0,11.8515,24.349,848.378,732.668,26,26,25,26,26,25,0,0.0332,788.029,8171.31,8171.31,732.668,3277,30,3276.7,29,29,30,30,118.515,0.0326,654.862,788.029,27,3276,0,25,24,24,0,3276.7,0,80,13/12/2024 13:40
1690,0,11.8515,24.3453,848.378,733.416,26,26,25,26,26,25,0,0.0332,788.279,8171.31,8171.31,733.416,3277,30,3276.7,29,29,30,30,118.515,0.0323,660.099,788.279,27,3276,0,25,24,24,0,3276.7,0,80,13/12/2024 13:40
1691,0,11.8515,24.3453,847.381,733.166,26,26,25,26,26,25,0,0.0332,788.029,8171.31,8171.31,733.166,3277,30,3276.7,29,29,30,30,118.515,0.0324,653.366,788.029,27,3276,0,25,24,24,0,3276.7,0,80,13/12/2024 13:40
1692,0,11.8515,24.2513,848.628,733.166,26,26,25,26,26,25,0,0.0332,787.53,8171.31,8171.31,733.166,3277,30,3276.7,29,29,30,30,118.515,0.0324,661.097,787.53,27,3276,0,25,24,24,0,3276.7,0,80,13/12/2024 13:40
1693,0,11.8515,24.2513,848.628,733.166,26,26,25,26,26,25,0,0.0332,788.029,8171.31,8171.31,733.166,3277,30,3276.7,29,29,30,30,118.515,0.0326,653.865,788.029,27,3276,0,25,24,24,0,3276.7,0,80,13/12/2024 13:40
1694,0,11.8515,24.3417,848.378,733.166,26,26,25,26,26,25,0,0.0332,788.029,8171.31,8171.31,733.166,3277,30,3276.7,29,29,30,30,118.515,0.0323,659.85,788.029,27,3276,0,25,24,24,0,3276.7,0,80,13/12/2024 13:40
1695,0,11.8515,24.3453,848.628,733.416,26,26,25,26,26,25,0,0.0332,788.029,8171.31,8171.31,733.416,3277,30,3276.7,29,29,30,30,118.515,0.0323,656.608,788.029,27,3276,0,25,24,24,0,3276.7,0,80,13/12/2024 13:40
1696,0,11.8515,24.2513,847.88,733.416,26,26,25,26,26,25,0,0.0332,788.528,8171.31,8171.31,733.416,3277,30,3276.7,29,29,30,30,118.515,0.0323,657.855,788.528,27,3276,0,25,24,24,0,3276.7,0,80,13/12/2024 13:40
1697,0,11.8515,24.2549,849.376,733.665,26,26,25,26,26,25,0,0.0332,788.279,8171.31,8171.31,733.665,3277,30,3276.7,29,29,30,30,118.515,0.0328,658.852,788.279,27,3276,0,25,24,24,0,3276.7,0,80,13/12/2024 13:40
1698,0,11.8515,24.2549,848.628,733.416,26,26,25,26,26,25,0,0.0332,788.279,8171.31,8171.31,733.416,3277,30,3276.7,29,29,30,30,118.515,0.0326,655.112,788.279,27,3276,0,25,24,24,0,3276.7,0,80,13/12/2024 13:40
1699,0,11.8515,24.2405,848.129,733.416,26,26,25,26,26,25,0,0.0332,788.029,8171.31,8171.31,733.416,3277,30,3276.7,29,29,30,30,118.515,0.0326,659.6,788.029,27,3276,0,25,24,24,0,3276.7,0,80,13/12/2024 13:40
1700,0,11.8515,24.2549,848.378,733.665,26,26,25,26,26,25,0,0.0332,788.777,8171.31,8171.31,733.665,3277,30,3276.7,29,29,30,30,118.515,0.0326,654.613,788.777,27,3276,0,25,24,24,0,3276.7,0,80,13/12/2024 13:40
1701,0,11.8515,24.2513,848.628,733.166,26,26,25,26,26,25,0,0.0332,788.777,8171.31,8171.31,733.166,3277,30,3276.7,29,29,30,30,118.515,0.0326,660.349,788.777,27,3276,0,25,24,24,0,3276.7,0,80,13/12/2024 13:40
1702,0,11.8515,24.2441,848.378,733.416,26,26,25,26,26,25,0,0.0332,788.777,8171.31,8171.31,733.416,3277,30,3276.7,29,29,30,30,118.515,0.0316,653.366,788.777,27,3276,0,25,24,24,0,3276.7,0,80,13/12/2024 13:40
1703,0,11.8515,24.2441,847.88,733.166,26,26,25,26,26,25,0,0.0332,789.526,8171.31,8171.31,733.166,3277,30,3276.7,29,29,30,30,118.515,0.0316,660.349,789.526,27,3276,0,25,24,24,0,3276.7,0,80,13/12/2024 13:40
1704,0,11.8515,24.2513,848.628,733.665,26,26,25,26,26,25,0,0.0332,789.775,8171.31,8171.31,733.665,3277,30,3276.7,29,29,30,30,118.515,0.0325,657.107,789.775,27,3276,0,25,24,24,0,3276.7,0,80,13/12/2024 13:40
1705,0,11.8515,24.2405,848.378,733.416,26,26,25,26,26,25,0,0.0332,789.276,8171.31,8171.31,733.416,3277,30,3276.7,29,29,30,30,118.515,0.0325,656.359,789.276,27,3276,0,25,24,24,0,3276.7,0,80,13/12/2024 13:40
1706,0,11.8515,24.2513,847.88,733.166,26,26,25,26,26,25,0,0.0332,790.024,8171.31,8171.31,733.166,3277,30,3276.7,29,29,30,30,118.515,0.0325,659.6,790.024,27,3276,0,25,24,24,0,3276.7,0,80,13/12/2024 13:40
1707,0,11.8515,24.2549,848.378,733.166,26,26,25,26,26,25,0,0.0332,789.775,8171.31,8171.31,733.166,3277,30,3276.7,29,29,30,30,118.515,0.0328,653.865,789.775,27,3276,0,25,24,24,0,3276.7,0,80,13/12/2024 13:40
1708,0,11.8515,24.2441,848.628,733.416,26,26,25,26,26,25,0,0.0332,789.775,8171.31,8171.31,733.416,3277,30,3276.7,29,29,30,30,118.515,0.0328,660.349,789.775,27,3276,0,25,24,24,0,3276.7,0,80,13/12/2024 13:40
1709,0,11.8515,24.2549,848.378,732.668,26,26,25,26,26,25,0,0.0334,790.024,8171.31,8171.31,732.668,3277,30,3276.7,29,29,30,30,118.515,0.0324,654.862,790.024,27,3276,0,25,24,24,0,3276.7,0,80,13/12/2024 13:40
1710,0,11.8515,24.2513,848.129,733.166,26,26,25,26,26,25,0,0.0335,789.775,8171.31,8171.31,733.166,3277,30,3276.7,29,29,30,30,118.515,0.0324,659.6,789.775,27,3276,0,25,24,24,0,3276.7,0,80,13/12/2024 13:40
1711,0,11.8515,24.2441,848.378,733.416,26,26,25,26,26,25,0,0.0335,789.775,8171.31,8171.31,733.416,3277,30,3276.7,29,29,30,30,118.515,0.0324,655.361,789.775,27,3276,0,25,24,24,0,3276.7,0,80,13/12/2024 13:40
1712,0,11.8515,24.2405,848.129,734.413,26,26,25,26,26,25,0,0.0335,788.777,8171.31,8171.31,734.413,3277,30,3276.7,29,29,30,30,118.515,0.0319,657.605,788.777,27,3276,0,25,24,24,0,3276.7,0,80,13/12/2024 13:40
1713,0,11.8515,24.2549,848.378,732.668,26,26,25,26,26,25,0,0.0335,789.775,8171.31,8171.31,732.668,3277,30,3276.7,29,29,30,30,118.515,0.0327,657.107,789.775,27,3276,0,25,24,24,0,3276.7,0,80,13/12/2024 13:40
1714,0,11.8515,24.2441,848.129,733.416,26,26,25,26,26,25,0,0.0335,788.777,8171.31,8171.31,733.416,3277,30,3276.7,29,29,30,30,118.515,0.0325,655.361,788.777,27,3276,0,25,24,24,0,3276.7,0,80,13/12/2024 13:40
1715,0,11.8515,24.2549,848.129,732.668,26,26,25,26,26,25,0,0.0335,788.528,8171.31,8171.31,732.668,3277,30,3276.7,29,29,30,30,118.515,0.0325,658.354,788.528,27,3276,0,25,24,24,0,3276.7,0,80,13/12/2024 13:40
1716,0,11.8515,24.2441,849.126,732.169,26,26,25,26,26,25,0,0.0335,788.528,8171.31,8171.31,732.169,3277,30,3276.7,29,29,30,30,118.515,0.0325,654.613,788.528,27,3276,0,25,24,24,0,3276.7,0,80,13/12/2024 13:40
1717,0,11.8515,24.2441,848.628,733.416,26,26,25,26,26,25,0,0.0335,789.276,8171.31,8171.31,733.416,3277,30,3276.7,29,29,30,30,118.515,0.0326,659.85,789.276,27,3276,0,25,24,24,0,3276.7,0,80,13/12/2024 13:40
1718,0,11.8515,24.2405,848.378,733.416,26,26,25,26,26,25,0,0.0335,789.526,8171.31,8171.31,733.416,3277,30,3276.7,29,29,30,30,118.515,0.0323,654.862,789.526,27,3276,0,25,24,24,0,3276.7,0,80,13/12/2024 13:40
1719,0,11.8515,24.2549,848.129,733.166,26,26,25,26,26,25,0,0.0335,788.279,8171.31,8171.31,733.166,3277,30,3276.7,29,29,30,30,118.515,0.0323,660.847,788.279,27,3276,0,25,24,24,0,3276.7,0,80,13/12/2024 13:40
1720,0,11.8515,24.3453,849.376,732.668,26,26,25,26,26,25,0,0.0335,789.276,8171.31,8171.31,732.668,3277,30,3276.7,29,29,30,30,118.515,0.0323,653.865,789.276,27,3276,0,25,24,24,0,3276.7,0,80,13/12/2024 13:40
1721,0,11.8515,24.349,849.126,733.416,26,26,25,26,26,25,0,0.0335,788.777,8171.31,8171.31,733.416,3277,30,3276.7,29,29,30,30,118.515,0.0323,660.099,788.777,27,3276,0,25,24,24,0,3276.7,0,80,13/12/2024 13:40
1722,0,11.8515,24.3417,848.378,733.665,26,26,25,26,26,25,0,0.0335,788.528,8171.31,8171.31,733.665,3277,30,3276.7,29,29,30,30,118.515,0.0325,655.361,788.528,27,3276,0,25,24,24,0,3276.7,0,80,13/12/2024 13:40
1723,0,11.8515,24.3453,848.129,733.416,26,26,25,26,26,25,0,0.0335,788.777,8171.31,8171.31,733.416,3277,30,3276.7,29,29,30,30,118.515,0.0326,657.855,788.777,27,3276,0,25,24,24,0,3276.7,0,80,13/12/2024 13:40
1724,0,11.8515,24.2549,849.625,733.416,26,26,25,26,26,25,0,0.0335,788.279,8171.31,8171.31,733.416,3277,30,3276.7,29,29,30,30,118.515,0.0326,657.855,788.279,27,3276,0,25,24,24,0,3276.7,0,80,13/12/2024 13:40
1725,0,11.8515,24.2513,848.378,733.665,26,26,25,26,26,25,0,0.0335,788.528,8171.31,8171.31,733.665,3277,30,3276.7,29,29,30,30,118.515,0.0321,655.361,788.528,27,3276,0,25,24,24,0,3276.7,0,80,13/12/2024 13:40
1726,0,11.8515,24.2441,849.376,733.416,26,26,25,26,26,25,0,0.0335,787.53,8171.31,8171.31,733.416,3277,30,3276.7,29,29,30,30,118.515,0.0325,658.603,787.53,27,3276,0,25,24,24,0,3276.7,0,80,13/12/2024 13:40
1727,0,11.8515,24.2585,849.126,733.665,26,26,25,26,26,25,0,0.0335,788.279,8171.31,8171.31,733.665,3277,30,3276.7,29,29,30,30,118.515,0.0325,653.615,788.279,27,3276,0,25,24,24,0,3276.7,0,80,13/12/2024 13:40
1728,0,11.8515,24.2513,848.628,734.912,26,26,25,26,26,25,0,0.0335,788.029,8171.31,8171.31,734.912,3277,30,3276.7,29,29,30,30,118.515,0.0326,660.349,788.029,27,3276,0,25,24,24,0,3276.7,0,80,13/12/2024 13:41
1729,0,11.8515,24.2513,849.126,732.668,26,26,25,26,26,25,0,0.0335,789.526,8171.31,8171.31,732.668,3277,30,3276.7,29,29,30,30,118.515,0.0323,653.366,789.526,27,3276,0,25,24,24,0,3276.7,0,80,13/12/2024 13:41
1730,0,11.8515,24.2513,849.126,733.416,26,26,25,26,26,25,0,0.0335,789.526,8171.31,8171.31,733.416,3277,30,3276.7,29,29,30,30,118.515,0.0323,657.855,789.526,27,3276,0,25,24,24,0,3276.7,0,80,13/12/2024 13:41
1731,0,11.8515,24.2405,849.126,733.166,26,26,25,26,26,25,0,0.0335,789.775,8171.31,8171.31,733.166,3277,30,3276.7,29,29,30,30,118.515,0.0324,658.354,789.775,27,3276,0,25,24,24,0,3276.7,0,80,13/12/2024 13:41
1732,0,11.8515,24.2441,848.378,733.416,26,26,25,26,26,25,0,0.0335,789.526,8171.31,8171.31,733.416,3277,30,3276.7,29,29,30,30,118.515,0.0324,654.613,789.526,27,3276,0,25,24,24,0,3276.7,0,80,13/12/2024 13:41
1733,0,11.8515,24.2549,848.628,733.915,26,26,25,26,26,25,0,0.0335,790.024,8171.31,8171.31,733.915,3277,30,3276.7,29,29,30,30,118.515,0.0323,659.6,790.024,27,3276,0,25,24,24,0,3276.7,0,80,13/12/2024 13:41
1734,0,11.8515,24.3453,848.628,733.416,26,26,25,26,26,25,0,0.0335,790.024,8171.31,8171.31,733.416,3277,30,3276.7,29,29,30,30,118.515,0.0323,653.615,790.024,27,3276,0,25,24,24,0,3276.7,0,80,13/12/2024 13:41
1735,0,11.8515,24.3417,848.378,733.665,26,26,25,26,26,25,0,0.0335,790.024,8171.31,8171.31,733.665,3277,30,3276.7,29,29,30,30,118.515,0.0323,660.099,790.024,27,3276,0,25,24,24,0,3276.7,0,80,13/12/2024 13:41
1736,0,11.8515,24.2549,849.126,733.665,26,26,25,26,26,25,0,0.0335,790.024,8171.31,8171.31,733.665,3277,30,3276.7,29,29,30,30,118.515,0.0319,655.86,790.024,27,3276,0,25,24,24,0,3276.7,0,80,13/12/2024 13:41
1737,0,11.8515,24.2368,848.129,733.665,26,26,25,26,26,25,0,0.0335,789.775,8171.31,8171.31,733.665,3277,30,3276.7,29,29,30,30,118.515,0.0326,656.359,789.775,27,3276,0,25,24,24,0,3276.7,0,80,13/12/2024 13:41
1738,0,11.8515,24.2441,848.378,733.166,26,26,25,26,26,25,0,0.0335,788.528,8171.31,8171.31,733.166,3277,30,3276.7,29,29,30,30,118.515,0.0326,658.603,788.528,27,3276,0,25,24,24,0,3276.7,0,80,13/12/2024 13:41
1739,0,11.8515,24.2549,848.378,732.668,26,26,25,26,26,25,0,0.0334,787.281,8171.31,8171.31,732.668,3277,30,3276.7,29,29,30,30,118.515,0.0323,652.618,787.281,27,3276,0,25,24,24,0,3276.7,0,80,13/12/2024 13:41
1740,0,11.8515,24.2549,849.126,733.665,26,26,25,26,26,25,0,0.033,788.528,8171.31,8171.31,733.665,3277,30,3276.7,29,29,30,30,118.515,0.0323,660.349,788.528,27,3276,0,25,24,24,0,3276.7,0,80,13/12/2024 13:41
1741,0,11.8515,24.2405,849.126,733.166,26,26,25,26,26,25,0,0.033,788.528,8171.31,8171.31,733.166,3277,30,3276.7,29,29,30,30,118.515,0.0321,652.867,788.528,27,3276,0,25,24,24,0,3276.7,0,80,13/12/2024 13:41
1742,0,11.8515,24.2513,849.126,732.668,26,26,25,26,26,25,0,0.033,788.777,8171.31,8171.31,732.668,3277,30,3276.7,29,29,30,30,118.515,0.0319,658.603,788.777,27,3276,0,25,24,24,0,3276.7,0,80,13/12/2024 13:41
1743,0,11.8515,24.2549,849.126,733.416,26,26,25,26,26,25,0,0.033,788.528,8171.31,8171.31,733.416,3277,30,3276.7,29,29,30,30,118.515,0.0319,655.361,788.528,27,3276,0,25,24,24,0,3276.7,0,80,13/12/2024 13:41
1744,0,11.8515,24.3526,848.628,733.665,26,26,25,26,26,25,0,0.033,787.53,8171.31,8171.31,733.665,3277,30,3276.7,29,29,30,30,118.515,0.0326,657.855,787.53,27,3276,0,25,24,24,0,3276.7,0,80,13/12/2024 13:41
1745,0,11.8515,24.349,849.126,733.166,26,26,25,26,26,25,0,0.033,788.279,8171.31,8171.31,733.166,3277,30,3276.7,29,29,30,30,118.515,0.0322,657.356,788.279,27,3276,0,25,24,24,0,3276.7,0,80,13/12/2024 13:41
1746,0,11.8515,24.3453,849.376,733.416,26,26,25,26,26,25,0,0.033,788.777,8171.31,8171.31,733.416,3277,30,3276.7,29,29,30,30,118.515,0.032,656.109,788.777,27,3276,0,25,24,24,0,3276.7,0,80,13/12/2024 13:41
1747,0,11.8515,24.3453,848.628,733.416,26,26,25,26,26,25,0,0.033,789.276,8171.31,8171.31,733.416,3277,30,3276.7,29,29,30,30,118.515,0.0319,658.852,789.276,27,3276,0,25,24,24,0,3276.7,0,80,13/12/2024 13:41
1748,0,11.8515,24.2549,849.126,733.416,26,26,25,26,26,25,0,0.033,788.279,8171.31,8171.31,733.416,3277,30,3276.7,29,29,30,30,118.515,0.0319,654.613,788.279,27,3276,0,25,24,24,0,3276.7,0,80,13/12/2024 13:41
1749,0,11.8515,24.2405,848.378,732.418,26,26,25,26,26,25,0,0.033,788.528,8171.31,8171.31,732.418,3277,30,3276.7,29,29,30,30,118.515,0.0324,659.6,788.528,27,3276,0,25,24,24,0,3276.7,0,80,13/12/2024 13:41
1750,0,11.8515,24.2368,849.126,733.166,26,26,25,26,26,25,0,0.033,788.528,8171.31,8171.31,733.166,3277,30,3276.7,29,29,30,30,118.515,0.0323,653.865,788.528,27,3276,0,25,24,24,0,3276.7,0,80,13/12/2024 13:41
1751,0,11.8515,24.2405,849.126,733.915,26,26,25,26,26,25,0,0.033,788.279,8171.31,8171.31,733.915,3277,30,3276.7,29,29,30,30,118.515,0.0323,659.85,788.279,27,3276,0,25,24,24,0,3276.7,0,80,13/12/2024 13:41
1752,0,11.8515,24.2405,848.378,733.915,26,26,25,26,26,25,0,0.033,788.528,8171.31,8171.31,733.915,3277,30,3276.7,29,29,30,30,118.515,0.0326,654.613,788.528,27,3276,0,25,24,24,0,3276.7,0,80,13/12/2024 13:41
1753,0,11.8515,24.2368,848.129,733.416,26,26,25,26,26,25,0,0.033,788.528,8171.31,8171.31,733.416,3277,30,3276.7,29,29,30,30,118.515,0.0326,659.85,788.528,27,3276,0,25,24,24,0,3276.7,0,80,13/12/2024 13:41
1754,0,11.8515,24.2441,849.376,733.416,26,26,25,26,26,25,0,0.033,788.279,8171.31,8171.31,733.416,3277,30,3276.7,29,29,30,30,118.515,0.0326,654.862,788.279,27,3276,0,25,24,24,0,3276.7,0,80,13/12/2024 13:41
1755,0,11.8515,24.2549,848.129,733.665,26,26,25,26,26,25,0,0.033,788.777,8171.31,8171.31,733.665,3277,30,3276.7,29,29,30,30,118.515,0.0322,658.603,788.777,27,3276,0,25,24,24,0,3276.7,0,80,13/12/2024 13:41
1756,0,11.8515,24.3417,849.126,733.665,26,26,25,26,26,25,0,0.033,789.526,8171.31,8171.31,733.665,3277,30,3276.7,29,29,30,30,118.515,0.0322,657.107,789.526,27,3276,0,25,24,24,0,3276.7,0,80,13/12/2024 13:41
1757,0,11.8515,24.3526,849.126,733.166,26,26,25,26,26,25,0,0.033,789.526,8171.31,8171.31,733.166,3277,30,3276.7,29,29,30,30,118.515,0.0322,656.359,789.526,27,3276,0,25,24,24,0,3276.7,0,80,13/12/2024 13:41
1758,0,11.8515,24.2549,848.628,732.668,26,26,25,26,26,25,0,0.033,790.024,8171.31,8171.31,732.668,3277,30,3276.7,29,29,30,30,118.515,0.0324,658.852,790.024,27,3276,0,25,24,24,0,3276.7,0,80,13/12/2024 13:41
1759,0,11.8515,24.2441,849.126,733.915,26,26,25,26,26,25,0,0.033,789.526,8171.31,8171.31,733.915,3277,30,3276.7,29,29,30,30,118.515,0.0324,653.615,789.526,27,3276,0,25,24,24,0,3276.7,0,80,13/12/2024 13:41
1760,0,11.8515,24.2549,848.628,733.416,26,26,25,26,26,25,0,0.033,789.526,8171.31,8171.31,733.416,3277,30,3276.7,29,29,30,30,118.515,0.0323,659.102,789.526,27,3276,0,25,24,24,0,3276.7,0,80,13/12/2024 13:41
1761,0,11.8515,24.2513,849.376,733.416,26,26,25,26,26,25,0,0.033,790.024,8171.31,8171.31,733.416,3277,30,3276.7,29,29,30,30,118.515,0.0323,653.615,790.024,27,3276,0,25,24,24,0,3276.7,0,80,13/12/2024 13:41
1762,0,11.8515,24.2441,847.88,733.915,26,26,25,26,26,25,0,0.033,789.775,8171.31,8171.31,733.915,3277,30,3276.7,29,29,30,30,118.515,0.0325,659.85,789.775,27,3276,0,25,24,24,0,3276.7,0,80,13/12/2024 13:41
1763,0,11.8515,24.2441,849.625,733.416,26,26,25,26,26,25,0,0.033,790.024,8171.31,8171.31,733.416,3277,30,3276.7,29,29,30,30,118.515,0.0325,654.613,790.024,27,3276,0,25,24,24,0,3276.7,0,80,13/12/2024 13:41
1764,0,11.8515,24.2513,849.376,733.915,26,26,25,26,26,25,0,0.033,790.024,8171.31,8171.31,733.915,3277,30,3276.7,29,29,30,30,118.515,0.0325,658.852,790.024,27,3276,0,25,24,24,0,3276.7,0,80,13/12/2024 13:41
1765,0,11.8515,24.2513,849.126,733.416,26,26,25,26,26,25,0,0.033,789.775,8171.31,8171.31,733.416,3277,30,3276.7,29,29,30,30,118.515,0.0323,658.354,789.775,27,3276,0,25,24,24,0,3276.7,0,80,13/12/2024 13:41
1766,0,11.8515,24.3345,849.126,733.665,26,26,25,26,26,25,0,0.033,790.024,8171.31,8171.31,733.665,3277,30,3276.7,29,29,30,30,118.515,0.0323,654.114,790.024,27,3276,0,25,24,24,0,3276.7,0,80,13/12/2024 13:41
1767,0,11.8515,24.349,849.376,733.416,26,26,25,26,26,25,0,0.033,789.775,8171.31,8171.31,733.416,3277,30,3276.7,29,29,30,30,118.515,0.0323,658.354,789.775,27,3276,0,25,24,24,0,3276.7,0,80,13/12/2024 13:41
1768,0,11.8515,24.2513,848.628,733.665,26,26,25,26,26,25,0,0.033,790.523,8171.31,8171.31,733.665,3277,30,3276.7,29,29,30,30,118.515,0.0326,653.615,790.523,27,3276,0,25,24,24,0,3276.7,0,80,13/12/2024 13:41
1769,0,11.8515,24.2441,848.628,733.166,26,26,25,26,26,25,0,0.033,789.775,8171.31,8171.31,733.166,3277,30,3276.7,29,29,30,30,118.515,0.0325,659.102,789.775,27,3276,0,25,24,24,0,3276.7,0,80,13/12/2024 13:41
1770,0,11.8515,24.2549,849.126,733.416,26,26,25,26,26,25,0,0.033,789.526,8171.31,8171.31,733.416,3277,30,3276.7,29,29,30,30,118.515,0.0325,652.867,789.526,27,3276,0,25,24,24,0,3276.7,0,80,13/12/2024 13:41
1771,0,11.8515,24.2441,848.628,733.166,26,26,25,26,26,25,0,0.033,789.526,8171.31,8171.31,733.166,3277,30,3276.7,29,29,30,30,118.515,0.0321,658.603,789.526,27,3276,0,25,24,24,0,3276.7,0,80,13/12/2024 13:41
1772,0,11.8515,24.2513,848.628,733.665,26,26,25,26,26,25,0,0.033,789.526,8171.31,8171.31,733.665,3277,30,3276.7,29,29,30,30,118.515,0.0321,653.615,789.526,27,3276,0,25,24,24,0,3276.7,0,80,13/12/2024 13:41
1773,0,11.8515,24.2441,849.126,733.665,26,26,25,26,26,25,0,0.033,788.528,8171.31,8171.31,733.665,3277,30,3276.7,29,29,30,30,118.515,0.0327,657.855,788.528,27,3276,0,25,24,24,0,3276.7,0,80,13/12/2024 13:41
1774,0,11.8515,24.2441,848.628,732.668,26,26,25,26,26,25,0,0.033,788.528,8171.31,8171.31,732.668,3277,30,3276.7,29,29,30,30,118.515,0.0327,655.361,788.528,27,3276,0,25,24,24,0,3276.7,0,80,13/12/2024 13:41
1775,0,11.8515,24.2513,848.628,733.665,26,26,25,26,26,25,0,0.033,789.775,8171.31,8171.31,733.665,3277,30,3276.7,29,29,30,30,118.515,0.0323,655.361,789.775,27,3276,0,25,24,24,0,3276.7,0,80,13/12/2024 13:41
1776,0,11.8515,24.2513,848.378,733.915,26,26,25,26,26,25,0,0.033,789.775,8171.31,8171.31,733.915,3277,30,3276.7,29,29,30,30,118.515,0.0318,657.356,789.775,27,3276,0,25,24,24,0,3276.7,0,80,13/12/2024 13:41
1777,0,11.8515,24.2622,848.628,733.915,26,26,25,26,26,25,0,0.033,788.528,8171.31,8171.31,733.915,3277,30,3276.7,29,29,30,30,118.515,0.0326,654.114,788.528,27,3276,0,25,24,24,0,3276.7,0,80,13/12/2024 13:41
1778,0,11.8515,24.2513,849.376,733.915,26,26,25,26,26,25,0,0.033,788.777,8171.31,8171.31,733.915,3277,30,3276.7,29,29,30,30,118.515,0.0326,658.354,788.777,27,3276,0,25,24,24,0,3276.7,0,80,13/12/2024 13:41
1779,0,11.8515,24.2549,848.628,733.416,26,26,25,26,26,25,0,0.033,788.029,8171.31,8171.31,733.416,3277,30,3276.7,29,29,30,30,118.515,0.0325,652.368,788.029,27,3276,0,25,24,24,0,3276.7,0,80,13/12/2024 13:41
1780,0,11.8515,24.2405,849.126,733.166,26,26,25,26,26,25,0,0.033,788.777,8171.31,8171.31,733.166,3277,30,3276.7,29,29,30,30,118.515,0.0325,658.354,788.777,27,3276,0,25,24,24,0,3276.7,0,80,13/12/2024 13:41
1781,0,11.8515,24.2549,848.628,734.413,26,26,25,26,26,25,0,0.033,788.777,8171.31,8171.31,734.413,3277,30,3276.7,29,29,30,30,118.515,0.0322,653.366,788.777,27,3276,0,25,24,24,0,3276.7,0,80,13/12/2024 13:41
1782,0,11.8515,24.2549,849.126,733.665,26,26,25,26,26,25,0,0.033,788.279,8171.31,8171.31,733.665,3277,30,3276.7,29,29,30,30,118.515,0.0325,658.603,788.279,27,3276,0,25,24,24,0,3276.7,0,80,13/12/2024 13:41
1783,0,11.8515,24.2513,848.129,734.663,26,26,25,26,26,25,0,0.033,788.528,8171.31,8171.31,734.663,3277,30,3276.7,29,29,30,30,118.515,0.0325,655.361,788.528,27,3276,0,25,24,24,0,3276.7,0,80,13/12/2024 13:41
1784,0,11.8515,24.2441,848.378,733.915,26,26,25,26,26,25,0,0.033,788.528,8171.31,8171.31,733.915,3277,30,3276.7,29,29,30,30,118.515,0.0322,655.86,788.528,27,3276,0,25,24,24,0,3276.7,0,80,13/12/2024 13:41
1785,0,11.8515,24.2549,847.381,733.416,26,26,25,26,26,25,0,0.033,788.777,8171.31,8171.31,733.416,3277,30,3276.7,29,29,30,30,118.515,0.0322,657.855,788.777,27,3276,0,25,24,24,0,3276.7,0,80,13/12/2024 13:41
1786,0,11.8515,24.3417,849.126,733.416,26,26,25,26,26,25,0,0.033,788.777,8171.31,8171.31,733.416,3277,30,3276.7,29,29,30,30,118.515,0.0321,655.112,788.777,27,3276,0,25,24,24,0,3276.7,0,80,13/12/2024 13:41
1787,0,11.8515,24.3417,848.378,733.665,26,26,25,26,26,25,0,0.033,789.276,8171.31,8171.31,733.665,3277,30,3276.7,29,29,30,30,118.515,0.0327,658.603,789.276,27,3276,0,25,24,24,0,3276.7,0,80,13/12/2024 13:42
1788,0,11.8515,24.3417,849.126,733.416,26,26,25,26,26,25,0,0.033,788.777,8171.31,8171.31,733.416,3277,30,3276.7,29,29,30,30,118.515,0.0327,653.615,788.777,27,3276,0,25,24,24,0,3276.7,0,80,13/12/2024 13:42
1789,0,11.8515,24.3526,849.126,733.915,26,26,25,26,26,25,0,0.033,789.276,8171.31,8171.31,733.915,3277,30,3276.7,29,29,30,30,118.515,0.0327,658.603,789.276,27,3276,0,25,24,24,0,3276.7,0,80,13/12/2024 13:42
1790,0,11.8515,24.2549,849.625,733.915,26,26,25,26,26,25,0,0.033,789.276,8171.31,8171.31,733.915,3277,30,3276.7,29,29,30,30,118.515,0.0324,653.615,789.276,27,3276,0,25,24,24,0,3276.7,0,80,13/12/2024 13:42
1791,0,11.8515,24.2513,848.628,733.416,26,26,25,26,26,25,0,0.033,789.526,8171.31,8171.31,733.416,3277,30,3276.7,29,29,30,30,118.515,0.0324,659.102,789.526,27,3276,0,25,24,24,0,3276.7,0,80,13/12/2024 13:42
1792,0,11.8515,24.2549,849.126,733.915,26,26,25,26,26,25,0,0.033,790.024,8171.31,8171.31,733.915,3277,30,3276.7,29,29,30,30,118.515,0.0324,652.867,790.024,27,3276,0,25,24,24,0,3276.7,0,80,13/12/2024 13:42
1793,0,11.8515,24.2549,848.129,733.166,26,26,25,26,26,25,0,0.0344,788.777,8171.31,8171.31,733.166,3277,30,3276.7,29,29,30,30,118.515,0.0324,658.603,788.777,27,3276,0,25,24,24,0,3276.7,0,80,13/12/2024 13:42
1794,0,11.8515,24.2513,849.126,734.663,26,26,25,26,26,25,0,0.0342,788.777,8171.31,8171.31,734.663,3277,30,3276.7,29,29,30,30,118.515,0.0326,652.618,788.777,27,3276,0,25,24,24,0,3276.7,0,80,13/12/2024 13:42
1795,0,11.8515,24.2441,849.126,733.416,26,26,25,26,26,25,0,0.0342,788.777,8171.31,8171.31,733.416,3277,30,3276.7,29,29,30,30,118.515,0.0323,658.354,788.777,27,3276,0,25,24,24,0,3276.7,0,80,13/12/2024 13:42
1796,0,11.8515,24.2441,849.376,733.665,26,26,25,26,26,25,0,0.0342,789.775,8171.31,8171.31,733.665,3277,30,3276.7,29,29,30,30,118.515,0.0323,653.366,789.775,27,3276,0,25,24,24,0,3276.7,0,80,13/12/2024 13:42
1797,0,11.8515,24.2513,849.126,733.416,26,26,25,26,26,25,0,0.0342,788.279,8171.31,8171.31,733.416,3277,30,3276.7,29,29,30,30,118.515,0.033,659.6,788.279,27,3276,0,25,24,24,0,3276.7,0,80,13/12/2024 13:42
1798,0,11.8515,24.3453,848.628,733.166,26,26,25,26,26,25,0,0.0342,788.279,8171.31,8171.31,733.166,3277,30,3276.7,29,29,30,30,118.515,0.033,652.867,788.279,27,3276,0,25,24,24,0,3276.7,0,80,13/12/2024 13:42
1799,0,11.8515,24.3309,848.378,733.416,26,26,25,26,26,25,0,0.0342,788.528,8171.31,8171.31,733.416,3277,30,3276.7,29,29,30,30,118.515,0.0326,657.855,788.528,27,3276,0,25,24,24,0,3276.7,0,80,13/12/2024 13:42
1800,0,11.8515,24.2441,848.628,733.665,26,26,25,26,26,25,0,0.0342,788.777,8171.31,8171.31,733.665,3277,30,3276.7,29,29,30,30,118.515,0.0323,654.114,788.777,27,3276,0,25,24,24,0,3276.7,0,80,13/12/2024 13:42
1801,0,11.8515,24.2405,847.88,733.416,26,26,25,26,26,25,0,0.0342,788.777,8171.31,8171.31,733.416,3277,30,3276.7,29,29,30,30,118.515,0.0323,658.603,788.777,27,3276,0,25,24,24,0,3276.7,0,80,13/12/2024 13:42
1802,0,11.8515,24.3417,849.126,733.915,26,26,25,26,26,25,0,0.0342,788.279,8171.31,8171.31,733.915,3277,30,3276.7,29,29,30,30,118.515,0.0323,654.613,788.279,27,3276,0,25,24,24,0,3276.7,0,80,13/12/2024 13:42
1803,0,11.8515,24.349,848.628,733.416,26,26,25,26,26,25,0,0.0342,789.276,8171.31,8171.31,733.416,3277,30,3276.7,29,29,30,30,118.515,0.0329,657.855,789.276,27,3276,0,25,24,24,0,3276.7,0,80,13/12/2024 13:42
1804,0,11.8515,24.2405,848.628,733.416,26,26,25,26,26,25,0,0.0342,789.526,8171.31,8171.31,733.416,3277,30,3276.7,29,29,30,30,118.515,0.0329,655.86,789.526,27,3276,0,25,24,24,0,3276.7,0,80,13/12/2024 13:42
1805,0,11.8515,24.2441,848.378,733.665,26,26,25,26,26,25,0,0.0342,790.024,8171.31,8171.31,733.665,3277,30,3276.7,29,29,30,30,118.515,0.0324,655.86,790.024,27,3276,0,25,24,24,0,3276.7,0,80,13/12/2024 13:42
1806,0,11.8515,24.3453,849.625,733.915,26,26,25,26,26,25,0,0.0342,789.775,8171.31,8171.31,733.915,3277,30,3276.7,29,29,30,30,118.515,0.0318,657.855,789.775,27,3276,0,25,24,24,0,3276.7,0,80,13/12/2024 13:42
1807,0,11.8515,24.3417,848.628,733.665,26,26,25,26,26,25,0,0.0342,789.775,8171.31,8171.31,733.665,3277,30,3276.7,29,29,30,30,118.515,0.0318,654.862,789.775,27,3276,0,25,24,24,0,3276.7,0,80,13/12/2024 13:42
1808,0,11.8515,24.2513,848.129,733.665,26,26,25,26,26,25,0,0.0342,790.024,8171.31,8171.31,733.665,3277,30,3276.7,29,29,30,30,118.515,0.0326,657.855,790.024,27,3276,0,25,24,24,0,3276.7,0,80,13/12/2024 13:42
1809,0,11.8515,24.2405,848.378,733.915,26,26,25,26,26,25,0,0.0342,789.276,8171.31,8171.31,733.915,3277,30,3276.7,29,29,30,30,118.515,0.0324,655.361,789.276,27,3276,0,25,24,24,0,3276.7,0,80,13/12/2024 13:42
1810,0,11.8515,24.2441,848.628,733.665,26,26,25,26,26,25,0,0.0342,788.029,8171.31,8171.31,733.665,3277,30,3276.7,29,29,30,30,118.515,0.0324,655.361,788.029,27,3276,0,25,24,24,0,3276.7,0,80,13/12/2024 13:42
1811,0,11.8515,24.2585,848.628,733.166,26,26,25,26,26,25,0,0.0342,788.777,8171.31,8171.31,733.166,3277,30,3276.7,29,29,30,30,118.515,0.0323,657.605,788.777,27,3276,0,25,24,24,0,3276.7,0,80,13/12/2024 13:42
1812,0,11.8515,24.2549,849.625,733.665,26,26,25,26,26,25,0,0.0342,789.775,8171.31,8171.31,733.665,3277,30,3276.7,29,29,30,30,118.515,0.0323,655.361,789.775,27,3276,0,25,24,24,0,3276.7,0,80,13/12/2024 13:42
1813,0,11.8515,24.2513,849.126,733.915,26,26,25,26,26,25,0,0.0342,790.523,8171.31,8171.31,733.915,3277,30,3276.7,29,29,30,30,118.515,0.0325,657.855,790.523,27,3276,0,25,24,24,0,3276.7,0,80,13/12/2024 13:42
1814,0,11.8515,24.2513,849.126,733.416,26,26,25,26,26,25,0,0.0342,790.024,8171.31,8171.31,733.416,3277,30,3276.7,29,29,30,30,118.515,0.0325,656.608,790.024,27,3276,0,25,24,24,0,3276.7,0,80,13/12/2024 13:42
1815,0,11.8515,24.2549,849.126,733.665,26,26,25,26,26,25,0,0.0342,790.024,8171.31,8171.31,733.665,3277,30,3276.7,29,29,30,30,118.515,0.0325,654.862,790.024,27,3276,0,25,24,24,0,3276.7,0,80,13/12/2024 13:42
1816,0,11.8515,24.2513,848.378,732.668,26,26,25,26,26,25,0,0.0342,788.279,8171.31,8171.31,732.668,3277,30,3276.7,29,29,30,30,118.515,0.0318,657.855,788.279,27,3276,0,25,24,24,0,3276.7,0,80,13/12/2024 13:42
1817,0,11.8515,24.2405,849.376,733.416,26,26,25,26,26,25,0,0.0342,788.528,8171.31,8171.31,733.416,3277,30,3276.7,29,29,30,30,118.515,0.0325,655.361,788.528,27,3276,0,25,24,24,0,3276.7,0,80,13/12/2024 13:42
1818,0,11.8515,24.2513,848.378,734.663,26,26,25,26,26,25,0,0.0342,789.775,8171.31,8171.31,734.663,3277,30,3276.7,29,29,30,30,118.515,0.0322,655.112,789.775,27,3276,0,25,24,24,0,3276.7,0,80,13/12/2024 13:42
1819,0,11.8515,24.2549,848.378,733.166,26,26,25,26,26,25,0,0.0342,790.024,8171.31,8171.31,733.166,3277,30,3276.7,29,29,30,30,118.515,0.0322,657.855,790.024,27,3276,0,25,24,24,0,3276.7,0,80,13/12/2024 13:42
1820,0,11.8515,24.2513,848.378,733.416,26,26,25,26,26,25,0,0.0342,790.772,8171.31,8171.31,733.416,3277,30,3276.7,29,29,30,30,118.515,0.0322,655.361,790.772,27,3276,0,25,24,24,0,3276.7,0,80,13/12/2024 13:42
1821,0,11.8515,24.2585,848.628,732.418,26,26,25,26,26,25,0,0.0342,789.775,8171.31,8171.31,732.418,3277,30,3276.7,29,29,30,30,118.515,0.0322,655.86,789.775,27,3276,0,25,24,24,0,3276.7,0,80,13/12/2024 13:42
1822,0,11.8515,24.2441,848.628,733.915,26,26,25,26,26,25,0,0.0342,788.528,8171.31,8171.31,733.915,3277,30,3276.7,29,29,30,30,118.515,0.0327,658.603,788.528,27,3276,0,25,24,24,0,3276.7,0,80,13/12/2024 13:42
1823,0,11.8515,24.2441,849.126,733.915,26,26,25,26,26,25,0,0.0335,788.528,8171.31,8171.31,733.915,3277,30,3276.7,29,29,30,30,118.515,0.0327,655.112,788.528,27,3276,0,25,24,24,0,3276.7,0,80,13/12/2024 13:42
1824,0,11.8515,24.349,849.126,733.665,26,26,25,26,26,25,0,0.0342,790.024,8171.31,8171.31,733.665,3277,30,3276.7,29,29,30,30,118.515,0.0321,657.107,790.024,27,3276,0,25,24,24,0,3276.7,0,80,13/12/2024 13:42
1825,0,11.8515,24.3526,848.378,732.169,26,26,25,26,26,25,0,0.0342,789.775,8171.31,8171.31,732.169,3277,30,3276.7,29,29,30,30,118.515,0.0323,658.603,789.775,27,3276,0,25,24,24,0,3276.7,0,80,13/12/2024 13:42
1826,0,11.8515,24.3453,848.378,734.413,26,26,25,26,26,25,0,0.0342,790.024,8171.31,8171.31,734.413,3277,30,3276.7,29,29,30,30,118.515,0.0323,654.862,790.024,27,3276,0,25,24,24,0,3276.7,0,80,13/12/2024 13:42
1827,0,11.8515,24.349,849.376,733.416,26,26,25,26,26,25,0,0.0342,790.024,8171.31,8171.31,733.416,3277,30,3276.7,29,29,30,30,118.515,0.0331,658.354,790.024,27,3276,0,25,24,24,0,3276.7,0,80,13/12/2024 13:42
1828,0,11.8515,24.2441,849.126,733.416,26,26,25,26,26,25,0,0.0342,788.777,8171.31,8171.31,733.416,3277,30,3276.7,29,29,30,30,118.515,0.0326,657.855,788.777,27,3276,0,25,24,24,0,3276.7,0,80,13/12/2024 13:42
1829,0,11.8515,24.2441,848.378,733.665,26,26,25,26,26,25,0,0.0342,788.279,8171.31,8171.31,733.665,3277,30,3276.7,29,29,30,30,118.515,0.0323,655.112,788.279,27,3276,0,25,24,24,0,3276.7,0,80,13/12/2024 13:42
1830,0,11.8515,24.349,849.126,733.915,26,26,25,26,26,25,0,0.0342,791.022,8171.31,8171.31,733.915,3277,30,3276.7,29,29,30,30,118.515,0.0324,657.855,791.022,27,3276,0,25,24,24,0,3276.7,0,80,13/12/2024 13:42
1831,0,11.8515,24.3453,849.126,733.915,26,26,25,26,26,25,0,0.0342,790.024,8171.31,8171.31,733.915,3277,30,3276.7,29,29,30,30,118.515,0.0324,655.361,790.024,27,3276,0,25,24,24,0,3276.7,0,80,13/12/2024 13:42
1832,0,11.8515,24.2549,849.376,733.665,26,26,25,26,26,25,0,0.0342,790.024,8171.31,8171.31,733.665,3277,30,3276.7,29,29,30,30,118.515,0.0324,655.361,790.024,27,3276,0,25,24,24,0,3276.7,0,80,13/12/2024 13:42
1833,0,11.8515,24.2622,849.126,733.665,26,26,25,26,26,25,0,0.0342,790.772,8171.31,8171.31,733.665,3277,30,3276.7,29,29,30,30,118.515,0.0329,657.855,790.772,27,3276,0,25,24,24,0,3276.7,0,80,13/12/2024 13:42
1834,0,11.8515,24.3598,848.129,733.416,26,26,25,26,26,25,0,0.0342,789.276,8171.31,8171.31,733.416,3277,30,3276.7,29,29,30,30,118.515,0.0322,654.613,789.276,27,3276,0,25,24,24,0,3276.7,0,80,13/12/2024 13:42
1835,0,11.8515,24.3453,849.376,733.166,26,26,25,26,26,25,0,0.0342,788.279,8171.31,8171.31,733.166,3277,30,3276.7,29,29,30,30,118.515,0.0322,657.855,788.279,27,3276,0,25,24,24,0,3276.7,0,80,13/12/2024 13:42
1836,0,11.8515,24.2513,849.126,733.416,26,26,25,26,26,25,0,0.0342,788.279,8171.31,8171.31,733.416,3277,30,3276.7,29,29,30,30,118.515,0.0322,657.107,788.279,27,3276,0,25,24,24,0,3276.7,0,80,13/12/2024 13:42
1837,0,11.8515,24.2441,849.625,733.416,26,26,25,26,26,25,0,0.0342,789.526,8171.31,8171.31,733.416,3277,30,3276.7,29,29,30,30,118.515,0.0324,654.862,789.526,27,3276,0,25,24,24,0,3276.7,0,80,13/12/2024 13:42
1838,0,11.8515,24.2549,849.376,733.665,26,26,25,26,26,25,0,0.0342,790.523,8171.31,8171.31,733.665,3277,30,3276.7,29,29,30,30,118.515,0.0319,658.603,790.523,27,3276,0,25,24,24,0,3276.7,0,80,13/12/2024 13:42
1839,0,11.8515,24.2549,849.376,733.416,26,26,25,26,26,25,0,0.0342,791.022,8171.31,8171.31,733.416,3277,30,3276.7,29,29,30,30,118.515,0.0319,653.615,791.022,27,3276,0,25,24,24,0,3276.7,0,80,13/12/2024 13:42
1840,0,11.8515,24.2585,848.129,733.915,26,26,25,26,26,25,0,0.0342,790.024,8171.31,8171.31,733.915,3277,30,3276.7,29,29,30,30,118.515,0.0326,658.852,790.024,27,3276,0,25,24,24,0,3276.7,0,80,13/12/2024 13:42
1841,0,11.8515,24.2513,849.376,734.413,26,26,25,26,26,25,0,0.0342,790.024,8171.31,8171.31,734.413,3277,30,3276.7,29,29,30,30,118.515,0.0322,655.112,790.024,27,3276,0,25,24,24,0,3276.7,0,80,13/12/2024 13:42
1842,0,11.8515,24.2549,849.126,734.663,26,26,25,26,26,25,0,0.0342,791.022,8171.31,8171.31,734.663,3277,30,3276.7,29,29,30,30,118.515,0.0328,658.354,791.022,27,3276,0,25,24,24,0,3276.7,0,80,13/12/2024 13:42
1843,0,11.8515,24.2513,849.376,734.912,26,26,25,26,26,25,0,0.0342,789.526,8171.31,8171.31,734.912,3277,30,3276.7,29,29,30,30,118.515,0.0319,656.608,789.526,27,3276,0,25,24,24,0,3276.7,0,80,13/12/2024 13:42
1844,0,11.8515,24.3526,849.376,733.416,26,26,25,26,26,25,0,0.0342,789.775,8171.31,8171.31,733.416,3277,30,3276.7,29,29,30,30,118.515,0.0319,654.862,789.775,27,3276,0,25,24,24,0,3276.7,0,80,13/12/2024 13:42
1845,0,11.8515,24.3453,848.628,733.915,26,26,25,26,26,25,0,0.0342,788.528,8171.31,8171.31,733.915,3277,30,3276.7,29,29,30,30,118.515,0.0322,658.354,788.528,27,3276,0,25,24,24,0,3276.7,0,80,13/12/2024 13:42
1846,0,11.8515,24.3453,849.126,734.663,26,26,25,26,26,25,0,0.0342,789.276,8171.31,8171.31,734.663,3277,30,3276.7,29,29,30,30,118.515,0.0324,653.615,789.276,27,3276,0,25,24,24,0,3276.7,0,80,13/12/2024 13:42
1847,0,11.8515,24.349,849.376,733.915,26,26,25,26,26,25,0,0.0342,789.276,8171.31,8171.31,733.915,3277,30,3276.7,29,29,30,30,118.515,0.0324,658.603,789.276,27,3276,0,25,24,24,0,3276.7,0,80,13/12/2024 13:43
1848,0,11.8515,24.3453,848.129,733.915,26,26,25,26,26,25,0,0.0342,788.777,8171.31,8171.31,733.915,3277,30,3276.7,29,29,30,30,118.515,0.0321,653.366,788.777,27,3276,0,25,24,24,0,3276.7,0,80,13/12/2024 13:43
1849,0,11.8515,24.3417,849.376,733.166,26,26,25,26,26,25,0,0.0342,788.777,8171.31,8171.31,733.166,3277,30,3276.7,29,29,30,30,118.515,0.0324,658.354,788.777,27,3276,0,25,24,24,0,3276.7,0,80,13/12/2024 13:43
1850,0,11.8515,24.2513,849.376,734.663,26,26,25,26,26,25,0,0.0342,790.024,8171.31,8171.31,734.663,3277,30,3276.7,29,29,30,30,118.515,0.0324,654.613,790.024,27,3276,0,25,24,24,0,3276.7,0,80,13/12/2024 13:43
1851,0,11.8515,24.2513,849.376,733.416,26,26,25,26,26,25,0,0.0342,789.775,8171.31,8171.31,733.416,3277,30,3276.7,29,29,30,30,118.515,0.0324,657.605,789.775,27,3276,0,25,24,24,0,3276.7,0,80,13/12/2024 13:43
1852,0,11.8515,24.2513,849.126,733.915,26,26,25,26,26,25,0,0.0342,790.024,8171.31,8171.31,733.915,3277,30,3276.7,29,29,30,30,118.515,0.0324,656.608,790.024,27,3276,0,25,24,24,0,3276.7,0,80,13/12/2024 13:43
1853,0,11.8515,24.3309,849.126,733.665,26,26,25,26,26,25,0,0.0344,790.024,8171.31,8171.31,733.665,3277,30,3276.7,29,29,30,30,118.515,0.0324,655.86,790.024,27,3276,0,25,24,24,0,3276.7,0,80,13/12/2024 13:43
1854,0,11.8515,24.3453,848.378,733.915,26,26,25,26,26,25,0,0.0344,790.024,8171.31,8171.31,733.915,3277,30,3276.7,29,29,30,30,118.515,0.0324,659.102,790.024,27,3276,0,25,24,24,0,3276.7,0,80,13/12/2024 13:43
1855,0,11.8515,24.3453,849.126,734.413,26,26,25,26,26,25,0,0.0344,790.024,8171.31,8171.31,734.413,3277,30,3276.7,29,29,30,30,118.515,0.0324,653.366,790.024,27,3276,0,25,24,24,0,3276.7,0,80,13/12/2024 13:43
1856,0,11.8515,24.3417,848.628,733.665,26,26,25,26,26,25,0,0.0344,789.526,8171.31,8171.31,733.665,3277,30,3276.7,29,29,30,30,118.515,0.032,658.354,789.526,27,3276,0,25,24,24,0,3276.7,0,80,13/12/2024 13:43
1857,0,11.8515,24.3345,849.625,733.915,26,26,25,26,26,25,0,0.0344,788.528,8171.31,8171.31,733.915,3277,30,3276.7,29,29,30,30,118.515,0.0331,654.114,788.528,27,3276,0,25,24,24,0,3276.7,0,80,13/12/2024 13:43
1858,0,11.8515,24.2441,849.126,733.665,26,26,25,26,26,25,0,0.0344,788.777,8171.31,8171.31,733.665,3277,30,3276.7,29,29,30,30,118.515,0.0322,657.855,788.777,27,3276,0,25,24,24,0,3276.7,0,80,13/12/2024 13:43
1859,0,11.8515,24.3273,849.376,733.915,26,26,25,26,26,25,0,0.0344,788.528,8171.31,8171.31,733.915,3277,30,3276.7,29,29,30,30,118.515,0.0322,656.608,788.528,27,3276,0,25,24,24,0,3276.7,0,80,13/12/2024 13:43
1860,0,11.8515,24.3417,849.126,734.663,26,26,25,26,26,25,0,0.0344,788.528,8171.31,8171.31,734.663,3277,30,3276.7,29,29,30,30,118.515,0.0322,654.862,788.528,27,3276,0,25,24,24,0,3276.7,0,80,13/12/2024 13:43
1861,0,11.8515,24.3453,849.376,733.665,26,26,25,26,26,25,0,0.0344,790.024,8171.31,8171.31,733.665,3277,30,3276.7,29,29,30,30,118.515,0.0322,657.855,790.024,27,3276,0,25,24,24,0,3276.7,0,80,13/12/2024 13:43
1862,0,11.8515,24.2549,849.376,734.413,26,26,25,26,26,25,0,0.0344,790.024,8171.31,8171.31,734.413,3277,30,3276.7,29,29,30,30,118.515,0.0326,652.867,790.024,27,3276,0,25,24,24,0,3276.7,0,80,13/12/2024 13:43
1863,0,11.8515,24.2405,848.628,733.665,26,26,25,26,26,25,0,0.0344,790.523,8171.31,8171.31,733.665,3277,30,3276.7,29,29,30,30,118.515,0.0326,656.608,790.523,27,3276,0,25,24,24,0,3276.7,0,80,13/12/2024 13:43
1864,0,11.8515,24.3453,849.126,733.915,26,26,25,26,26,25,0,0.0344,790.523,8171.31,8171.31,733.915,3277,30,3276.7,29,29,30,30,118.515,0.0328,654.862,790.523,27,3276,0,25,24,24,0,3276.7,0,80,13/12/2024 13:43
1865,0,11.8515,24.3453,849.376,733.665,26,26,25,26,26,25,0,0.0344,790.024,8171.31,8171.31,733.665,3277,30,3276.7,29,29,30,30,118.515,0.0322,657.605,790.024,27,3276,0,25,24,24,0,3276.7,0,80,13/12/2024 13:43
1866,0,11.8515,24.3526,848.628,733.665,26,26,25,26,26,25,0,0.0344,789.775,8171.31,8171.31,733.665,3277,30,3276.7,29,29,30,30,118.515,0.032,657.855,789.775,27,3276,0,25,24,24,0,3276.7,0,80,13/12/2024 13:43
1867,0,11.8515,24.3453,849.126,733.665,26,26,25,26,26,25,0,0.0344,788.777,8171.31,8171.31,733.665,3277,30,3276.7,29,29,30,30,118.515,0.0329,653.865,788.777,27,3276,0,25,24,24,0,3276.7,0,80,13/12/2024 13:43
1868,0,11.8515,24.3453,848.628,733.665,26,26,25,26,26,25,0,0.0344,788.029,8171.31,8171.31,733.665,3277,30,3276.7,29,29,30,30,118.515,0.0329,657.605,788.029,27,3276,0,25,24,24,0,3276.7,0,80,13/12/2024 13:43
1869,0,11.8515,24.3453,849.376,734.912,26,26,25,26,26,25,0,0.0344,789.526,8171.31,8171.31,734.912,3277,30,3276.7,29,29,30,30,118.515,0.0327,653.366,789.526,27,3276,0,25,24,24,0,3276.7,0,80,13/12/2024 13:43
1870,0,11.8515,24.2513,849.376,733.915,26,26,25,26,26,25,0,0.0344,788.777,8171.31,8171.31,733.915,3277,30,3276.7,29,29,30,30,118.515,0.0327,657.356,788.777,27,3276,0,25,24,24,0,3276.7,0,80,13/12/2024 13:43
1871,0,11.8515,24.2766,848.628,733.665,26,26,25,26,26,25,0,0.0344,790.024,8171.31,8171.31,733.665,3277,30,3276.7,29,29,30,30,118.515,0.0324,655.86,790.024,27,3276,0,25,24,24,0,3276.7,0,80,13/12/2024 13:43
1872,0,11.8515,24.3453,848.628,733.416,26,26,25,26,26,25,0,0.0344,791.022,8171.31,8171.31,733.416,3277,30,3276.7,29,29,30,30,118.515,0.0323,655.361,791.022,27,3276,0,25,24,24,0,3276.7,0,80,13/12/2024 13:43
1873,0,11.8515,24.3417,848.378,734.663,26,26,25,26,26,25,0,0.0344,790.024,8171.31,8171.31,734.663,3277,30,3276.7,29,29,30,30,118.515,0.0323,657.855,790.024,27,3276,0,25,24,24,0,3276.7,0,80,13/12/2024 13:43
1874,0,11.8515,24.2549,849.625,733.915,26,26,25,26,26,25,0,0.0344,790.523,8171.31,8171.31,733.915,3277,30,3276.7,29,29,30,30,118.515,0.0323,653.615,790.523,27,3276,0,25,24,24,0,3276.7,0,80,13/12/2024 13:43
1875,0,11.8515,24.2405,849.625,733.915,26,26,25,26,26,25,0,0.0344,790.523,8171.31,8171.31,733.915,3277,30,3276.7,29,29,30,30,118.515,0.0324,657.356,790.523,27,3276,0,25,24,24,0,3276.7,0,80,13/12/2024 13:43
1876,0,11.8515,24.349,849.126,733.416,26,26,25,26,26,25,0,0.0344,790.024,8171.31,8171.31,733.416,3277,30,3276.7,29,29,30,30,118.515,0.0324,654.613,790.024,27,3276,0,25,24,24,0,3276.7,0,80,13/12/2024 13:43
1877,0,11.8515,24.3453,849.376,733.416,26,26,25,26,26,25,0,0.0344,788.777,8171.31,8171.31,733.416,3277,30,3276.7,29,29,30,30,118.515,0.0327,658.354,788.777,27,3276,0,25,24,24,0,3276.7,0,80,13/12/2024 13:43
1878,0,11.8515,24.3526,849.126,733.416,26,26,25,26,26,25,0,0.0344,788.777,8171.31,8171.31,733.416,3277,30,3276.7,29,29,30,30,118.515,0.0322,655.86,788.777,27,3276,0,25,24,24,0,3276.7,0,80,13/12/2024 13:43
1879,0,11.8515,24.3309,849.126,733.416,26,26,25,26,26,25,0,0.0344,788.279,8171.31,8171.31,733.416,3277,30,3276.7,29,29,30,30,118.515,0.0322,655.361,788.279,27,3276,0,25,24,24,0,3276.7,0,80,13/12/2024 13:43
1880,0,11.8515,24.3453,849.376,733.665,26,26,25,26,26,25,0,0.0344,788.528,8171.31,8171.31,733.665,3277,30,3276.7,29,29,30,30,118.515,0.0324,657.855,788.528,27,3276,0,25,24,24,0,3276.7,0,80,13/12/2024 13:43
1881,0,11.8515,24.3526,849.625,733.665,26,26,25,26,26,25,0,0.0344,789.775,8171.31,8171.31,733.665,3277,30,3276.7,29,29,30,30,118.515,0.0324,652.618,789.775,27,3276,0,25,24,24,0,3276.7,0,80,13/12/2024 13:43
1882,0,11.8515,24.2549,849.376,733.915,26,26,25,26,26,25,0,0.0344,789.775,8171.31,8171.31,733.915,3277,30,3276.7,29,29,30,30,118.515,0.0323,658.603,789.775,27,3276,0,25,24,24,0,3276.7,0,80,13/12/2024 13:43
1883,0,11.8515,24.2513,849.875,733.915,26,26,25,26,26,25,0,0.0344,789.775,8171.31,8171.31,733.915,3277,30,3276.7,29,29,30,30,118.515,0.0325,653.366,789.775,27,3276,0,25,24,24,0,3276.7,0,80,13/12/2024 13:43
1884,0,11.8515,24.3453,849.126,733.416,26,26,25,26,26,25,0,0.0343,790.024,8171.31,8171.31,733.416,3277,30,3276.7,29,29,30,30,118.515,0.0325,657.855,790.024,27,3276,0,25,24,24,0,3276.7,0,80,13/12/2024 13:43
1885,0,11.8515,24.2549,848.628,733.416,26,26,25,26,26,25,0,0.0343,790.523,8171.31,8171.31,733.416,3277,30,3276.7,29,29,30,30,118.515,0.0325,654.114,790.523,27,3276,0,25,24,24,0,3276.7,0,80,13/12/2024 13:43
1886,0,11.8515,24.2549,849.376,733.915,26,26,25,26,26,25,0,0.0343,790.024,8171.31,8171.31,733.915,3277,30,3276.7,29,29,30,30,118.515,0.0322,657.356,790.024,27,3276,0,25,24,24,0,3276.7,0,80,13/12/2024 13:43
1887,0,11.8515,24.2549,848.378,732.668,26,26,25,26,26,25,0,0.0343,790.024,8171.31,8171.31,732.668,3277,30,3276.7,29,29,30,30,118.515,0.0322,655.361,790.024,27,3276,0,25,24,24,0,3276.7,0,80,13/12/2024 13:43
1888,0,11.8515,24.349,849.376,733.166,26,26,25,26,26,25,0,0.0343,790.024,8171.31,8171.31,733.166,3277,30,3276.7,29,29,30,30,118.515,0.0322,656.109,790.024,27,3276,0,25,24,24,0,3276.7,0,80,13/12/2024 13:43
1889,0,11.8515,24.3417,848.628,733.665,26,26,25,26,26,25,0,0.0343,790.024,8171.31,8171.31,733.665,3277,30,3276.7,29,29,30,30,118.515,0.0324,657.855,790.024,27,3276,0,25,24,24,0,3276.7,0,80,13/12/2024 13:43
1890,0,11.8515,24.3417,849.625,733.665,26,26,25,26,26,25,0,0.0343,789.526,8171.31,8171.31,733.665,3277,30,3276.7,29,29,30,30,118.515,0.0324,653.865,789.526,27,3276,0,25,24,24,0,3276.7,0,80,13/12/2024 13:43
1891,0,11.8515,24.2549,849.126,733.665,26,26,25,26,26,25,0,0.0343,789.276,8171.31,8171.31,733.665,3277,30,3276.7,29,29,30,30,118.515,0.0324,657.855,789.276,27,3276,0,25,24,24,0,3276.7,0,80,13/12/2024 13:43
1892,0,11.8515,24.2513,848.378,733.416,26,26,25,26,26,25,0,0.0343,789.775,8171.31,8171.31,733.416,3277,30,3276.7,29,29,30,30,118.515,0.0324,652.867,789.775,27,3276,0,25,24,24,0,3276.7,0,80,13/12/2024 13:43
1893,0,11.8515,24.2368,849.625,733.166,26,26,25,26,26,25,0,0.0343,789.526,8171.31,8171.31,733.166,3277,30,3276.7,29,29,30,30,118.515,0.0326,657.107,789.526,27,3276,0,25,24,24,0,3276.7,0,80,13/12/2024 13:43
1894,0,11.8515,24.2513,848.628,733.665,26,26,25,26,26,25,0,0.0343,788.777,8171.31,8171.31,733.665,3277,30,3276.7,29,29,30,30,118.515,0.0326,654.862,788.777,27,3276,0,25,24,24,0,3276.7,0,80,13/12/2024 13:43
1895,0,11.8515,24.2549,849.376,733.416,26,26,25,26,26,25,0,0.0343,790.024,8171.31,8171.31,733.416,3277,30,3276.7,29,29,30,30,118.515,0.0323,656.109,790.024,27,3276,0,25,24,24,0,3276.7,0,80,13/12/2024 13:43
1896,0,11.8515,24.349,848.378,734.413,26,26,25,26,26,25,0,0.0343,790.523,8171.31,8171.31,734.413,3277,30,3276.7,29,29,30,30,118.515,0.0316,656.608,790.523,27,3276,0,25,24,24,0,3276.7,0,80,13/12/2024 13:43
1897,0,11.8515,24.3526,849.376,733.915,26,26,25,26,26,25,0,0.0343,790.523,8171.31,8171.31,733.915,3277,30,3276.7,29,29,30,30,118.515,0.0331,652.867,790.523,27,3276,0,25,24,24,0,3276.7,0,80,13/12/2024 13:43
1898,0,11.8515,24.3417,849.126,734.413,26,26,25,26,26,25,0,0.0343,790.772,8171.31,8171.31,734.413,3277,30,3276.7,29,29,30,30,118.515,0.0331,657.605,790.772,27,26,0,25,24,24,0,3276.7,0,80,13/12/2024 13:43
1899,0,11.8515,24.3453,849.376,733.665,26,26,25,26,26,25,0,0.0343,790.024,8171.31,8171.31,733.665,3277,30,3276.7,29,29,30,30,118.515,0.0324,654.114,790.024,27,3276,0,25,24,24,0,3276.7,0,80,13/12/2024 13:43
1900,0,11.8515,24.3453,848.628,733.915,26,26,25,26,26,25,0,0.0343,788.777,8171.31,8171.31,733.915,3277,30,3276.7,29,29,30,30,118.515,0.0324,656.359,788.777,27,3276,0,25,24,24,0,3276.7,0,80,13/12/2024 13:43
1901,0,11.8515,24.3417,849.625,734.413,26,26,25,26,26,25,0,0.0343,789.276,8171.31,8171.31,734.413,3277,30,3276.7,29,29,30,30,118.515,0.0324,656.608,789.276,27,3276,0,25,24,24,0,3276.7,0,80,13/12/2024 13:43
1902,0,11.8515,24.2405,848.628,734.413,26,26,25,26,26,25,0,0.0343,790.024,8171.31,8171.31,734.413,3277,30,3276.7,29,29,30,30,118.515,0.0324,652.867,790.024,27,3276,0,25,24,24,0,3276.7,0,80,13/12/2024 13:43
1903,0,11.8515,24.3273,849.376,733.416,26,26,25,26,26,25,0,0.0343,790.523,8171.31,8171.31,733.416,3277,30,3276.7,29,29,30,30,118.515,0.0324,657.107,790.523,27,3276,0,25,24,24,0,3276.7,0,80,13/12/2024 13:43
1904,0,11.8515,24.3417,848.628,733.416,26,26,25,26,26,25,0,0.0343,790.772,8171.31,8171.31,733.416,3277,30,3276.7,29,29,30,30,118.515,0.0326,653.865,790.772,27,3276,0,25,24,24,0,3276.7,0,80,13/12/2024 13:43
1905,0,11.8515,24.2513,849.126,733.665,26,26,25,26,26,25,0,0.0343,790.523,8171.31,8171.31,733.665,3277,30,3276.7,29,29,30,30,118.515,0.0323,656.608,790.523,27,3276,0,25,24,24,0,3276.7,0,80,13/12/2024 13:43
1906,0,11.8515,24.2585,849.376,733.166,26,26,25,26,26,25,0,0.0343,790.024,8171.31,8171.31,733.166,3277,30,3276.7,29,29,30,30,118.515,0.0321,656.109,790.024,27,3276,0,25,24,24,0,3276.7,0,80,13/12/2024 13:43
1907,0,11.8515,24.2513,849.376,734.413,26,26,25,26,26,25,0,0.0343,790.772,8171.31,8171.31,734.413,3277,30,3276.7,29,29,30,30,118.515,0.0327,655.112,790.772,27,3276,0,25,24,24,0,3276.7,0,80,13/12/2024 13:44
1908,0,11.8515,24.3417,849.376,733.915,26,26,25,26,26,25,0,0.0343,790.772,8171.31,8171.31,733.915,3277,30,3276.7,29,29,30,30,118.515,0.0327,657.855,790.772,27,3276,0,25,24,24,0,3276.7,0,80,13/12/2024 13:44
1909,0,11.8515,24.3128,848.378,734.663,26,26,25,26,26,25,0,0.0343,789.775,8171.31,8171.31,734.663,3277,30,3276.7,29,29,30,30,118.515,0.0321,652.867,789.775,27,3276,0,25,24,24,0,3276.7,0,80,13/12/2024 13:44
1910,0,11.8515,24.2513,848.628,733.915,26,26,25,26,26,25,0,0.0343,789.775,8171.31,8171.31,733.915,3277,30,3276.7,29,29,30,30,118.515,0.0325,657.855,789.775,27,3276,0,25,24,24,0,3276.7,0,80,13/12/2024 13:44
1911,0,11.8515,24.3417,849.126,733.915,26,26,25,26,26,25,0,0.0343,789.276,8171.31,8171.31,733.915,3277,30,3276.7,29,29,30,30,118.515,0.0325,652.867,789.276,27,3276,0,25,24,24,0,3276.7,0,80,13/12/2024 13:44
1912,0,11.8515,24.3453,849.625,733.416,26,26,25,26,26,25,0,0.0343,788.777,8171.31,8171.31,733.416,3277,30,3276.7,29,29,30,30,118.515,0.0326,657.107,788.777,27,3276,0,25,24,24,0,3276.7,0,80,13/12/2024 13:44
1913,0,11.8515,24.349,849.625,733.665,26,26,25,26,26,25,0,0.0327,789.276,8171.31,8171.31,733.665,3277,30,3276.7,29,29,30,30,118.515,0.0325,653.366,789.276,27,3276,0,25,24,24,0,3276.7,0,80,13/12/2024 13:44
1914,0,11.8515,24.3453,849.126,734.413,26,26,25,26,26,25,0,0.0329,788.777,8171.31,8171.31,734.413,3277,30,3276.7,29,29,30,30,118.515,0.0325,656.359,788.777,27,3276,0,25,24,24,0,3276.7,0,80,13/12/2024 13:44
1915,0,11.8515,24.3345,848.628,733.915,26,26,25,26,26,25,0,0.0329,789.775,8171.31,8171.31,733.915,3277,30,3276.7,29,29,30,30,118.515,0.0325,653.865,789.775,27,3276,0,25,24,24,0,3276.7,0,80,13/12/2024 13:44
1916,0,11.8515,24.2549,849.625,733.665,26,26,25,26,26,25,0,0.0329,789.775,8171.31,8171.31,733.665,3277,30,3276.7,29,29,30,30,118.515,0.0325,656.109,789.775,27,3276,0,25,24,24,0,3276.7,0,80,13/12/2024 13:44
1917,0,11.8515,24.3417,849.625,734.663,26,26,25,26,26,25,0,0.0329,790.772,8171.31,8171.31,734.663,3277,30,3276.7,29,29,30,30,118.515,0.033,655.112,790.772,27,3276,0,25,24,24,0,3276.7,0,80,13/12/2024 13:44
1918,0,11.8515,24.3453,849.625,734.663,26,26,25,26,26,25,0,0.0329,790.024,8171.31,8171.31,734.663,3277,30,3276.7,29,29,30,30,118.515,0.0322,655.361,790.024,27,3276,0,25,24,24,0,3276.7,0,80,13/12/2024 13:44
1919,0,11.8515,24.349,849.126,734.413,26,26,25,26,26,25,0,0.0329,790.024,8171.31,8171.31,734.413,3277,30,3276.7,29,29,30,30,118.515,0.0322,655.361,790.024,27,3276,0,25,24,24,0,3276.7,0,80,13/12/2024 13:44
1920,0,11.8515,24.2441,849.126,734.413,26,26,25,26,26,25,0,0.0329,790.523,8171.31,8171.31,734.413,3277,30,3276.7,29,29,30,30,118.515,0.0324,654.114,790.523,27,3276,0,25,24,24,0,3276.7,0,80,13/12/2024 13:44
1921,0,11.8515,24.2549,849.376,733.166,26,26,25,26,26,25,0,0.0329,790.523,8171.31,8171.31,733.166,3277,30,3276.7,29,29,30,30,118.515,0.0323,656.109,790.523,27,3276,0,25,24,24,0,3276.7,0,80,13/12/2024 13:44
1922,0,11.8515,24.3453,849.625,734.413,26,26,25,26,26,25,0,0.0329,790.523,8171.31,8171.31,734.413,3277,30,3276.7,29,29,30,30,118.515,0.0323,654.862,790.523,27,3276,0,25,24,24,0,3276.7,0,80,13/12/2024 13:44
1923,0,11.8515,24.2585,849.376,733.915,26,26,25,26,26,25,0,0.0329,790.772,8171.31,8171.31,733.915,3277,30,3276.7,29,29,30,30,118.515,0.0325,655.86,790.772,27,3276,0,25,24,24,0,3276.7,0,80,13/12/2024 13:44
1924,0,11.8515,24.2549,848.628,734.663,26,26,25,26,26,25,0,0.0329,790.772,8171.31,8171.31,734.663,3277,30,3276.7,29,29,30,30,118.515,0.0325,654.114,790.772,27,3276,0,25,24,24,0,3276.7,0,80,13/12/2024 13:44
1925,0,11.8515,24.2549,849.126,734.663,26,26,25,26,26,25,0,0.0329,791.022,8171.31,8171.31,734.663,3277,30,3276.7,29,29,30,30,118.515,0.0325,656.608,791.022,27,3276,0,25,24,24,0,3276.7,0,80,13/12/2024 13:44
1926,0,11.8515,24.2549,848.628,734.413,26,26,25,26,26,25,0,0.0329,790.523,8171.31,8171.31,734.413,3277,30,3276.7,29,29,30,30,118.515,0.0318,654.114,790.523,27,3276,0,25,24,24,0,3276.7,0,80,13/12/2024 13:44
1927,0,11.8515,24.2549,849.126,733.915,26,26,25,26,26,25,0,0.0329,790.523,8171.31,8171.31,733.915,3277,30,3276.7,29,29,30,30,118.515,0.0318,657.605,790.523,27,3276,0,25,24,24,0,3276.7,0,80,13/12/2024 13:44
1928,0,11.8515,24.2405,849.126,733.416,26,26,25,26,26,25,0,0.0329,790.772,8171.31,8171.31,733.416,3277,30,3276.7,29,29,30,30,118.515,0.0321,653.865,790.772,27,3276,0,25,24,24,0,3276.7,0,80,13/12/2024 13:44
1929,0,11.8515,24.2513,848.628,733.416,26,26,25,26,26,25,0,0.0329,790.772,8171.31,8171.31,733.416,3277,30,3276.7,29,29,30,30,118.515,0.0325,657.356,790.772,27,3276,0,25,24,24,0,3276.7,0,80,13/12/2024 13:44
1930,0,11.8515,24.2549,849.376,733.915,26,26,25,26,26,25,0,0.0329,790.772,8171.31,8171.31,733.915,3277,30,3276.7,29,29,30,30,118.515,0.0323,653.366,790.772,27,3276,0,25,24,24,0,3276.7,0,80,13/12/2024 13:44
1931,0,11.8515,24.2405,849.376,734.663,26,26,25,26,26,25,0,0.0329,790.772,8171.31,8171.31,734.663,3277,30,3276.7,29,29,30,30,118.515,0.0326,657.107,790.772,27,3276,0,25,24,24,0,3276.7,0,80,13/12/2024 13:44
1932,0,11.8515,24.2513,849.625,733.915,26,26,25,26,26,25,0,0.0329,790.024,8171.31,8171.31,733.915,3277,30,3276.7,29,29,30,30,118.515,0.0326,654.862,790.024,27,3276,0,25,24,24,0,3276.7,0,80,13/12/2024 13:44
1933,0,11.8515,24.2549,849.376,733.416,26,26,25,26,26,25,0,0.0329,790.523,8171.31,8171.31,733.416,3277,30,3276.7,29,29,30,30,118.515,0.0324,657.356,790.523,27,3276,0,25,24,24,0,3276.7,0,80,13/12/2024 13:44
1934,0,11.8515,24.3417,849.376,733.915,26,26,25,26,26,25,0,0.0329,790.523,8171.31,8171.31,733.915,3277,30,3276.7,29,29,30,30,118.515,0.0328,654.862,790.523,27,3276,0,25,24,24,0,3276.7,0,80,13/12/2024 13:44
1935,0,11.8515,24.3345,848.628,734.413,26,26,25,26,26,25,0,0.0329,789.526,8171.31,8171.31,734.413,3277,30,3276.7,29,29,30,30,118.515,0.0328,656.109,789.526,27,3276,0,25,24,24,0,3276.7,0,80,13/12/2024 13:44
1936,0,11.8515,24.349,849.126,733.915,26,26,25,26,26,25,0,0.0329,790.024,8171.31,8171.31,733.915,3277,30,3276.7,29,29,30,30,118.515,0.0319,653.366,790.024,27,3276,0,25,24,24,0,3276.7,0,80,13/12/2024 13:44
1937,0,11.8515,24.2513,849.625,733.166,26,26,25,26,26,25,0,0.0329,790.024,8171.31,8171.31,733.166,3277,30,3276.7,29,29,30,30,118.515,0.033,657.356,790.024,27,3276,0,25,24,24,0,3276.7,0,80,13/12/2024 13:44
1938,0,11.8515,24.2585,849.625,733.665,26,26,25,26,26,25,0,0.0329,789.276,8171.31,8171.31,733.665,3277,30,3276.7,29,29,30,30,118.515,0.0322,652.867,789.276,27,3276,0,25,24,24,0,3276.7,0,80,13/12/2024 13:44
1939,0,11.8515,24.2549,849.376,733.665,26,26,25,26,26,25,0,0.0329,788.777,8171.31,8171.31,733.665,3277,30,3276.7,29,29,30,30,118.515,0.0325,657.855,788.777,27,3276,0,25,24,24,0,3276.7,0,80,13/12/2024 13:44
1940,0,11.8515,24.3345,849.625,734.413,26,26,25,26,26,25,0,0.0329,789.775,8171.31,8171.31,734.413,3277,30,3276.7,29,29,30,30,118.515,0.0325,652.368,789.775,27,3276,0,25,24,24,0,3276.7,0,80,13/12/2024 13:44
1941,0,11.8515,24.3417,849.376,734.912,26,26,25,26,26,25,0,0.0329,789.775,8171.31,8171.31,734.912,3277,30,3276.7,29,29,30,30,118.515,0.0325,657.855,789.775,27,3276,0,25,24,24,0,3276.7,0,80,13/12/2024 13:44
1942,0,11.8515,24.3345,848.628,733.665,26,26,25,26,26,25,0,0.0329,789.775,8171.31,8171.31,733.665,3277,30,3276.7,29,29,30,30,118.515,0.0325,652.119,789.775,27,3276,0,25,24,24,0,3276.7,0,80,13/12/2024 13:44
1943,0,11.8515,24.2549,849.376,734.413,26,26,25,26,26,25,0,0.0328,788.528,8171.31,8171.31,734.413,3277,30,3276.7,29,29,30,30,118.515,0.0325,657.605,788.528,27,3276,0,25,24,24,0,3276.7,0,80,13/12/2024 13:44
1944,0,11.8515,24.2513,849.126,734.413,26,26,25,26,26,25,0,0.0327,790.024,8171.31,8171.31,734.413,3277,30,3276.7,29,29,30,30,118.515,0.0325,651.62,790.024,27,3276,0,25,24,24,0,3276.7,0,80,13/12/2024 13:44
1945,0,11.8515,24.2513,849.376,734.413,26,26,25,26,26,25,0,0.0327,790.523,8171.31,8171.31,734.413,3277,30,3276.7,29,29,30,30,118.515,0.0322,657.107,790.523,27,3276,0,25,24,24,0,3276.7,0,80,13/12/2024 13:44
1946,0,11.8515,24.349,849.376,733.915,26,26,25,26,26,25,0,0.0327,790.024,8171.31,8171.31,733.915,3277,30,3276.7,29,29,30,30,118.515,0.0322,652.368,790.024,27,3276,0,25,24,24,0,3276.7,0,80,13/12/2024 13:44
1947,0,11.8515,24.3453,849.376,733.416,26,26,25,26,26,25,0,0.0327,790.523,8171.31,8171.31,733.416,3277,30,3276.7,29,29,30,30,118.515,0.0327,657.107,790.523,27,3276,0,25,24,24,0,3276.7,0,80,13/12/2024 13:44
1948,0,11.8515,24.3453,849.625,734.413,26,26,25,26,26,25,0,0.0327,790.523,8171.31,8171.31,734.413,3277,30,3276.7,29,29,30,30,118.515,0.0327,654.114,790.523,27,3276,0,25,24,24,0,3276.7,0,80,13/12/2024 13:44
1949,0,11.8515,24.3453,849.625,734.663,26,26,25,26,26,25,0,0.0327,791.022,8171.31,8171.31,734.663,3277,30,3276.7,29,29,30,30,118.515,0.0325,657.107,791.022,27,3276,0,25,24,24,0,3276.7,0,80,13/12/2024 13:44
1950,0,11.8515,24.3417,848.378,734.413,26,26,25,26,26,25,0,0.0327,790.523,8171.31,8171.31,734.413,3277,30,3276.7,29,29,30,30,118.515,0.0325,654.862,790.523,27,3276,0,25,24,24,0,3276.7,0,80,13/12/2024 13:44
1951,0,11.8515,24.2549,849.625,734.663,26,26,25,26,26,25,0,0.0327,791.022,8171.31,8171.31,734.663,3277,30,3276.7,29,29,30,30,118.515,0.0325,655.112,791.022,27,3276,0,25,24,24,0,3276.7,0,80,13/12/2024 13:44
1952,0,11.8515,24.2513,849.126,734.663,26,26,25,26,26,25,0,0.0327,790.523,8171.31,8171.31,734.663,3277,30,3276.7,29,29,30,30,118.515,0.0327,656.109,790.523,27,3276,0,25,24,24,0,3276.7,0,80,13/12/2024 13:44
1953,0,11.8515,24.2622,849.126,733.915,26,26,25,26,26,25,0,0.0327,790.523,8171.31,8171.31,733.915,3277,30,3276.7,29,29,30,30,118.515,0.0327,655.112,790.523,27,3276,0,25,24,24,0,3276.7,0,80,13/12/2024 13:44
1954,0,11.8515,24.3417,849.625,734.413,26,26,25,26,26,25,0,0.0327,790.772,8171.31,8171.31,734.413,3277,30,3276.7,29,29,30,30,118.515,0.0321,655.86,790.772,27,3276,0,25,24,24,0,3276.7,0,80,13/12/2024 13:44
1955,0,11.8515,24.3453,849.625,734.413,26,26,25,26,26,25,0,0.0327,790.523,8171.31,8171.31,734.413,3277,30,3276.7,29,29,30,30,118.515,0.0322,652.867,790.523,27,3276,0,25,24,24,0,3276.7,0,80,13/12/2024 13:44
1956,0,11.8515,24.3453,849.126,733.665,26,26,25,26,26,25,0,0.0327,790.523,8171.31,8171.31,733.665,3277,30,3276.7,29,29,30,30,118.515,0.0322,657.107,790.523,27,3276,0,25,24,24,0,3276.7,0,80,13/12/2024 13:44
1957,0,11.8515,24.3526,849.376,733.915,26,26,25,26,26,25,0,0.0327,790.024,8171.31,8171.31,733.915,3277,30,3276.7,29,29,30,30,118.515,0.0327,652.368,790.024,27,3276,0,25,24,24,0,3276.7,0,80,13/12/2024 13:44
1958,0,11.8515,24.3453,849.625,733.915,26,26,25,26,26,25,0,0.0327,789.276,8171.31,8171.31,733.915,3277,30,3276.7,29,29,30,30,118.515,0.0322,657.356,789.276,27,3276,0,25,24,24,0,3276.7,0,80,13/12/2024 13:44
1959,0,11.8515,24.3453,849.376,734.663,26,26,25,26,26,25,0,0.0327,789.775,8171.31,8171.31,734.663,3277,30,3276.7,29,29,30,30,118.515,0.0322,651.371,789.775,27,3276,0,25,24,24,0,3276.7,0,80,13/12/2024 13:44
1960,0,11.8515,24.3417,849.625,733.915,26,26,25,26,26,25,0,0.0327,789.526,8171.31,8171.31,733.915,3277,30,3276.7,29,29,30,30,118.515,0.0322,657.855,789.526,27,3276,0,25,24,24,0,3276.7,0,80,13/12/2024 13:44
1961,0,11.8515,24.349,849.126,733.416,26,26,25,26,26,25,0,0.0327,789.526,8171.31,8171.31,733.416,3277,30,3276.7,29,29,30,30,118.515,0.0326,652.368,789.526,27,3276,0,25,24,24,0,3276.7,0,80,13/12/2024 13:44
1962,0,11.8515,24.3453,849.126,733.915,26,26,25,26,26,25,0,0.0327,789.526,8171.31,8171.31,733.915,3277,30,3276.7,29,29,30,30,118.515,0.0323,657.605,789.526,27,3276,0,25,24,24,0,3276.7,0,80,13/12/2024 13:44
1963,0,11.8515,24.3453,849.625,735.161,26,26,25,26,26,25,0,0.0327,789.526,8171.31,8171.31,735.161,3277,30,3276.7,29,29,30,30,118.515,0.0325,652.618,789.526,27,3276,0,25,24,24,0,3276.7,0,80,13/12/2024 13:44
1964,0,11.8515,24.3453,848.628,733.665,26,26,25,26,26,25,0,0.0327,790.523,8171.31,8171.31,733.665,3277,30,3276.7,29,29,30,30,118.515,0.0325,657.356,790.523,27,3276,0,25,24,24,0,3276.7,0,80,13/12/2024 13:44
1965,0,11.8515,24.349,849.126,734.413,26,26,25,26,26,25,0,0.0327,789.775,8171.31,8171.31,734.413,3277,30,3276.7,29,29,30,30,118.515,0.0325,652.618,789.775,27,3276,0,25,24,24,0,3276.7,0,80,13/12/2024 13:44
1966,0,11.8515,24.3453,849.376,734.413,26,26,25,26,26,25,0,0.0327,789.775,8171.31,8171.31,734.413,3277,30,3276.7,29,29,30,30,118.515,0.0316,657.605,789.775,27,3276,0,25,24,24,0,3276.7,0,80,13/12/2024 13:44
1967,0,11.8515,24.3345,849.126,733.416,26,26,25,26,26,25,0,0.0327,790.024,8171.31,8171.31,733.416,3277,30,3276.7,29,29,30,30,118.515,0.0316,651.62,790.024,27,3276,0,25,24,24,0,3276.7,0,80,13/12/2024 13:45
1968,0,11.8515,24.3453,848.628,733.416,26,26,25,26,26,25,0,0.0327,790.024,8171.31,8171.31,733.416,3277,30,3276.7,29,29,30,30,118.515,0.0322,655.86,790.024,27,3276,0,25,24,24,0,3276.7,0,80,13/12/2024 13:45
1969,0,11.8515,24.3526,849.126,733.915,26,26,25,26,26,25,0,0.0327,790.024,8171.31,8171.31,733.915,3277,30,3276.7,29,29,30,30,118.515,0.0329,652.867,790.024,27,3276,0,25,24,24,0,3276.7,0,80,13/12/2024 13:45
1970,0,11.8515,24.3453,848.628,733.166,26,26,25,26,26,25,0,0.0327,790.523,8171.31,8171.31,733.166,3277,30,3276.7,29,29,30,30,118.515,0.0329,656.359,790.523,27,3276,0,25,24,24,0,3276.7,0,80,13/12/2024 13:45
1971,0,11.8515,24.3453,849.126,734.413,26,26,25,26,26,25,0,0.0327,790.024,8171.31,8171.31,734.413,3277,30,3276.7,29,29,30,30,118.515,0.0323,653.865,790.024,27,3276,0,25,24,24,0,3276.7,0,80,13/12/2024 13:45
1972,0,11.8515,24.3453,849.625,733.665,26,26,25,26,26,25,0,0.0327,791.271,8171.31,8171.31,733.665,3277,30,3276.7,29,29,30,30,118.515,0.0323,655.361,791.271,27,3276,0,25,24,24,0,3276.7,0,80,13/12/2024 13:45
1973,0,11.8515,24.3345,849.625,733.915,26,26,25,26,26,25,0,0.0327,790.772,8171.31,8171.31,733.915,3277,30,3276.7,29,29,30,30,118.515,0.0326,656.359,790.772,27,3276,0,25,24,24,0,3276.7,0,80,13/12/2024 13:45
1974,0,11.8515,24.349,849.625,733.665,26,26,25,26,26,25,0,0.0329,790.024,8171.31,8171.31,733.665,3277,30,3276.7,29,29,30,30,118.515,0.0326,655.112,790.024,27,3276,0,25,24,24,0,3276.7,0,80,13/12/2024 13:45
1975,0,11.8515,24.3453,849.126,733.416,26,26,25,26,26,25,0,0.0329,790.024,8171.31,8171.31,733.416,3277,30,3276.7,29,29,30,30,118.515,0.0326,657.855,790.024,27,3276,0,25,24,24,0,3276.7,0,80,13/12/2024 13:45
1976,0,11.8515,24.3309,849.126,733.915,26,26,25,26,26,25,0,0.0329,790.024,8171.31,8171.31,733.915,3277,30,3276.7,29,29,30,30,118.515,0.0322,652.867,790.024,27,3276,0,25,24,24,0,3276.7,0,80,13/12/2024 13:45
1977,0,11.8515,24.3453,849.376,733.416,26,26,25,26,26,25,0,0.0329,790.024,8171.31,8171.31,733.416,3277,30,3276.7,29,29,30,30,118.515,0.0325,657.855,790.024,27,3276,0,25,24,24,0,3276.7,0,80,13/12/2024 13:45
1978,0,11.8515,24.3453,848.628,733.915,26,26,25,26,26,25,0,0.0329,789.775,8171.31,8171.31,733.915,3277,30,3276.7,29,29,30,30,118.515,0.0322,653.615,789.775,27,3276,0,25,24,24,0,3276.7,0,80,13/12/2024 13:45
1979,0,11.8515,24.3453,849.625,733.915,26,26,25,26,26,25,0,0.0329,789.775,8171.31,8171.31,733.915,3277,30,3276.7,29,29,30,30,118.515,0.0322,656.109,789.775,27,3276,0,25,24,24,0,3276.7,0,80,13/12/2024 13:45
1980,0,11.8515,24.3453,849.126,733.915,26,26,25,26,26,25,0,0.0329,789.276,8171.31,8171.31,733.915,3277,30,3276.7,29,29,30,30,118.515,0.0322,657.356,789.276,27,3276,0,25,24,24,0,3276.7,0,80,13/12/2024 13:45
1981,0,11.8515,24.349,849.376,733.416,26,26,25,26,26,25,0,0.0329,790.024,8171.31,8171.31,733.416,3277,30,3276.7,29,29,30,30,118.515,0.0322,652.867,790.024,27,3276,0,25,24,24,0,3276.7,0,80,13/12/2024 13:45
1982,0,11.8515,24.3453,849.625,733.416,26,26,25,26,26,25,0,0.0329,790.772,8171.31,8171.31,733.416,3277,30,3276.7,29,29,30,30,118.515,0.0322,657.356,790.772,27,3276,0,25,24,24,0,3276.7,0,80,13/12/2024 13:45
1983,0,11.8515,24.3453,849.126,733.665,26,26,25,26,26,25,0,0.0329,790.772,8171.31,8171.31,733.665,3277,30,3276.7,29,29,30,30,118.515,0.0322,653.865,790.772,27,3276,0,25,24,24,0,3276.7,0,80,13/12/2024 13:45
1984,0,11.8515,24.3453,849.625,733.416,26,26,25,26,26,25,0,0.0329,790.523,8171.31,8171.31,733.416,3277,30,3276.7,29,29,30,30,118.515,0.0322,655.361,790.523,27,3276,0,25,24,24,0,3276.7,0,80,13/12/2024 13:45
1985,0,11.8515,24.3453,849.625,734.663,26,26,25,26,26,25,0,0.0329,788.777,8171.31,8171.31,734.663,3277,30,3276.7,29,29,30,30,118.515,0.0321,657.356,788.777,27,3276,0,25,24,24,0,3276.7,0,80,13/12/2024 13:45
1986,0,11.8515,24.3345,849.376,733.915,26,26,25,26,26,25,0,0.0329,789.526,8171.31,8171.31,733.915,3277,30,3276.7,29,29,30,30,118.515,0.0316,652.867,789.526,27,3276,0,25,24,24,0,3276.7,0,80,13/12/2024 13:45
1987,0,11.8515,24.3345,849.625,734.413,26,26,25,26,26,25,0,0.0329,789.775,8171.31,8171.31,734.413,3277,30,3276.7,29,29,30,30,118.515,0.0328,657.356,789.775,27,3276,0,25,24,24,0,3276.7,0,80,13/12/2024 13:45
1988,0,11.8515,24.349,849.126,733.915,26,26,25,26,26,25,0,0.0329,789.775,8171.31,8171.31,733.915,3277,30,3276.7,29,29,30,30,118.515,0.0328,655.86,789.775,27,3276,0,25,24,24,0,3276.7,0,80,13/12/2024 13:45
1989,0,11.8515,24.3598,849.126,734.413,26,26,25,26,26,25,0,0.0329,791.022,8171.31,8171.31,734.413,3277,30,3276.7,29,29,30,30,118.515,0.0324,655.112,791.022,27,3276,0,25,24,24,0,3276.7,0,80,13/12/2024 13:45
1990,0,11.8515,24.3417,849.625,733.915,26,26,25,26,26,25,0,0.0329,790.523,8171.31,8171.31,733.915,3277,30,3276.7,29,29,30,30,118.515,0.0322,657.605,790.523,27,3276,0,25,24,24,0,3276.7,0,80,13/12/2024 13:45
1991,0,11.8515,24.3345,849.126,733.665,26,26,25,26,26,25,0,0.0329,790.523,8171.31,8171.31,733.665,3277,30,3276.7,29,29,30,30,118.515,0.0322,654.613,790.523,27,3276,0,25,24,24,0,3276.7,0,80,13/12/2024 13:45
1992,0,11.8515,24.3526,849.126,734.413,26,26,25,26,26,25,0,0.0329,789.276,8171.31,8171.31,734.413,3277,30,3276.7,29,29,30,30,118.515,0.0322,656.359,789.276,27,3276,0,25,24,24,0,3276.7,0,80,13/12/2024 13:45
1993,0,11.8515,24.3453,849.376,733.665,26,26,25,26,26,25,0,0.0329,790.024,8171.31,8171.31,733.665,3277,30,3276.7,29,29,30,30,118.515,0.0327,657.356,790.024,27,3276,0,25,24,24,0,3276.7,0,80,13/12/2024 13:45
1994,0,11.8515,24.3273,849.376,733.915,26,26,25,26,26,25,0,0.0329,789.276,8171.31,8171.31,733.915,3277,30,3276.7,29,29,30,30,118.515,0.0327,653.865,789.276,27,3276,0,25,24,24,0,3276.7,0,80,13/12/2024 13:45
1995,0,11.8515,24.3453,849.625,734.413,26,26,25,26,26,25,0,0.0329,790.523,8171.31,8171.31,734.413,3277,31,3276.7,29,29,30,30,118.515,0.0322,657.107,790.523,27,3276,0,25,24,24,0,3276.7,0,80,13/12/2024 13:45
1996,0,11.8515,24.3417,849.376,733.915,26,26,25,26,26,25,0,0.0329,791.022,8171.31,8171.31,733.915,3277,30,3276.7,29,29,30,30,118.515,0.0322,654.114,791.022,27,3276,0,25,24,24,0,3276.7,0,80,13/12/2024 13:45
1997,0,11.8515,24.3453,849.625,734.413,26,26,25,26,26,25,0,0.0329,790.772,8171.31,8171.31,734.413,3277,30,3276.7,29,29,30,30,118.515,0.0331,654.862,790.772,27,3276,0,25,24,24,0,3276.7,0,80,13/12/2024 13:45
1998,0,11.8515,24.349,849.625,734.413,26,26,25,26,26,25,0,0.0329,790.523,8171.31,8171.31,734.413,3277,31,3276.7,29,29,30,30,118.515,0.0322,657.855,790.523,27,3276,0,25,24,24,0,3276.7,0,80,13/12/2024 13:45
1999,0,11.8515,24.349,849.625,734.413,26,26,25,26,26,25,0,0.0329,789.526,8171.31,8171.31,734.413,3277,31,3276.7,29,29,30,30,118.515,0.0322,653.865,789.526,27,3276,0,25,24,24,0,3276.7,0,80,13/12/2024 13:45
2000,0,11.8515,24.3453,849.625,733.915,26,26,25,26,26,25,0,0.0329,789.276,8171.31,8171.31,733.915,3277,31,3276.7,29,29,30,30,118.515,0.0322,656.608,789.276,27,3276,0,25,24,24,0,3276.7,0,80,13/12/2024 13:45
2001,0,11.8515,24.349,849.126,734.912,26,26,25,26,26,25,0,0.0329,789.276,8171.31,8171.31,734.912,3277,31,3276.7,29,29,30,30,118.515,0.0322,656.109,789.276,27,3276,0,25,24,24,0,3276.7,0,80,13/12/2024 13:45
2002,0,11.8515,24.3453,849.625,733.915,26,26,25,26,26,25,0,0.0329,789.526,8171.31,8171.31,733.915,3277,31,3276.7,29,29,30,30,118.515,0.0322,654.114,789.526,27,3276,0,25,24,24,0,3276.7,0,80,13/12/2024 13:45
2003,0,11.8515,24.349,849.625,733.665,26,26,25,26,26,25,0,0.0343,790.024,8171.31,8171.31,733.665,3277,31,3276.7,29,29,30,30,118.515,0.0325,658.603,790.024,27,3276,0,25,24,24,0,3276.7,0,80,13/12/2024 13:45
2004,0,11.8515,24.3417,849.126,733.416,26,26,25,26,26,25,0,0.0346,789.775,8171.31,8171.31,733.416,3277,31,3276.7,29,29,30,30,118.515,0.0325,653.366,789.775,27,3276,0,25,24,24,0,3276.7,0,80,13/12/2024 13:45
2005,0,11.8515,24.3417,849.625,733.915,26,26,25,26,26,25,0,0.0346,790.523,8171.31,8171.31,733.915,3277,31,3276.7,29,29,30,30,118.515,0.0326,657.356,790.523,27,3276,0,25,24,24,0,3276.7,0,80,13/12/2024 13:45
2006,0,11.8515,24.3453,849.625,733.915,26,26,25,26,26,25,0,0.0346,790.772,8171.31,8171.31,733.915,3277,31,3276.7,29,29,30,30,118.515,0.0323,656.608,790.772,27,3276,0,25,24,24,0,3276.7,0,80,13/12/2024 13:45
2007,0,11.8515,24.349,848.628,734.413,26,26,25,26,26,25,0,0.0346,789.526,8171.31,8171.31,734.413,3277,31,3276.7,29,29,30,30,118.515,0.0323,653.865,789.526,27,3276,0,25,24,24,0,3276.7,0,80,13/12/2024 13:45
2008,0,11.8515,24.3453,849.625,734.912,26,26,25,26,26,25,0,0.0346,790.024,8171.31,8171.31,734.912,3277,31,3276.7,29,29,30,30,118.515,0.0321,657.855,790.024,27,3276,0,25,24,24,0,3276.7,0,80,13/12/2024 13:45
2009,0,11.8515,24.3526,849.126,734.663,26,26,25,26,26,25,0,0.0346,788.777,8171.31,8171.31,734.663,3277,31,3276.7,29,29,30,30,118.515,0.0323,652.867,788.777,27,3276,0,25,24,24,0,3276.7,0,80,13/12/2024 13:45
2010,0,11.8515,24.3417,849.625,734.413,26,26,25,26,26,25,0,0.0346,789.526,8171.31,8171.31,734.413,3277,31,3276.7,29,29,30,30,118.515,0.0323,657.605,789.526,27,3276,0,25,24,24,0,3276.7,0,80,13/12/2024 13:45
2011,0,11.8515,24.3417,849.376,733.915,26,26,25,26,26,25,0,0.0346,790.523,8171.31,8171.31,733.915,3277,31,3276.7,29,29,30,30,118.515,0.0324,655.112,790.523,27,3276,0,25,24,24,0,3276.7,0,80,13/12/2024 13:45
2012,0,11.8515,24.3453,849.126,734.663,26,26,25,26,26,25,0,0.0346,789.526,8171.31,8171.31,734.663,3277,31,3276.7,29.1,29.1,30,30,118.515,0.0324,654.862,789.526,27,3276,0,25,24,24,0,3276.7,0,80,13/12/2024 13:45
2013,0,11.8515,24.3453,849.625,733.665,26,26,25,26,26,25,0,0.0346,791.022,8171.31,8171.31,733.665,3277,31,3276.7,29,29,30,30,118.515,0.0323,657.855,791.022,27,3276,0,25,24,24,0,3276.7,0,80,13/12/2024 13:45
2014,0,11.8515,24.3417,848.628,733.665,26,26,25,26,26,25,0,0.0346,790.772,8171.31,8171.31,733.665,3277,31,3276.7,29.1,29.1,30,30,118.515,0.0325,652.867,790.772,27,3276,0,25,24,24,0,3276.7,0,80,13/12/2024 13:45
2015,0,11.8515,24.3417,849.625,734.663,26,26,25,26,26,25,0,0.0346,791.022,8171.31,8171.31,734.663,3277,31,3276.7,29,29,30,30,118.515,0.0325,657.356,791.022,27,3276,0,25,24,24,0,3276.7,0,80,13/12/2024 13:45
2016,0,11.8515,24.349,849.376,734.413,26,26,25,26,26,25,0,0.0346,789.775,8171.31,8171.31,734.413,3277,31,3276.7,29,29,30,30,118.515,0.0311,655.112,789.775,27,3276,0,25,24,24,0,3276.7,0,80,13/12/2024 13:45
2017,0,11.8515,24.349,849.376,733.915,26,26,25,26,26,25,0,0.0346,790.024,8171.31,8171.31,733.915,3277,31,3276.7,29.1,29.1,30,30,118.515,0.0325,654.862,790.024,27,3276,0,25,24,24,0,3276.7,0,80,13/12/2024 13:45
2018,0,11.8515,24.3526,849.625,734.663,26,26,25,26,26,25,0,0.0346,789.775,8171.31,8171.31,734.663,3277,31,3276.7,29.1,29.1,30,30,118.515,0.0325,657.605,789.775,27,3276,0,25,24,24,0,3276.7,0,80,13/12/2024 13:45
2019,0,11.8515,24.2513,849.625,734.912,26,26,25,26,26,25,0,0.0346,790.024,8171.31,8171.31,734.912,3277,31,3276.7,29.1,29.1,30,30,118.515,0.0325,652.867,790.024,27,3276,0,25,24,24,0,3276.7,0,80,13/12/2024 13:45
2020,0,11.8515,24.2549,849.625,734.663,26,26,25,26,26,25,0,0.0346,790.523,8171.31,8171.31,734.663,3277,31,3276.7,29,29,30,30,118.515,0.0325,656.608,790.523,27,3276,0,25,24,24,0,3276.7,0,80,13/12/2024 13:45
2021,0,11.8515,24.3453,849.625,733.915,26,26,25,26,26,25,0,0.0346,790.772,8171.31,8171.31,733.915,3277,31,3276.7,29.1,29.1,30,30,118.515,0.0321,655.361,790.772,27,3276,0,25,24,24,0,3276.7,0,80,13/12/2024 13:45
2022,0,11.8515,24.349,849.126,733.665,26,26,25,26,26,25,0,0.0346,790.772,8171.31,8171.31,733.665,3277,31,3276.7,29.1,29.1,30,30,118.515,0.0325,655.361,790.772,27,3276,0,25,24,24,0,3276.7,0,80,13/12/2024 13:45
2023,0,11.8515,24.3453,849.126,733.915,26,26,25,26,26,25,0,0.0346,791.271,8171.31,8171.31,733.915,3277,31,3276.7,29.1,29.1,30,30,118.515,0.0325,657.855,791.271,27,3276,0,25,24,24,0,3276.7,0,80,13/12/2024 13:45
2024,0,11.8515,24.3453,849.625,734.663,26,26,25,26,26,25,0,0.0346,789.526,8171.31,8171.31,734.663,3277,31,3276.7,29.1,29.1,30,30,118.515,0.032,653.615,789.526,27,3276,0,25,24,24,0,3276.7,0,80,13/12/2024 13:45
2025,0,11.8515,24.3526,848.378,734.663,26,26,25,26,26,25,0,0.0346,789.276,8171.31,8171.31,734.663,3277,31,3276.7,29.1,29.1,30,30,118.515,0.0324,657.356,789.276,27,3276,0,25,24,24,0,3276.7,0,80,13/12/2024 13:45
2026,0,11.8515,24.3417,849.625,735.161,26,26,25,26,26,25,0,0.0346,789.526,8171.31,8171.31,735.161,3277,31,3276.7,29.1,29.1,30,30,118.515,0.0317,655.361,789.526,27,3276,0,25,24,24,0,3276.7,0,80,13/12/2024 13:45
2027,0,11.8515,24.3417,849.625,734.413,26,26,25,26,26,25,0,0.0346,789.775,8171.31,8171.31,734.413,3277,31,3276.7,29.1,29.1,30,30,118.515,0.0325,653.865,789.775,27,3276,0,25,24,24,0,3276.7,0,80,13/12/2024 13:46
2028,0,11.8515,24.349,849.126,734.413,26,26,25,26,26,25,0,0.0346,791.271,8171.31,8171.31,734.413,3277,31,3276.7,29.1,29.1,30,30,118.515,0.0325,658.354,791.271,27,3276,0,25,24,24,0,3276.7,0,80,13/12/2024 13:46
2029,0,11.8515,24.3417,849.126,733.915,26,26,25,26,26,25,0,0.0346,791.271,8171.31,8171.31,733.915,3277,31,3276.7,29.1,29.1,30,30,118.515,0.0321,653.615,791.271,27,3276,0,25,24,24,0,3276.7,0,80,13/12/2024 13:46
2030,0,11.8515,24.3526,849.875,733.665,26,26,25,26,26,25,0,0.0346,790.523,8171.31,8171.31,733.665,3277,31,3276.7,29.1,29.1,30,30,118.515,0.0323,657.605,790.523,27,3276,0,25,24,24,0,3276.7,0,80,13/12/2024 13:46
2031,0,11.8515,24.3345,849.625,734.413,26,26,25,26,26,25,0,0.0346,790.024,8171.31,8171.31,734.413,3277,31,3276.7,29.1,29.1,30,30,118.515,0.0323,654.114,790.024,27,3276,0,25,24,24,0,3276.7,0,80,13/12/2024 13:46
2032,0,11.8515,24.3453,849.126,734.413,26,26,25,26,26,25,0,0.0346,790.772,8171.31,8171.31,734.413,3277,31,3276.7,29.1,29.1,30,30,118.515,0.0326,654.862,790.772,27,3276,0,25,24,24,0,3276.7,0,80,13/12/2024 13:46
2033,0,11.8515,24.3453,849.625,734.912,26,26,25,26,26,25,0,0.0344,789.526,8171.31,8171.31,734.912,3277,31,3276.7,29.1,29.1,30,30,118.515,0.0323,657.855,789.526,27,3276,0,25,24,24,0,3276.7,0,80,13/12/2024 13:46
2034,0,11.8515,24.3453,849.625,734.413,26,26,25,26,26,25,0,0.0346,789.276,8171.31,8171.31,734.413,3277,31,3276.7,29.1,29.1,30,30,118.515,0.0321,652.867,789.276,27,3276,0,25,24,24,0,3276.7,0,80,13/12/2024 13:46
2035,0,11.8515,24.349,849.625,734.912,26,26,25,26,26,25,0,0.0346,790.024,8171.31,8171.31,734.912,3277,31,3276.7,29.1,29.1,30,30,118.515,0.0323,657.356,790.024,27,3276,0,25,24,24,0,3276.7,0,80,13/12/2024 13:46
2036,0,11.8515,24.349,849.625,734.663,26,26,25,26,26,25,0,0.0346,789.775,8171.31,8171.31,734.663,3277,31,3276.7,29.1,29.1,30,30,118.515,0.0323,653.615,789.775,27,3276,0,25,24,24,0,3276.7,0,80,13/12/2024 13:46
2037,0,11.8515,24.349,849.376,734.663,26,26,25,26,26,25,0,0.0346,789.775,8171.31,8171.31,734.663,3277,31,3276.7,29.1,29.1,30,30,118.515,0.0326,655.112,789.775,27,3276,0,25,24,24,0,3276.7,0,80,13/12/2024 13:46
2038,0,11.8515,24.3417,849.126,733.665,26,26,25,26,26,25,0,0.0346,790.523,8171.31,8171.31,733.665,3277,31,3276.7,29.1,29.1,30,30,118.515,0.0323,656.359,790.523,27,3276,0,25,24,24,0,3276.7,0,80,13/12/2024 13:46
2039,0,11.8515,24.3417,849.376,733.915,26,26,25,26,26,25,0,0.0346,790.772,8171.31,8171.31,733.915,3277,31,3276.7,29.1,29.1,30,30,118.515,0.0323,652.867,790.772,27,3276,0,25,24,24,0,3276.7,0,80,13/12/2024 13:46
2040,0,11.8515,24.349,849.625,734.413,26,26,25,26,26,25,0,0.0346,790.024,8171.31,8171.31,734.413,3277,31,3276.7,29.1,29.1,30,30,118.515,0.0323,657.356,790.024,27,3276,0,25,24,24,0,3276.7,0,80,13/12/2024 13:46
2041,0,11.8515,24.3526,849.875,734.663,26,26,25,26,26,25,0,0.0346,790.024,8171.31,8171.31,734.663,3277,31,3276.7,29.1,29.1,30,30,118.515,0.0324,653.865,790.024,27,3276,0,25,24,24,0,3276.7,0,80,13/12/2024 13:46
2042,0,11.8515,24.349,849.625,734.413,26,26,25,26,26,25,0,0.0346,789.276,8171.31,8171.31,734.413,3277,31,3276.7,29.1,29.1,30,30,118.515,0.0324,654.613,789.276,27,3276,0,25,24,24,0,3276.7,0,80,13/12/2024 13:46
2043,0,11.8515,24.3417,849.376,734.663,26,26,25,26,26,25,0,0.0346,789.526,8171.31,8171.31,734.663,3277,31,3276.7,29.1,29.1,30,30,118.515,0.0324,657.605,789.526,27,3276,0,25,24,24,0,3276.7,0,80,13/12/2024 13:46
2044,0,11.8515,24.349,849.625,733.665,26,26,25,26,26,25,0,0.0346,789.526,8171.31,8171.31,733.665,3277,31,3276.7,29.1,29.1,30,30,118.515,0.0324,652.618,789.526,27,3276,0,25,24,24,0,3276.7,0,80,13/12/2024 13:46
2045,0,11.8515,24.349,849.376,734.413,26,26,25,26,26,25,0,0.0346,790.523,8171.31,8171.31,734.413,3277,31,3276.7,29.1,29.1,30,30,118.515,0.0324,655.361,790.523,27,3276,0,25,24,24,0,3276.7,0,80,13/12/2024 13:46
2046,0,11.8515,24.3526,849.126,733.665,26,26,25,26,26,25,0,0.0346,790.024,8171.31,8171.31,733.665,3277,31,3276.7,29.1,29.1,30,30,118.515,0.0317,655.361,790.024,27,3276,0,25,24,24,0,3276.7,0,80,13/12/2024 13:46
2047,0,11.8515,24.3526,849.625,733.915,26,26,25,26,26,25,0,0.0346,790.523,8171.31,8171.31,733.915,3277,31,3276.7,29.1,29.1,30,30,118.515,0.0317,652.618,790.523,27,3276,0,25,24,24,0,3276.7,0,80,13/12/2024 13:46
2048,0,11.8515,24.3417,849.126,734.663,26,26,25,26,26,25,0,0.0346,789.526,8171.31,8171.31,734.663,3277,31,3276.7,29.1,29.1,30,30,118.515,0.0324,656.109,789.526,27,3276,0,25,24,24,0,3276.7,0,80,13/12/2024 13:46
2049,0,11.8515,24.3453,849.625,734.912,26,26,25,26,26,25,0,0.0346,789.775,8171.31,8171.31,734.912,3277,31,3276.7,29.1,29.1,30,30,118.515,0.0322,654.114,789.775,27,3276,0,25,24,24,0,3276.7,0,80,13/12/2024 13:46
2050,0,11.8515,24.3417,849.376,734.663,26,26,25,26,26,25,0,0.0346,789.526,8171.31,8171.31,734.663,3277,31,3276.7,29.1,29.1,30,30,118.515,0.0324,654.114,789.526,27,3276,0,25,24,24,0,3276.7,0,80,13/12/2024 13:46
2051,0,11.8515,24.3417,849.625,734.912,26,26,25,26,26,25,0,0.0346,790.772,8171.31,8171.31,734.912,3277,31,3276.7,29.1,29.1,30,30,118.515,0.0323,657.356,790.772,27,3276,0,25,24,24,0,3276.7,0,80,13/12/2024 13:46
2052,0,11.8515,24.349,849.625,734.663,26,26,25,26,26,25,0,0.0346,790.523,8171.31,8171.31,734.663,3277,31,3276.7,29.1,29.1,30,30,118.515,0.0323,653.615,790.523,27,3276,0,25,24,24,0,3276.7,0,80,13/12/2024 13:46
2053,0,11.8515,24.3453,849.376,734.663,26,26,25,26,26,25,0,0.0346,790.523,8171.31,8171.31,734.663,3277,31,3276.7,29.1,29.1,30,30,118.515,0.0325,655.361,790.523,27,3276,0,25,24,24,0,3276.7,0,80,13/12/2024 13:46
2054,0,11.8515,24.3526,849.625,734.413,26,26,25,26,26,25,0,0.0346,790.024,8171.31,8171.31,734.413,3277,31,3276.7,29.1,29.1,30,30,118.515,0.0323,655.86,790.024,27,3276,0,25,24,24,0,3276.7,0,80,13/12/2024 13:46
2055,0,11.8515,24.3453,849.126,733.915,26,26,25,26,26,25,0,0.0346,789.276,8171.31,8171.31,733.915,3277,31,3276.7,29.1,29.1,30,30,118.515,0.0323,652.618,789.276,27,3276,0,25,24,24,0,3276.7,0,80,13/12/2024 13:46
2056,0,11.8515,24.3453,849.376,733.915,26,26,25,26,26,25,0,0.0346,789.775,8171.31,8171.31,733.915,3277,31,3276.7,29.1,29.1,30,30,118.515,0.0314,655.361,789.775,27,3276,0,25,24,24,0,3276.7,0,80,13/12/2024 13:46
2057,0,11.8515,24.3417,849.625,734.413,26,26,25,26,26,25,0,0.0346,790.523,8171.31,8171.31,734.413,3277,31,3276.7,29.1,29.1,30,30,118.515,0.0327,656.608,790.523,27,3276,0,25,24,24,0,3276.7,0,80,13/12/2024 13:46
2058,0,11.8515,24.3417,849.625,733.665,26,26,25,26,26,25,0,0.0346,791.022,8171.31,8171.31,733.665,3277,31,3276.7,29.1,29.1,30,30,118.515,0.0321,652.119,791.022,27,3276,0,25,24,24,0,3276.7,0,80,13/12/2024 13:46
2059,0,11.8515,24.3417,849.376,734.912,26,26,25,26,26,25,0,0.0346,790.523,8171.31,8171.31,734.912,3277,31,3276.7,29.1,29.1,30,30,118.515,0.0321,655.361,790.523,27,3276,0,25,24,24,0,3276.7,0,80,13/12/2024 13:46
2060,0,11.8515,24.3453,849.875,733.915,26,26,25,26,26,25,0,0.0346,789.526,8171.31,8171.31,733.915,3277,31,3276.7,29.1,29.1,30,30,118.515,0.0321,656.608,789.526,27,3276,0,25,24,24,0,3276.7,0,80,13/12/2024 13:46
2061,0,11.8515,24.3526,849.875,734.663,26,26,25,26,26,25,0,0.0346,789.775,8171.31,8171.31,734.663,3277,31,3276.7,29.1,29.1,30,30,118.515,0.0322,652.368,789.775,27,3276,0,25,24,24,0,3276.7,0,80,13/12/2024 13:46
2062,0,11.8515,24.3453,849.376,733.665,26,26,25,26,26,25,0,0.0346,790.024,8171.31,8171.31,733.665,3277,31,3276.7,29.1,29.1,30,30,118.515,0.0322,654.862,790.024,27,3276,0,25,24,24,0,3276.7,0,80,13/12/2024 13:46
2063,0,11.8515,24.3453,849.625,734.912,26,26,25,26,26,25,0,0.034,790.772,8171.31,8171.31,734.912,3277,31,3276.7,29.1,29.1,30,30,118.515,0.0322,654.862,790.772,27,3276,0,25,24,24,0,3276.7,0,80,13/12/2024 13:46
2064,0,11.8515,24.3345,849.875,734.413,26,26,25,26,26,25,0,0.0343,791.022,8171.31,8171.31,734.413,3277,31,3276.7,29.1,29.1,30,30,118.515,0.032,652.618,791.022,27,3276,0,25,24,24,0,3276.7,0,80,13/12/2024 13:46
2065,0,11.8515,24.3453,849.376,735.161,26,26,25,26,26,25,0,0.0343,790.772,8171.31,8171.31,735.161,3277,31,3276.7,29.1,29.1,30,30,118.515,0.0326,656.109,790.772,27,3276,0,25,24,24,0,3276.7,0,80,13/12/2024 13:46
2066,0,11.8515,24.3453,849.625,734.413,26,26,25,26,26,25,0,0.0343,789.276,8171.31,8171.31,734.413,3277,31,3276.7,29.1,29.1,30,30,118.515,0.0326,654.114,789.276,27,3276,0,25,24,24,0,3276.7,0,80,13/12/2024 13:46
2067,0,11.8515,24.349,849.126,734.413,26,26,25,26,26,25,0,0.0343,789.526,8171.31,8171.31,734.413,3277,31,3276.7,29.1,29.1,30,30,118.515,0.0325,652.368,789.526,27,3276,0,25,24,24,0,3276.7,0,80,13/12/2024 13:46
2068,0,11.8515,24.3453,849.625,733.915,26,26,25,26,26,25,0,0.0343,790.024,8171.31,8171.31,733.915,3277,31,3276.7,29.1,29.1,30,30,118.515,0.0325,655.112,790.024,27,3276,0,25,24,24,0,3276.7,0,80,13/12/2024 13:46
2069,0,11.8515,24.3453,849.625,734.663,26,26,25,26,26,25,0,0.0343,791.77,8171.31,8171.31,734.663,3277,31,3276.7,29.1,29.1,30,30,118.515,0.0321,653.615,791.77,27,3276,0,25,24,24,0,3276.7,0,80,13/12/2024 13:46
2070,0,11.8515,24.349,849.875,734.663,26,26,25,26,26,25,0,0.0343,791.271,8171.31,8171.31,734.663,3277,31,3276.7,29.1,29.1,30,30,118.515,0.0326,652.618,791.271,27,3276,0,25,24,24,0,3276.7,0,80,13/12/2024 13:46
2071,0,11.8515,24.3417,849.625,734.413,26,26,25,26,26,25,0,0.0343,789.775,8171.31,8171.31,734.413,3277,31,3276.7,29.1,29.1,30,30,118.515,0.0326,655.86,789.775,27,3276,0,25,24,24,0,3276.7,0,80,13/12/2024 13:46
2072,0,11.8515,24.3345,849.625,734.663,26,26,25,26,26,25,0,0.0343,789.775,8171.31,8171.31,734.663,3277,31,3276.7,29.1,29.1,30,30,118.515,0.0324,652.867,789.775,27,3276,0,25,24,24,0,3276.7,0,80,13/12/2024 13:46
2073,0,11.8515,24.3345,849.625,734.663,26,26,25,26,26,25,0,0.0343,789.775,8171.31,8171.31,734.663,3277,31,3276.7,29.1,29.1,30,30,118.515,0.0324,652.618,789.775,27,3276,0,25,24,24,0,3276.7,0,80,13/12/2024 13:46
2074,0,11.8515,24.3345,849.376,735.161,26,26,25,26,26,25,0,0.0343,790.772,8171.31,8171.31,735.161,3277,31,3276.7,29.1,29.1,30,30,118.515,0.0322,655.361,790.772,27,3276,0,25,24,24,0,3276.7,0,80,13/12/2024 13:46
2075,0,11.8515,24.3453,849.126,734.663,26,26,25,26,26,25,0,0.0343,791.022,8171.31,8171.31,734.663,3277,31,3276.7,29.1,29.1,30,30,118.515,0.0322,652.867,791.022,27,3276,0,25,24,24,0,3276.7,0,80,13/12/2024 13:46
2076,0,11.8515,24.3417,849.126,734.413,26,26,25,26,26,25,0,0.0343,790.772,8171.31,8171.31,734.413,3277,31,3276.7,29.1,29.1,30,30,118.515,0.0322,652.867,790.772,27,3276,0,25,24,24,0,3276.7,0,80,13/12/2024 13:46
2077,0,11.8515,24.349,849.126,734.912,26,26,25,26,26,25,0,0.0343,789.276,8171.31,8171.31,734.912,3277,31,3276.7,29.1,29.1,30,30,118.515,0.0326,654.613,789.276,27,3276,0,25,24,24,0,3276.7,0,80,13/12/2024 13:46
2078,0,11.8515,24.3453,849.625,734.663,26,26,25,26,26,25,0,0.0343,789.276,8171.31,8171.31,734.663,3277,31,3276.7,29.1,29.1,30,30,118.515,0.0326,652.867,789.276,27,3276,0,25,24,24,0,3276.7,0,80,13/12/2024 13:46
2079,0,11.8515,24.349,849.875,734.663,26,26,25,26,26,25,0,0.0343,790.523,8171.31,8171.31,734.663,3277,31,3276.7,29.1,29.1,30,30,118.515,0.0326,652.867,790.523,27,3276,0,25,24,24,0,3276.7,0,80,13/12/2024 13:46
2080,0,11.8515,24.3453,849.625,734.912,26,26,25,26,26,25,0,0.0343,791.022,8171.31,8171.31,734.912,3277,31,3276.7,29.1,29.1,30,30,118.515,0.0323,656.359,791.022,27,3276,0,25,24,24,0,3276.7,0,80,13/12/2024 13:46
2081,0,11.8515,24.3417,849.625,734.912,26,26,25,26,26,25,0,0.0343,790.772,8171.31,8171.31,734.912,3277,31,3276.7,29.1,29.1,30,30,118.515,0.0321,652.618,790.772,27,3276,0,25,24,24,0,3276.7,0,80,13/12/2024 13:46
2082,0,11.8515,24.3453,849.376,734.413,26,26,25,26,26,25,0,0.0343,789.775,8171.31,8171.31,734.413,3277,31,3276.7,29.1,29.1,30,30,118.515,0.0324,652.867,789.775,27,3276,0,25,24,24,0,3276.7,0,80,13/12/2024 13:46
2083,0,11.8515,24.3345,849.376,734.912,26,26,25,26,26,25,0,0.0343,789.775,8171.31,8171.31,734.912,3277,31,3276.7,29.1,29.1,30,30,118.515,0.0324,654.862,789.775,27,3276,0,25,24,24,0,3276.7,0,80,13/12/2024 13:46
2084,0,11.8515,24.3453,849.376,735.161,26,26,25,26,26,25,0,0.0343,790.024,8171.31,8171.31,735.161,3277,31,3276.7,29.1,29.1,30,30,118.515,0.0324,652.368,790.024,27,3276,0,25,24,24,0,3276.7,0,80,13/12/2024 13:46
2085,0,11.8515,24.3526,849.625,734.413,26,26,25,26,26,25,0,0.0343,791.022,8171.31,8171.31,734.413,3277,31,3276.7,29.1,29.1,30,30,118.515,0.0324,651.371,791.022,27,3276,0,25,24,24,0,3276.7,0,80,13/12/2024 13:46
2086,0,11.8515,24.3526,849.126,733.915,26,26,25,26,26,25,0,0.0343,790.024,8171.31,8171.31,733.915,3277,31,3276.7,29.1,29.1,30,30,118.515,0.0315,655.112,790.024,27,3276,0,25,24,24,0,3276.7,0,80,13/12/2024 13:46
2087,0,11.8515,24.349,849.376,734.413,26,26,25,26,26,25,0,0.0343,789.276,8171.31,8171.31,734.413,3277,31,3276.7,29.1,29.1,30,30,118.515,0.0315,652.867,789.276,27,3276,0,25,24,24,0,3276.7,0,80,13/12/2024 13:47
2088,0,11.8515,24.3417,849.376,734.663,26,26,25,26,26,25,0,0.0343,789.526,8171.31,8171.31,734.663,3277,31,3276.7,29.1,29.1,30,30,118.515,0.0324,652.867,789.526,27,3276,0,25,24,24,0,3276.7,0,80,13/12/2024 13:47
2089,0,11.8515,24.3417,849.625,733.416,26,26,25,26,26,25,0,0.0343,789.775,8171.31,8171.31,733.416,3277,31,3276.7,29.1,29.1,30,30,118.515,0.0323,656.109,789.775,27,3276,0,25,24,24,0,3276.7,0,80,13/12/2024 13:47
2090,0,11.8515,24.3526,849.376,734.912,26,26,25,26,26,25,0,0.0343,791.022,8171.31,8171.31,734.912,3277,31,3276.7,29.1,29.1,30,30,118.515,0.0323,652.867,791.022,27,3276,0,25,24,24,0,3276.7,0,80,13/12/2024 13:47
2091,0,11.8515,24.3453,849.625,733.915,26,26,25,26,26,25,0,0.0343,790.772,8171.31,8171.31,733.915,3277,31,3276.7,29.1,29.1,30,30,118.515,0.0326,652.867,790.772,27,3276,0,25,24,24,0,3276.7,0,80,13/12/2024 13:47
2092,0,11.8515,24.3453,849.625,735.161,26,26,25,26,26,25,0,0.0343,790.523,8171.31,8171.31,735.161,3277,31,3276.7,29.1,29.1,30,30,118.515,0.0326,655.361,790.523,27,3276,0,25,24,24,0,3276.7,0,80,13/12/2024 13:47
2093,0,11.8515,24.349,849.875,734.912,26,26,25,26,26,25,0,0.0343,790.024,8171.31,8171.31,734.912,3277,31,3276.7,29.1,29.1,30,30,118.515,0.0323,651.371,790.024,27,3276,0,25,24,24,0,3276.7,0,80,13/12/2024 13:47
2094,0,11.8515,24.349,849.875,734.663,26,26,25,26,26,25,0,0.0343,789.526,8171.31,8171.31,734.663,3277,31,3276.7,29.1,29.1,30,30,118.515,0.0324,653.615,789.526,27,3276,0,25,24,24,0,3276.7,0,80,13/12/2024 13:47
2095,0,11.8515,24.349,849.625,734.663,26,26,25,26,26,25,0,0.0343,789.775,8171.31,8171.31,734.663,3277,31,3276.7,29.1,29.1,30,30,118.515,0.0324,653.366,789.775,27,3276,0,25,24,24,0,3276.7,0,80,13/12/2024 13:47
2096,0,11.8515,24.349,849.625,733.915,26,26,25,26,26,25,0,0.0343,790.024,8171.31,8171.31,733.915,3277,31,3276.7,29.1,29.1,30,30,118.515,0.0319,651.62,790.024,27,3276,0,25,24,24,0,3276.7,0,80,13/12/2024 13:47
2097,0,11.8515,24.3345,849.625,733.416,26,26,25,26,26,25,0,0.0343,790.523,8171.31,8171.31,733.416,3277,31,3276.7,29.1,29.1,30,30,118.515,0.0324,655.86,790.523,27,3276,0,25,24,24,0,3276.7,0,80,13/12/2024 13:47
2098,0,11.8515,24.3453,849.376,735.161,26,26,25,26,26,25,0,0.0343,791.022,8171.31,8171.31,735.161,3277,31,3276.7,29.1,29.1,30,30,118.515,0.0323,652.119,791.022,27,3276,0,25,24,24,0,3276.7,0,80,13/12/2024 13:47
2099,0,11.8515,24.3526,849.625,734.413,26,26,25,26,26,25,0,0.0343,790.772,8171.31,8171.31,734.413,3277,31,3276.7,29.1,29.1,30,30,118.515,0.0323,653.615,790.772,27,3276,0,25,24,24,0,3276.7,0,80,13/12/2024 13:47
2100,0,11.8515,24.3417,849.126,734.413,26,26,25,26,26,25,0,0.0343,790.024,8171.31,8171.31,734.413,3277,31,3276.7,29.1,29.1,30,30,118.515,0.0323,654.862,790.024,27,3276,0,25,24,24,0,3276.7,0,80,13/12/2024 13:47
2101,0,11.8515,24.3417,849.625,734.413,26,26,25,26,26,25,0,0.0343,789.526,8171.31,8171.31,734.413,3277,31,3276.7,29.1,29.1,30,30,118.515,0.0323,652.119,789.526,27,3276,0,25,24,24,0,3276.7,0,80,13/12/2024 13:47
2102,0,11.8515,24.3453,849.625,733.665,26,26,25,26,26,25,0,0.0343,788.777,8171.31,8171.31,733.665,3277,31,3276.7,29.1,29.1,30,30,118.515,0.0323,656.608,788.777,27,3276,0,25,24,24,0,3276.7,0,80,13/12/2024 13:47
2103,0,11.8515,24.349,849.376,734.413,26,26,25,26,26,25,0,0.0343,790.523,8171.31,8171.31,734.413,3277,31,3276.7,29.1,29.1,30,30,118.515,0.0323,652.867,790.523,27,3276,0,25,24,24,0,3276.7,0,80,13/12/2024 13:47
2104,0,11.8515,24.349,849.625,734.663,26,26,25,26,26,25,0,0.0343,790.772,8171.31,8171.31,734.663,3277,31,3276.7,29.1,29.1,30,30,118.515,0.0323,652.867,790.772,27,3276,0,25,24,24,0,3276.7,0,80,13/12/2024 13:47
2105,0,11.8515,24.349,849.625,735.161,26,26,25,26,26,25,0,0.0343,791.271,8171.31,8171.31,735.161,3277,31,3276.7,29.1,29.1,30,30,118.515,0.0325,655.112,791.271,27,3276,0,25,24,24,0,3276.7,0,80,13/12/2024 13:47
2106,0,11.8515,24.349,849.376,734.663,26,26,25,26,26,25,0,0.0343,790.523,8171.31,8171.31,734.663,3277,31,3276.7,29.1,29.1,30,30,118.515,0.0317,652.119,790.523,27,3276,0,25,24,24,0,3276.7,0,80,13/12/2024 13:47
2107,0,11.8515,24.349,849.625,733.665,26,26,25,26,26,25,0,0.0343,790.523,8171.31,8171.31,733.665,3277,31,3276.7,29.1,29.1,30,30,118.515,0.0325,654.114,790.523,27,3276,0,25,24,24,0,3276.7,0,80,13/12/2024 13:47
2108,0,11.8515,24.349,849.126,734.912,26,26,25,26,26,25,0,0.0343,788.777,8171.31,8171.31,734.912,3277,31,3276.7,29.1,29.1,30,30,118.515,0.0325,656.359,788.777,27,3276,0,25,24,24,0,3276.7,0,80,13/12/2024 13:47
2109,0,11.8515,24.3345,849.376,734.413,26,26,25,26,26,25,0,0.0343,789.775,8171.31,8171.31,734.413,3277,31,3276.7,29.1,29.1,30,30,118.515,0.0326,651.62,789.775,27,3276,0,25,24,24,0,3276.7,0,80,13/12/2024 13:47
2110,0,11.8515,24.3453,849.625,733.915,26,26,25,26,26,25,0,0.0343,789.775,8171.31,8171.31,733.915,3277,31,3276.7,29.1,29.1,30,30,118.515,0.0324,655.361,789.775,27,3276,0,25,24,24,0,3276.7,0,80,13/12/2024 13:47
2111,0,11.8515,24.3453,849.376,733.915,26,26,25,26,26,25,0,0.0343,790.523,8171.31,8171.31,733.915,3277,31,3276.7,29.1,29.1,30,30,118.515,0.0324,653.865,790.523,27,3276,0,25,24,24,0,3276.7,0,80,13/12/2024 13:47
2112,0,11.8515,24.3526,849.376,735.161,26,26,25,26,26,25,0,0.0343,791.022,8171.31,8171.31,735.161,3277,31,3276.7,29.1,29.1,30,30,118.515,0.0324,651.62,791.022,27,3276,0,25,24,24,0,3276.7,0,80,13/12/2024 13:47
2113,0,11.8515,24.349,849.625,733.915,26,26,25,26,26,25,0,0.0343,789.526,8171.31,8171.31,733.915,3277,31,3276.7,29.1,29.1,30,30,118.515,0.0324,655.361,789.526,27,3276,0,25,24,24,0,3276.7,0,80,13/12/2024 13:47
2114,0,11.8515,24.3345,849.376,733.915,26,26,25,26,26,25,0,0.0343,789.526,8171.31,8171.31,733.915,3277,31,3276.7,29.1,29.1,30,30,118.515,0.0324,653.615,789.526,27,3276,0,25,24,24,0,3276.7,0,80,13/12/2024 13:47
2115,0,11.8515,24.3417,849.376,734.663,26,26,25,26,26,25,0,0.0343,789.276,8171.31,8171.31,734.663,3277,31,3276.7,29.1,29.1,30,30,118.515,0.0324,652.368,789.276,27,3276,0,25,24,24,0,3276.7,0,80,13/12/2024 13:47
2116,0,11.8515,24.3526,849.625,734.912,26,26,25,26,26,25,0,0.0343,789.276,8171.31,8171.31,734.912,3277,31,3276.7,29.1,29.1,30,30,118.515,0.0324,656.109,789.276,27,3276,0,25,24,24,0,3276.7,0,80,13/12/2024 13:47
2117,0,11.8515,24.3526,849.126,734.663,26,26,25,26,26,25,0,0.0343,790.772,8171.31,8171.31,734.663,3277,31,3276.7,29.1,29.1,30,30,118.515,0.0331,653.366,790.772,27,3276,0,25,24,24,0,3276.7,0,80,13/12/2024 13:47
2118,0,11.8515,24.349,849.625,733.665,26,26,25,26,26,25,0,0.0343,791.022,8171.31,8171.31,733.665,3277,31,3276.7,29.1,29.1,30,30,118.515,0.0324,653.615,791.022,27,3276,0,25,24,24,0,3276.7,0,80,13/12/2024 13:47
2119,0,11.8515,24.3453,849.376,734.663,26,26,25,26,26,25,0,0.0343,790.523,8171.31,8171.31,734.663,3277,31,3276.7,29.1,29.1,30,30,118.515,0.0324,656.109,790.523,27,3276,0,25,24,24,0,3276.7,0,80,13/12/2024 13:47
2120,0,11.8515,24.349,849.376,733.915,26,26,25,26,26,25,0,0.0343,789.526,8171.31,8171.31,733.915,3277,31,3276.7,29.1,29.1,30,30,118.515,0.032,651.62,789.526,27,3276,0,25,24,24,0,3276.7,0,80,13/12/2024 13:47
2121,0,11.8515,24.3453,849.625,734.663,26,26,25,26,26,25,0,0.0343,790.523,8171.31,8171.31,734.663,3277,31,3276.7,29.1,29.1,30,30,118.515,0.0325,654.613,790.523,27,3276,0,25,24,24,0,3276.7,0,80,13/12/2024 13:47
2122,0,11.8515,24.349,849.625,734.912,26,26,25,26,26,25,0,0.0343,790.024,8171.31,8171.31,734.912,3277,31,3276.7,29.1,29.1,30,30,118.515,0.0323,655.112,790.024,27,3276,0,25,24,24,0,3276.7,0,80,13/12/2024 13:47
2123,0,11.8515,24.3417,849.875,734.663,26,26,25,26,26,25,0,0.0338,790.772,8171.31,8171.31,734.663,3277,31,3276.7,29.1,29.1,30,30,118.515,0.0324,650.872,790.772,27,3276,0,25,24,24,0,3276.7,0,80,13/12/2024 13:47
2124,0,11.8515,24.3453,849.376,734.663,26,26,25,26,26,25,0,0.0342,790.772,8171.31,8171.31,734.663,3277,31,3276.7,29.1,29.1,30,30,118.515,0.0324,655.361,790.772,27,3276,0,25,24,24,0,3276.7,0,80,13/12/2024 13:47
2125,0,11.8515,24.3417,849.376,734.663,26,26,25,26,26,25,0,0.0342,791.022,8171.31,8171.31,734.663,3277,31,3276.7,29.1,29.1,30,30,118.515,0.0321,652.119,791.022,27,3276,0,25,24,24,0,3276.7,0,80,13/12/2024 13:47
2126,0,11.8515,24.3526,849.376,734.413,26,26,25,26,26,25,0,0.0342,790.024,8171.31,8171.31,734.413,3277,31,3276.7,29.1,29.1,30,30,118.515,0.0332,652.618,790.024,27,3276,0,25,24,24,0,3276.7,0,80,13/12/2024 13:47
2127,0,11.8515,24.349,849.625,733.665,26,26,25,26,26,25,0,0.0342,789.775,8171.31,8171.31,733.665,3277,31,3276.7,29.1,29.1,30,30,118.515,0.0332,655.86,789.775,27,3276,0,25,24,24,0,3276.7,0,80,13/12/2024 13:47
2128,0,11.8515,24.3453,849.625,734.413,26,26,25,26,26,25,0,0.0342,790.024,8171.31,8171.31,734.413,3277,31,3276.7,29.1,29.1,30,30,118.515,0.0324,652.119,790.024,27,3276,0,25,24,24,0,3276.7,0,80,13/12/2024 13:47
2129,0,11.8515,24.349,849.625,733.915,26,26,25,26,26,25,0,0.0342,790.024,8171.31,8171.31,733.915,3277,31,3276.7,29.1,29.1,30,30,118.515,0.0322,655.112,790.024,27,3276,0,25,24,24,0,3276.7,0,80,13/12/2024 13:47
2130,0,11.8515,24.3453,849.625,734.663,26,26,25,26,26,25,0,0.0342,790.523,8171.31,8171.31,734.663,3277,31,3276.7,29.1,29.1,30,30,118.515,0.0319,653.615,790.523,27,3276,0,25,24,24,0,3276.7,0,80,13/12/2024 13:47
2131,0,11.8515,24.3345,849.625,733.416,26,26,25,26,26,25,0,0.0342,791.77,8171.31,8171.31,733.416,3277,31,3276.7,29.1,29.1,30,30,118.515,0.0325,652.119,791.77,27,3276,0,25,24,24,0,3276.7,0,80,13/12/2024 13:47
2132,0,11.8515,24.349,849.625,733.665,26,26,25,26,26,25,0,0.0342,790.772,8171.31,8171.31,733.665,3277,31,3276.7,29.1,29.1,30,30,118.515,0.0325,655.361,790.772,27,3276,0,25,24,24,0,3276.7,0,80,13/12/2024 13:47
2133,0,11.8515,24.3417,849.376,734.663,26,26,25,26,26,25,0,0.0342,791.271,8171.31,8171.31,734.663,3277,31,3276.7,29.1,29.1,30,30,118.515,0.0326,651.62,791.271,27,3276,0,25,24,24,0,3276.7,0,80,13/12/2024 13:47
2134,0,11.8515,24.349,849.625,734.663,26,26,25,26,26,25,0,0.0342,790.523,8171.31,8171.31,734.663,3277,31,3276.7,29.1,29.1,30,30,118.515,0.0323,654.862,790.523,27,3276,0,25,24,24,0,3276.7,0,80,13/12/2024 13:47
2135,0,11.8515,24.349,849.625,734.413,26,26,25,26,26,25,0,0.0342,790.024,8171.31,8171.31,734.413,3277,31,3276.7,29.1,29.1,30,30,118.515,0.0323,652.867,790.024,27,3276,0,25,24,24,0,3276.7,0,80,13/12/2024 13:47
2136,0,11.8515,24.3345,849.625,734.912,26,26,25,26,26,25,0,0.0342,789.775,8171.31,8171.31,734.912,3277,31,3276.7,29.1,29.1,30,30,118.515,0.0317,652.368,789.775,27,3276,0,25,24,24,0,3276.7,0,80,13/12/2024 13:47
2137,0,11.8515,24.3417,849.625,734.663,26,26,25,26,26,25,0,0.0342,789.775,8171.31,8171.31,734.663,3277,31,3276.7,29.1,29.1,30,30,118.515,0.0317,655.361,789.775,27,3276,0,25,24,24,0,3276.7,0,80,13/12/2024 13:47
2138,0,11.8515,24.349,849.376,734.912,26,26,25,26,26,25,0,0.0342,790.024,8171.31,8171.31,734.912,3277,31,3276.7,29.1,29.1,30,30,118.515,0.0324,650.872,790.024,27,3276,0,25,24,24,0,3276.7,0,80,13/12/2024 13:47
2139,0,11.8515,24.3417,849.625,733.665,26,26,25,26,26,25,0,0.0342,790.772,8171.31,8171.31,733.665,3277,31,3276.7,29.1,29.1,30,30,118.515,0.0324,655.361,790.772,27,3276,0,25,24,24,0,3276.7,0,80,13/12/2024 13:47
2140,0,11.8515,24.3453,849.625,734.413,26,26,25,26,26,25,0,0.0342,791.271,8171.31,8171.31,734.413,3277,31,3276.7,29.1,29.1,30,30,118.515,0.0324,652.119,791.271,27,3276,0,25,24,24,0,3276.7,0,80,13/12/2024 13:47
2141,0,11.8515,24.3598,849.376,733.915,26,26,25,26,26,25,0,0.0342,791.022,8171.31,8171.31,733.915,3277,31,3276.7,29.1,29.1,30,30,118.515,0.0327,652.618,791.022,27,3276,0,25,24,24,0,3276.7,0,80,13/12/2024 13:47
2142,0,11.8515,24.3453,849.625,734.663,26,26,25,26,26,25,0,0.0342,790.523,8171.31,8171.31,734.663,3277,31,3276.7,29.1,29.1,30,30,118.515,0.0327,654.862,790.523,27,3276,0,25,24,24,0,3276.7,0,80,13/12/2024 13:47
2143,0,11.8515,24.3453,849.376,734.413,26,26,25,26,26,25,0,0.0342,790.024,8171.31,8171.31,734.413,3277,31,3276.7,29.1,29.1,30,30,118.515,0.0327,652.368,790.024,27,3276,0,25,24,24,0,3276.7,0,80,13/12/2024 13:47
2144,0,11.8515,24.349,849.625,734.663,26,26,25,26,26,25,0,0.0342,789.775,8171.31,8171.31,734.663,3277,31,3276.7,29.1,29.1,30,30,118.515,0.0323,655.86,789.775,27,3276,0,25,24,24,0,3276.7,0,80,13/12/2024 13:47
2145,0,11.8515,24.3453,849.625,734.413,26,26,25,26,26,25,0,0.0342,789.775,8171.31,8171.31,734.413,3277,31,3276.7,29.1,29.1,30,30,118.515,0.0323,652.618,789.775,27,3276,0,25,24,24,0,3276.7,0,80,13/12/2024 13:47
2146,0,11.8515,24.3417,849.625,734.413,26,26,25,26,26,25,0,0.0342,789.775,8171.31,8171.31,734.413,3277,31,3276.7,29.1,29.1,30,30,118.515,0.0318,655.112,789.775,27,3276,0,25,24,24,0,3276.7,0,80,13/12/2024 13:47
2147,0,11.8515,24.3345,849.625,734.663,26,26,25,26,26,25,0,0.0342,790.523,8171.31,8171.31,734.663,3277,31,3276.7,29.1,29.1,30,30,118.515,0.0323,654.114,790.523,27,3276,0,25,24,24,0,3276.7,0,80,13/12/2024 13:48
2148,0,11.8515,24.3453,849.625,734.413,26,26,25,26,26,25,0,0.0342,790.024,8171.31,8171.31,734.413,3277,31,3276.7,29.1,29.1,30,30,118.515,0.0323,652.119,790.024,27,3276,0,25,24,24,0,3276.7,0,80,13/12/2024 13:48
2149,0,11.8515,24.349,849.625,734.663,26,26,25,26,26,25,0,0.0342,790.024,8171.31,8171.31,734.663,3277,31,3276.7,29.1,29.1,30,30,118.515,0.0323,655.361,790.024,27,3276,0,25,24,24,0,3276.7,0,80,13/12/2024 13:48
2150,0,11.8515,24.3526,850.373,734.663,26,26,25,26,26,25,0,0.0342,791.022,8171.31,8171.31,734.663,3277,31,3276.7,29.1,29.1,30,30,118.515,0.0319,651.62,791.022,27,3276,0,25,24,24,0,3276.7,0,80,13/12/2024 13:48
2151,0,11.8515,24.3526,849.625,733.665,26,26,25,26,26,25,0,0.0342,790.772,8171.31,8171.31,733.665,3277,31,3276.7,29.1,29.1,30,30,118.515,0.0319,656.109,790.772,27,3276,0,25,24,24,0,3276.7,0,80,13/12/2024 13:48
2152,0,11.8515,24.3453,849.875,734.413,26,26,25,26,26,25,0,0.0342,790.523,8171.31,8171.31,734.413,3277,31,3276.7,29.1,29.1,30,30,118.515,0.0324,652.368,790.523,27,3276,0,25,24,24,0,3276.7,0,80,13/12/2024 13:48
2153,0,11.8515,24.349,849.625,734.413,26,26,25,26,26,25,0,0.0336,790.523,8171.31,8171.31,734.413,3277,31,3276.7,29.1,29.1,30,30,118.515,0.0322,655.361,790.523,27,3276,0,25,24,24,0,3276.7,0,80,13/12/2024 13:48
2154,0,11.8515,24.349,849.625,734.663,26,26,25,26,26,25,0,0.0342,790.024,8171.31,8171.31,734.663,3277,31,3276.7,29.1,29.1,30,30,118.515,0.0324,655.112,790.024,27,3276,0,25,24,24,0,3276.7,0,80,13/12/2024 13:48
2155,0,11.8515,24.3417,849.126,733.915,26,26,25,26,26,25,0,0.0342,789.526,8171.31,8171.31,733.915,3277,31,3276.7,29.1,29.1,30,30,118.515,0.0324,652.867,789.526,27,3276,0,25,24,24,0,3276.7,0,80,13/12/2024 13:48
2156,0,11.8515,24.3345,849.625,734.663,26,26,25,26,26,25,0,0.0342,789.775,8171.31,8171.31,734.663,3277,31,3276.7,29.1,29.1,30,30,118.515,0.0324,657.356,789.775,27,3276,0,25,24,24,0,3276.7,0,80,13/12/2024 13:48
2157,0,11.8515,24.349,849.625,734.413,26,26,25,26,26,25,0,0.0342,789.276,8171.31,8171.31,734.413,3277,31,3276.7,29.1,29.1,30,30,118.515,0.0324,651.62,789.276,27,3276,0,25,24,24,0,3276.7,0,80,13/12/2024 13:48
2158,0,11.8515,24.3453,849.625,733.665,26,26,25,26,26,25,0,0.0342,790.024,8171.31,8171.31,733.665,3277,31,3276.7,29.1,29.1,30,30,118.515,0.0324,655.86,790.024,27,3276,0,25,24,24,0,3276.7,0,80,13/12/2024 13:48
2159,0,11.8515,24.3526,849.625,733.915,26,26,25,26,26,25,0,0.0342,790.024,8171.31,8171.31,733.915,3277,31,3276.7,29.1,29.1,30,30,118.515,0.0324,651.371,790.024,27,3276,0,25,24,24,0,3276.7,0,80,13/12/2024 13:48
2160,0,11.8515,24.349,849.625,733.915,26,26,25,26,26,25,0,0.0342,791.271,8171.31,8171.31,733.915,3277,31,3276.7,29.1,29.1,30,30,118.515,0.0322,655.112,791.271,27,3276,0,25,24,24,0,3276.7,0,80,13/12/2024 13:48
2161,0,11.8515,24.3417,849.625,734.912,26,26,25,26,26,25,0,0.0342,791.77,8171.31,8171.31,734.912,3277,31,3276.7,29.1,29.1,30,30,118.515,0.0322,652.867,791.77,27,3276,0,25,24,24,0,3276.7,0,80,13/12/2024 13:48
2162,0,11.8515,24.3453,849.625,734.413,26,26,25,26,26,25,0,0.0342,791.022,8171.31,8171.31,734.413,3277,31,3276.7,29.1,29.1,30,30,118.515,0.0322,654.862,791.022,27,3276,0,25,24,24,0,3276.7,0,80,13/12/2024 13:48
2163,0,11.8515,24.3453,849.625,734.413,26,26,25,26,26,25,0,0.0342,791.022,8171.31,8171.31,734.413,3277,31,3276.7,29.1,29.1,30,30,118.515,0.0321,654.862,791.022,27,3276,0,25,24,24,0,3276.7,0,80,13/12/2024 13:48
2164,0,11.8515,24.3453,849.625,734.663,26,26,25,26,26,25,0,0.0342,790.772,8171.31,8171.31,734.663,3277,31,3276.7,29.1,29.1,30,30,118.515,0.0321,652.867,790.772,27,3276,0,25,24,24,0,3276.7,0,80,13/12/2024 13:48
2165,0,11.8515,24.3417,849.625,734.912,26,26,25,26,26,25,0,0.0342,790.024,8171.31,8171.31,734.912,3277,31,3276.7,29.1,29.1,30,30,118.515,0.0321,656.608,790.024,27,3276,0,25,24,24,0,3276.7,0,80,13/12/2024 13:48
2166,0,11.8515,24.3453,849.376,733.665,26,26,25,26,26,25,0,0.0342,790.523,8171.31,8171.31,733.665,3277,31,3276.7,29.1,29.1,30,30,118.515,0.0325,652.618,790.523,27,3276,0,25,24,24,0,3276.7,0,80,13/12/2024 13:48
2167,0,11.8515,24.3453,849.625,734.663,26,26,25,26,26,25,0,0.0342,790.024,8171.31,8171.31,734.663,3277,31,3276.7,29.1,29.1,30,30,118.515,0.0325,657.605,790.024,27,3276,0,25,24,24,0,3276.7,0,80,13/12/2024 13:48
2168,0,11.8515,24.3417,849.625,734.912,26,26,25,26,26,25,0,0.0342,790.024,8171.31,8171.31,734.912,3277,31,3276.7,29.1,29.1,30,30,118.515,0.0323,652.618,790.024,27,3276,0,25,24,24,0,3276.7,0,80,13/12/2024 13:48
2169,0,11.8515,24.3453,849.625,734.663,26,26,25,26,26,25,0,0.0342,789.526,8171.31,8171.31,734.663,3277,31,3276.7,29.1,29.1,30,30,118.515,0.0323,656.109,789.526,27,3276,0,25,24,24,0,3276.7,0,80,13/12/2024 13:48
2170,0,11.8515,24.349,849.376,734.663,26,26,25,26,26,25,0,0.0342,789.526,8171.31,8171.31,734.663,3277,31,3276.7,29.1,29.1,30,30,118.515,0.0323,652.368,789.526,27,3276,0,25,24,24,0,3276.7,0,80,13/12/2024 13:48
2171,0,11.8515,24.3417,849.376,734.663,26,26,25,26,26,25,0,0.0342,789.775,8171.31,8171.31,734.663,3277,31,3276.7,29.1,29.1,30,30,118.515,0.0325,655.361,789.775,27,3276,0,25,24,24,0,3276.7,0,80,13/12/2024 13:48
2172,0,11.8515,24.3345,849.625,733.915,26,26,25,26,26,25,0,0.0342,789.775,8171.31,8171.31,733.915,3277,31,3276.7,29.1,29.1,30,30,118.515,0.0325,654.613,789.775,27,3276,0,25,24,24,0,3276.7,0,80,13/12/2024 13:48
2173,0,11.8515,24.3453,849.625,735.161,26,26,25,26,26,25,0,0.0342,790.024,8171.31,8171.31,735.161,3277,31,3276.7,29.1,29.1,30,30,118.515,0.0321,653.366,790.024,27,3276,0,25,24,24,0,3276.7,0,80,13/12/2024 13:48
2174,0,11.8515,24.3417,849.625,734.912,26,26,25,26,26,25,0,0.0342,791.022,8171.31,8171.31,734.912,3277,31,3276.7,29.1,29.1,30,30,118.515,0.0326,655.86,791.022,27,3276,0,25,24,24,0,3276.7,0,80,13/12/2024 13:48
2175,0,11.8515,24.349,849.625,734.912,26,26,25,26,26,25,0,0.0342,792.019,8171.31,8171.31,734.912,3277,31,3276.7,29.1,29.1,30,30,118.515,0.0326,651.371,792.019,27,3276,0,25,24,24,0,3276.7,0,80,13/12/2024 13:48
2176,0,11.8515,24.349,849.625,733.915,26,26,25,26,26,25,0,0.0342,791.271,8171.31,8171.31,733.915,3277,31,3276.7,29.1,29.1,30,30,118.515,0.0314,655.86,791.271,27,3276,0,25,24,24,0,3276.7,0,80,13/12/2024 13:48
2177,0,11.8515,24.3453,849.376,734.413,26,26,25,26,26,25,0,0.0342,791.271,8171.31,8171.31,734.413,3277,31,3276.7,29.1,29.1,30,30,118.515,0.0327,652.867,791.271,27,3276,0,25,24,24,0,3276.7,0,80,13/12/2024 13:48
2178,0,11.8515,24.3453,849.875,734.413,26,26,25,26,26,25,0,0.0342,790.523,8171.31,8171.31,734.413,3277,31,3276.7,29.1,29.1,30,30,118.515,0.0322,655.361,790.523,27,3276,0,25,24,24,0,3276.7,0,80,13/12/2024 13:48
2179,0,11.8515,24.3453,849.376,734.413,26,26,25,26,26,25,0,0.0342,789.526,8171.31,8171.31,734.413,3277,31,3276.7,29.1,29.1,30,30,118.515,0.0322,655.112,789.526,27,3276,0,25,24,24,0,3276.7,0,80,13/12/2024 13:48
2180,0,11.8515,24.349,849.625,734.663,26,26,25,26,26,25,0,0.0342,790.024,8171.31,8171.31,734.663,3277,31,3276.7,29.1,29.1,30,30,118.515,0.0322,652.119,790.024,27,3276,0,25,24,24,0,3276.7,0,80,13/12/2024 13:48
2181,0,11.8515,24.349,849.625,734.912,26,26,25,26,26,25,0,0.0342,789.775,8171.31,8171.31,734.912,3277,31,3276.7,29.1,29.1,30,30,118.515,0.0322,656.109,789.775,27,3276,0,25,24,24,0,3276.7,0,80,13/12/2024 13:48
2182,0,11.8515,24.349,849.625,734.663,26,26,25,26,26,25,0,0.0342,790.024,8171.31,8171.31,734.663,3277,31,3276.7,29.1,29.1,30,30,118.515,0.0324,652.867,790.024,27,3276,0,25,24,24,0,3276.7,0,80,13/12/2024 13:48
2183,0,11.8515,24.3417,849.875,734.912,26,26,25,26,26,25,0,0.0339,791.77,8171.31,8171.31,734.912,3277,31,3276.7,29.1,29.1,30,30,118.515,0.0324,654.862,791.77,27,3276,0,25,24,24,0,3276.7,0,80,13/12/2024 13:48
2184,0,11.8515,24.3453,849.376,733.416,26,26,25,26,26,25,0,0.0341,791.271,8171.31,8171.31,733.416,3277,31,3276.7,29.1,29.1,30,30,118.515,0.0324,655.361,791.271,27,3276,0,25,24,24,0,3276.7,0,80,13/12/2024 13:48
2185,0,11.8515,24.3526,849.625,734.413,26,26,25,26,26,25,0,0.0341,790.024,8171.31,8171.31,734.413,3277,31,3276.7,29.1,29.1,30,30,118.515,0.0323,652.368,790.024,27,3276,0,25,24,24,0,3276.7,0,80,13/12/2024 13:48
2186,0,11.8515,24.349,849.126,734.912,26,26,25,26,26,25,0,0.0341,789.276,8171.31,8171.31,734.912,3277,31,3276.7,29.1,29.1,30,30,118.515,0.0323,655.112,789.276,27,3276,0,25,24,24,0,3276.7,0,80,13/12/2024 13:48
2187,0,11.8515,24.349,849.376,733.665,26,26,25,26,26,25,0,0.0341,789.276,8171.31,8171.31,733.665,3277,31,3276.7,29.1,29.1,30,30,118.515,0.0324,654.613,789.276,27,3276,0,25,24,24,0,3276.7,0,80,13/12/2024 13:48
2188,0,11.8515,24.349,849.126,734.663,26,26,25,26,26,25,0,0.0341,790.024,8171.31,8171.31,734.663,3277,31,3276.7,29.1,29.1,30,30,118.515,0.0324,651.371,790.024,27,3276,0,25,24,24,0,3276.7,0,80,13/12/2024 13:48
2189,0,11.8515,24.3453,849.376,735.161,26,26,25,26,26,25,0,0.0341,790.024,8171.31,8171.31,735.161,3277,31,3276.7,29.1,29.1,30,30,118.515,0.0324,655.361,790.024,27,3276,0,25,24,24,0,3276.7,0,80,13/12/2024 13:48
2190,0,11.8515,24.349,849.625,735.161,26,26,25,26,26,25,0,0.0341,790.772,8171.31,8171.31,735.161,3277,31,3276.7,29.1,29.1,30,30,118.515,0.0319,655.112,790.772,27,3276,0,25,24,24,0,3276.7,0,80,13/12/2024 13:48
2191,0,11.8515,24.349,849.875,734.413,26,26,25,26,26,25,0,0.0341,790.523,8171.31,8171.31,734.413,3277,31,3276.7,29.1,29.1,30,30,118.515,0.0319,653.366,790.523,27,3276,0,25,24,24,0,3276.7,0,80,13/12/2024 13:48
2192,0,11.8515,24.349,849.875,734.663,26,26,25,26,26,25,0,0.0341,789.276,8171.31,8171.31,734.663,3277,31,3276.7,29.1,29.1,30,30,118.515,0.0325,655.86,789.276,27,3276,0,25,24,24,0,3276.7,0,80,13/12/2024 13:48
2193,0,11.8515,24.3453,849.625,735.66,26,26,25,26,26,25,0,0.0341,789.775,8171.31,8171.31,735.66,3277,31,3276.7,29.1,29.1,30,30,118.515,0.0323,653.366,789.775,27,3276,0,25,24,24,0,3276.7,0,80,13/12/2024 13:48
2194,0,11.8515,24.3526,849.625,734.663,26,26,25,26,26,25,0,0.0341,790.024,8171.31,8171.31,734.663,3277,31,3276.7,29.1,29.1,30,30,118.515,0.0323,653.615,790.024,27,3276,0,25,24,24,0,3276.7,0,80,13/12/2024 13:48
2195,0,11.8515,24.3453,849.376,735.161,26,26,25,26,26,25,0,0.0341,790.772,8171.31,8171.31,735.161,3277,31,3276.7,29.1,29.1,30,30,118.515,0.0321,655.86,790.772,27,3276,0,25,24,24,0,3276.7,0,80,13/12/2024 13:48
2196,0,11.8515,24.3453,849.625,735.161,26,26,25,26,26,25,0,0.0341,791.022,8171.31,8171.31,735.161,3277,31,3276.7,29.1,29.1,30,30,118.515,0.0321,652.867,791.022,27,3276,0,25,24,24,0,3276.7,0,80,13/12/2024 13:48
2197,0,11.8515,24.3417,849.126,734.663,26,26,25,26,26,25,0,0.0341,790.772,8171.31,8171.31,734.663,3277,31,3276.7,29.1,29.1,30,30,118.515,0.0325,655.112,790.772,27,3276,0,25,24,24,0,3276.7,0,80,13/12/2024 13:48
2198,0,11.8515,24.349,849.625,734.413,26,26,25,26,26,25,0,0.0341,790.523,8171.31,8171.31,734.413,3277,31,3276.7,29.1,29.1,30,30,118.515,0.0322,654.114,790.523,27,3276,0,25,24,24,0,3276.7,0,80,13/12/2024 13:48
2199,0,11.8515,24.349,849.126,734.912,26,26,25,26,26,25,0,0.0341,789.775,8171.31,8171.31,734.912,3277,31,3276.7,29.1,29.1,30,30,118.515,0.0322,652.618,789.775,27,3276,0,25,24,24,0,3276.7,0,80,13/12/2024 13:48
2200,0,11.8515,24.3453,849.625,734.912,26,26,25,26,26,25,0,0.0341,789.775,8171.31,8171.31,734.912,3277,31,3276.7,29.1,29.1,30,30,118.515,0.0322,655.86,789.775,27,3276,0,25,24,24,0,3276.7,0,80,13/12/2024 13:48
2201,0,11.8515,24.349,849.625,734.912,26,26,25,26,26,25,0,0.0341,790.024,8171.31,8171.31,734.912,3277,31,3276.7,29.1,29.1,30,30,118.515,0.0324,651.122,790.024,27,3276,0,25,24,24,0,3276.7,0,80,13/12/2024 13:48
2202,0,11.8515,24.349,849.625,735.161,26,26,25,26,26,25,0,0.0341,789.775,8171.31,8171.31,735.161,3277,31,3276.7,29.1,29.1,30,30,118.515,0.0322,656.109,789.775,27,3276,0,25,24,24,0,3276.7,0,80,13/12/2024 13:48
2203,0,11.8515,24.3417,849.625,734.912,26,26,25,26,26,25,0,0.0341,790.772,8171.31,8171.31,734.912,3277,31,3276.7,29.1,29.1,30,30,118.515,0.0322,652.368,790.772,27,3276,0,25,24,24,0,3276.7,0,80,13/12/2024 13:48
2204,0,11.8515,24.3453,849.376,734.413,26,26,25,26,26,25,0,0.0341,790.523,8171.31,8171.31,734.413,3277,31,3276.7,29.1,29.1,30,30,118.515,0.0322,655.112,790.523,27,3276,0,25,24,24,0,3276.7,0,80,13/12/2024 13:48
2205,0,11.8515,24.3453,849.875,734.912,26,26,25,26,26,25,0,0.0341,791.271,8171.31,8171.31,734.912,3277,31,3276.7,29.1,29.1,30,30,118.515,0.0322,653.366,791.271,27,3276,0,25,24,24,0,3276.7,0,80,13/12/2024 13:48
2206,0,11.8515,24.3417,849.875,735.161,26,26,25,26,26,25,0,0.0341,791.271,8171.31,8171.31,735.161,3277,31,3276.7,29.1,29.1,30,30,118.515,0.0317,653.615,791.271,27,3276,0,25,24,24,0,3276.7,0,80,13/12/2024 13:48
2207,0,11.8515,24.3453,849.625,734.912,26,26,25,26,26,25,0,0.0341,791.271,8171.31,8171.31,734.912,3277,31,3276.7,29.1,29.1,30,30,118.515,0.0317,654.862,791.271,27,3276,0,25,24,24,0,3276.7,0,80,13/12/2024 13:49
2208,0,11.8515,24.349,849.875,734.413,26,26,25,26,26,25,0,0.0341,791.022,8171.31,8171.31,734.413,3277,31,3276.7,29.1,29.1,30,30,118.515,0.0321,650.373,791.022,27,3276,0,25,24,24,0,3276.7,0,80,13/12/2024 13:49
2209,0,11.8515,24.3417,849.625,735.161,26,26,25,26,26,25,0,0.0341,792.019,8171.31,8171.31,735.161,3277,31,3276.7,29.1,29.1,30,30,118.515,0.0323,655.112,792.019,27,3276,0,25,24,24,0,3276.7,0,80,13/12/2024 13:49
2210,0,11.8515,24.3309,849.875,734.413,26,26,25,26,26,25,0,0.0341,790.523,8171.31,8171.31,734.413,3277,31,3276.7,29.1,29.1,30,30,118.515,0.0323,650.373,790.523,27,3276,0,25,24,24,0,3276.7,0,80,13/12/2024 13:49
2211,0,11.8515,24.3526,849.625,735.161,26,26,25,26,26,25,0,0.0341,790.024,8171.31,8171.31,735.161,3277,31,3276.7,29.1,29.1,30,30,118.515,0.0325,655.86,790.024,27,3276,0,25,24,24,0,3276.7,0,80,13/12/2024 13:49
2212,0,11.8515,24.3345,849.376,734.663,26,26,25,26,26,25,0,0.0341,790.024,8171.31,8171.31,734.663,3277,31,3276.7,29.1,29.1,30,30,118.515,0.0325,650.124,790.024,27,3276,0,25,24,24,0,3276.7,0,80,13/12/2024 13:49
2213,0,11.8515,24.3345,850.872,734.663,26,26,25,26,26,25,0,0.0341,790.024,8171.31,8171.31,734.663,3277,31,3276.7,29.1,29.1,30,30,118.515,0.0322,655.361,790.024,27,3276,0,25,24,24,0,3276.7,0,80,13/12/2024 13:49
2214,0,11.8515,24.3417,849.625,735.161,26,26,25,26,26,25,0,0.0341,790.772,8171.31,8171.31,735.161,3277,31,3276.7,29.1,29.1,30,30,118.515,0.0322,650.373,790.772,27,3276,0,25,24,24,0,3276.7,0,80,13/12/2024 13:49
2215,0,11.8515,24.3526,849.625,734.413,26,26,25,26,26,25,0,0.0341,789.775,8171.31,8171.31,734.413,3277,31,3276.7,29.1,29.1,30,30,118.515,0.0322,654.114,789.775,27,3276,0,25,24,24,0,3276.7,0,80,13/12/2024 13:49
2216,0,11.8515,24.3453,849.875,734.912,26,26,25,26,26,25,0,0.0341,789.775,8171.31,8171.31,734.912,3277,31,3276.7,29.1,29.1,30,30,118.515,0.0328,650.373,789.775,27,3276,0,25,24,24,0,3276.7,0,80,13/12/2024 13:49
2217,0,11.8515,24.349,849.625,735.91,26,26,25,26,26,25,0,0.0341,790.024,8171.31,8171.31,735.91,3277,31,3276.7,29.1,29.1,30,30,118.515,0.0323,653.865,790.024,27,3276,0,25,24,24,0,3276.7,0,80,13/12/2024 13:49
2218,0,11.8515,24.3453,849.376,734.663,26,26,25,26,26,25,0,0.0341,790.024,8171.31,8171.31,734.663,3277,31,3276.7,29.1,29.1,30,30,118.515,0.0323,650.124,790.024,27,3276,0,25,24,24,0,3276.7,0,80,13/12/2024 13:49
2219,0,11.8515,24.3453,849.625,734.912,26,26,25,26,26,25,0,0.0341,790.523,8171.31,8171.31,734.912,3277,31,3276.7,29.1,29.1,30,30,118.515,0.0323,652.618,790.523,27,3276,0,25,24,24,0,3276.7,0,80,13/12/2024 13:49
2220,0,11.8515,24.3453,849.376,734.663,26,26,25,26,26,25,0,0.0341,790.523,8171.31,8171.31,734.663,3277,31,3276.7,29.1,29.1,30,30,118.515,0.0323,650.872,790.523,27,3276,0,25,24,24,0,3276.7,0,80,13/12/2024 13:49
2221,0,11.8515,24.3526,849.625,734.663,26,26,25,26,26,25,0,0.0341,790.024,8171.31,8171.31,734.663,3277,31,3276.7,29.1,29.1,30,30,118.515,0.0323,652.368,790.024,27,3276,0,25,24,24,0,3276.7,0,80,13/12/2024 13:49
2222,0,11.8515,24.349,850.373,733.915,26,26,25,26,26,25,0,0.0341,790.024,8171.31,8171.31,733.915,3277,31,3276.7,29.1,29.1,30,30,118.515,0.0323,652.618,790.024,27,3276,0,25,24,24,0,3276.7,0,80,13/12/2024 13:49
2223,0,11.8515,24.3598,849.625,735.161,26,26,25,26,26,25,0,0.0341,790.523,8171.31,8171.31,735.161,3277,31,3276.7,29.1,29.1,30,30,118.515,0.0323,652.618,790.523,27,3276,0,25,24,24,0,3276.7,0,80,13/12/2024 13:49
2224,0,11.8515,24.349,849.376,734.912,26,26,25,26,26,25,0,0.0341,790.523,8171.31,8171.31,734.912,3277,31,3276.7,29.1,29.1,30,30,118.515,0.0323,653.865,790.523,27,3276,0,25,24,24,0,3276.7,0,80,13/12/2024 13:49
2225,0,11.8515,24.3417,849.875,734.663,26,26,25,26,26,25,0,0.0341,791.022,8171.31,8171.31,734.663,3277,31,3276.7,29.1,29.1,30,30,118.515,0.0319,652.368,791.022,27,3276,0,25,24,24,0,3276.7,0,80,13/12/2024 13:49
2226,0,11.8515,24.349,849.875,734.663,26,26,25,26,26,25,0,0.0341,790.024,8171.31,8171.31,734.663,3277,31,3276.7,29.1,29.1,30,30,118.515,0.0316,653.865,790.024,27,3276,0,25,24,24,0,3276.7,0,80,13/12/2024 13:49
2227,0,11.8515,24.3345,849.625,735.91,26,26,25,26,26,25,0,0.0341,791.271,8171.31,8171.31,735.91,3277,31,3276.7,29.1,29.1,30,30,118.515,0.0326,651.371,791.271,27,3276,0,25,24,24,0,3276.7,0,80,13/12/2024 13:49
2228,0,11.8515,24.3453,849.625,733.915,26,26,25,26,26,25,0,0.0341,791.022,8171.31,8171.31,733.915,3277,31,3276.7,29.1,29.1,30,30,118.515,0.0326,655.112,791.022,27,3276,0,25,24,24,0,3276.7,0,80,13/12/2024 13:49
2229,0,11.8515,24.349,849.875,735.161,26,26,25,26,26,25,0,0.0341,791.022,8171.31,8171.31,735.161,3277,31,3276.7,29.1,29.1,30,30,118.515,0.0325,650.373,791.022,27,3276,0,25,24,24,0,3276.7,0,80,13/12/2024 13:49
2230,0,11.8515,24.3417,849.376,734.663,26,26,25,26,26,25,0,0.0341,790.772,8171.31,8171.31,734.663,3277,31,3276.7,29.1,29.1,30,30,118.515,0.0317,654.862,790.772,27,3276,0,25,24,24,0,3276.7,0,80,13/12/2024 13:49
2231,0,11.8515,24.349,849.625,734.912,26,26,25,26,26,25,0,0.0341,790.024,8171.31,8171.31,734.912,3277,31,3276.7,29.1,29.1,30,30,118.515,0.0317,649.625,790.024,27,3276,0,25,24,24,0,3276.7,0,80,13/12/2024 13:49
2232,0,11.8515,24.3526,849.625,734.663,26,26,25,26,26,25,0,0.0341,791.271,8171.31,8171.31,734.663,3277,31,3276.7,29.1,29.1,30,30,118.515,0.0324,655.361,791.271,27,3276,0,25,24,24,0,3276.7,0,80,13/12/2024 13:49
2233,0,11.8515,24.3453,849.625,735.161,26,26,25,26,26,25,0,0.0341,790.024,8171.31,8171.31,735.161,3277,31,3276.7,29.1,29.1,30,30,118.515,0.0321,650.124,790.024,27,3276,0,25,24,24,0,3276.7,0,80,13/12/2024 13:49
2234,0,11.8515,24.349,849.376,734.413,26,26,25,26,26,25,0,0.0341,791.022,8171.31,8171.31,734.413,3277,31,3276.7,29.1,29.1,30,30,118.515,0.0321,655.361,791.022,27,3276,0,25,24,24,0,3276.7,0,80,13/12/2024 13:49
2235,0,11.8515,24.3417,849.625,734.663,26,26,25,26,26,25,0,0.0341,790.772,8171.31,8171.31,734.663,3277,31,3276.7,29.1,29.1,30,30,118.515,0.0325,651.122,790.772,27,3276,0,25,24,24,0,3276.7,0,80,13/12/2024 13:49
2236,0,11.8515,24.3417,849.875,734.413,26,26,25,26,26,25,0,0.0341,790.772,8171.31,8171.31,734.413,3277,31,3276.7,29.1,29.1,30,30,118.515,0.0325,656.359,790.772,27,3276,0,25,24,24,0,3276.7,0,80,13/12/2024 13:49
2237,0,11.8515,24.3453,850.373,734.663,26,26,25,26,26,25,0,0.0341,790.024,8171.31,8171.31,734.663,3277,31,3276.7,29.1,29.1,30,30,118.515,0.0326,652.119,790.024,27,3276,0,25,24,24,0,3276.7,0,80,13/12/2024 13:49
2238,0,11.8515,24.349,849.875,734.912,26,26,25,26,26,25,0,0.0341,790.024,8171.31,8171.31,734.912,3277,31,3276.7,29.1,29.1,30,30,118.515,0.0322,655.361,790.024,27,3276,0,25,24,24,0,3276.7,0,80,13/12/2024 13:49
2239,0,11.8515,24.3526,849.625,734.912,26,26,25,26,26,25,0,0.0341,790.772,8171.31,8171.31,734.912,3277,31,3276.7,29.1,29.1,30,30,118.515,0.0322,651.122,790.772,27,3276,0,25,24,24,0,3276.7,0,80,13/12/2024 13:49
2240,0,11.8515,24.3345,849.625,734.663,26,26,25,26,26,25,0,0.0341,790.024,8171.31,8171.31,734.663,3277,31,3276.7,29.1,29.1,30,30,118.515,0.0322,655.361,790.024,27,3276,0,25,24,24,0,3276.7,0,80,13/12/2024 13:49
2241,0,11.8515,24.349,849.875,734.912,26,26,25,26,26,25,0,0.0341,790.024,8171.31,8171.31,734.912,3277,31,3276.7,29.1,29.1,30,30,118.515,0.0327,652.368,790.024,27,3276,0,25,24,24,0,3276.7,0,80,13/12/2024 13:49
2242,0,11.8515,24.3417,849.875,734.663,26,26,25,26,26,25,0,0.0341,790.772,8171.31,8171.31,734.663,3277,31,3276.7,29.1,29.1,30,30,118.515,0.0324,654.862,790.772,27,3276,0,25,24,24,0,3276.7,0,80,13/12/2024 13:49
2243,0,11.8515,24.3345,849.376,734.663,26,26,25,26,26,25,0,0.0341,790.523,8171.31,8171.31,734.663,3277,31,3276.7,29.1,29.1,30,30,118.515,0.0324,651.371,790.523,27,3276,0,25,24,24,0,3276.7,0,80,13/12/2024 13:49
2244,0,11.8515,24.3345,849.625,734.912,26,26,25,26,26,25,0,0.0341,790.024,8171.31,8171.31,734.912,3277,31,3276.7,29.1,29.1,30,30,118.515,0.0324,654.613,790.024,27,3276,0,25,24,24,0,3276.7,0,80,13/12/2024 13:49
2245,0,11.8515,24.3453,849.376,734.912,26,26,25,26,26,25,0,0.0341,790.024,8171.31,8171.31,734.912,3277,31,3276.7,29.1,29.1,30,30,118.515,0.0322,652.368,790.024,27,3276,0,25,24,24,0,3276.7,0,80,13/12/2024 13:49
2246,0,11.8515,24.349,849.376,734.413,26,26,25,26,26,25,0,0.0341,789.775,8171.31,8171.31,734.413,3277,31,3276.7,29.1,29.1,30,30,118.515,0.0331,653.615,789.775,27,3276,0,25,24,24,0,3276.7,0,80,13/12/2024 13:49
2247,0,11.8515,24.349,849.875,734.912,26,26,25,26,26,25,0,0.0341,790.024,8171.31,8171.31,734.912,3277,31,3276.7,29.1,29.1,30,30,118.515,0.0331,653.615,790.024,27,3276,0,25,24,24,0,3276.7,0,80,13/12/2024 13:49
2248,0,11.8515,24.349,849.625,734.663,26,26,25,26,26,25,0,0.0341,790.523,8171.31,8171.31,734.663,3277,31,3276.7,29.1,29.1,30,30,118.515,0.032,653.615,790.523,27,3276,0,25,24,24,0,3276.7,0,80,13/12/2024 13:49
2249,0,11.8515,24.3453,850.373,734.413,26,26,25,26,26,25,0,0.0341,789.526,8171.31,8171.31,734.413,3277,31,3276.7,29.1,29.1,30,30,118.515,0.032,653.615,789.526,27,3276,0,25,24,24,0,3276.7,0,80,13/12/2024 13:49
2250,0,11.8515,24.3417,849.126,733.915,26,26,25,26,26,25,0,0.0341,789.775,8171.31,8171.31,733.915,3277,31,3276.7,29.1,29.1,30,30,118.515,0.0326,654.613,789.775,27,3276,0,25,24,24,0,3276.7,0,80,13/12/2024 13:49
2251,0,11.8515,24.3453,849.625,734.663,26,26,25,26,26,25,0,0.0341,789.775,8171.31,8171.31,734.663,3277,31,3276.7,29.1,29.1,30,30,118.515,0.0325,652.618,789.775,27,3276,0,25,24,24,0,3276.7,0,80,13/12/2024 13:49
2252,0,11.8515,24.3417,849.376,734.912,26,26,25,26,26,25,0,0.0341,789.775,8171.31,8171.31,734.912,3277,31,3276.7,29.1,29.1,30,30,118.515,0.0325,654.114,789.775,27,3276,0,25,24,24,0,3276.7,0,80,13/12/2024 13:49
2253,0,11.8515,24.349,849.625,734.663,26,26,25,26,26,25,0,0.0341,789.775,8171.31,8171.31,734.663,3277,31,3276.7,29.1,29.1,30,30,118.515,0.0322,651.371,789.775,27,3276,0,25,24,24,0,3276.7,0,80,13/12/2024 13:49
2254,0,11.8515,24.349,850.373,733.915,26,26,25,26,26,25,0,0.0341,789.775,8171.31,8171.31,733.915,3277,31,3276.7,29.1,29.1,30,30,118.515,0.0322,655.361,789.775,27,3276,0,25,24,24,0,3276.7,0,80,13/12/2024 13:49
2255,0,11.8515,24.3417,849.875,735.161,26,26,25,26,26,25,0,0.0341,790.772,8171.31,8171.31,735.161,3277,31,3276.7,29.1,29.1,30,30,118.515,0.0322,650.373,790.772,27,3276,0,25,24,24,0,3276.7,0,80,13/12/2024 13:49
2256,0,11.8515,24.3417,850.373,734.413,26,26,25,26,26,25,0,0.0341,790.523,8171.31,8171.31,734.413,3277,31,3276.7,29.1,29.1,30,30,118.515,0.0317,655.86,790.523,27,3276,0,25,24,24,0,3276.7,0,80,13/12/2024 13:49
2257,0,11.8515,24.3453,849.625,734.413,26,26,25,26,26,25,0,0.0341,790.024,8171.31,8171.31,734.413,3277,31,3276.7,29.1,29.1,30,30,118.515,0.0323,650.124,790.024,27,3276,0,25,24,24,0,3276.7,0,80,13/12/2024 13:49
2258,0,11.8515,24.3417,849.625,734.663,26,26,25,26,26,25,0,0.0341,790.024,8171.31,8171.31,734.663,3277,31,3276.7,29.1,29.1,30,30,118.515,0.0323,655.86,790.024,27,3276,0,25,24,24,0,3276.7,0,80,13/12/2024 13:49
2259,0,11.8515,24.3417,849.625,734.912,26,26,25,26,26,25,0,0.0341,790.772,8171.31,8171.31,734.912,3277,31,3276.7,29.1,29.1,30,30,118.515,0.0323,650.373,790.772,27,3276,0,25,24,24,0,3276.7,0,80,13/12/2024 13:49
2260,0,11.8515,24.3453,849.625,734.912,26,26,25,26,26,25,0,0.0341,791.022,8171.31,8171.31,734.912,3277,31,3276.7,29.1,29.1,30,30,118.515,0.0323,656.608,791.022,27,3276,0,25,24,24,0,3276.7,0,80,13/12/2024 13:49
2261,0,11.8515,24.349,849.875,734.912,26,26,25,26,26,25,0,0.0341,791.271,8171.31,8171.31,734.912,3277,31,3276.7,29.1,29.1,30,30,118.515,0.0319,651.62,791.271,27,3276,0,25,24,24,0,3276.7,0,80,13/12/2024 13:49
2262,0,11.8515,24.3417,849.625,734.912,26,26,25,26,26,25,0,0.0341,791.77,8171.31,8171.31,734.912,3277,31,3276.7,29.1,29.1,30,30,118.515,0.0323,655.361,791.77,27,3276,0,25,24,24,0,3276.7,0,80,13/12/2024 13:49
2263,0,11.8515,24.349,850.623,734.912,26,26,25,26,26,25,0,0.0341,791.271,8171.31,8171.31,734.912,3277,31,3276.7,29.1,29.1,30,30,118.515,0.0323,652.618,791.271,27,3276,0,25,24,24,0,3276.7,0,80,13/12/2024 13:49
2264,0,11.8515,24.3417,849.625,735.161,26,26,25,26,26,25,0,0.0341,791.022,8171.31,8171.31,735.161,3277,31,3276.7,29.1,29.1,30,30,118.515,0.0323,654.862,791.022,27,3276,0,25,24,24,0,3276.7,0,80,13/12/2024 13:49
2265,0,11.8515,24.3453,849.875,733.665,26,26,25,26,26,25,0,0.0341,790.772,8171.31,8171.31,733.665,3277,31,3276.7,29.1,29.1,30,30,118.515,0.0324,652.867,790.772,27,3276,0,25,24,24,0,3276.7,0,80,13/12/2024 13:49
2266,0,11.8515,24.3417,849.625,734.663,26,26,25,26,26,25,0,0.0341,790.523,8171.31,8171.31,734.663,3277,31,3276.7,29.1,29.1,30,30,118.515,0.0312,652.368,790.523,27,3276,0,25,24,24,0,3276.7,0,80,13/12/2024 13:49
2267,0,11.8515,24.3526,849.625,735.161,26,26,25,26,26,25,0,0.1027,789.775,8171.31,8171.31,735.161,3277,31,3276.7,29.1,29.1,30,30,118.515,0.032,655.361,789.775,27,3276,0,25,24,24,0,3276.7,0,80,13/12/2024 13:50
2268,0,11.8515,24.349,849.625,734.663,26,26,25,26,26,25,0,0.1026,790.024,8171.31,8171.31,734.663,3277,31,3276.7,29.1,29.1,30,30,118.515,0.032,650.373,790.024,27,3276,0,25,24,24,0,3276.7,0,80,13/12/2024 13:50
2269,0,11.8515,24.349,849.875,734.413,26,26,25,26,26,25,0,0.1026,789.526,8171.31,8171.31,734.413,3277,31,3276.7,29.1,29.1,30,30,118.515,0.0322,654.862,789.526,27,3276,0,25,24,24,0,3276.7,0,80,13/12/2024 13:50
2270,0,11.8515,24.3453,849.625,735.161,26,26,25,26,26,25,0,0.1026,790.523,8171.31,8171.31,735.161,3277,31,3276.7,29.1,29.1,30,30,118.515,0.0325,652.618,790.523,27,3276,0,25,24,24,0,3276.7,0,80,13/12/2024 13:50
2271,0,11.8515,24.3417,849.875,734.663,26,26,25,26,26,25,0,0.1026,791.022,8171.31,8171.31,734.663,3277,31,3276.7,29.1,29.1,30,30,118.515,0.0325,654.114,791.022,27,3276,0,25,24,24,0,3276.7,0,80,13/12/2024 13:50
2272,0,11.8515,24.3526,849.625,734.663,26,26,25,26,26,25,0,0.1026,790.772,8171.31,8171.31,734.663,3277,31,3276.7,29.1,29.1,30,30,118.515,0.0325,655.86,790.772,27,3276,0,25,24,24,0,3276.7,0,80,13/12/2024 13:50
2273,0,11.8515,24.349,849.625,734.413,26,26,25,26,26,25,0,0.1026,792.019,8171.31,8171.31,734.413,3277,31,3276.7,29.1,29.1,30,30,118.515,0.0323,652.867,792.019,27,3276,0,25,24,24,0,3276.7,0,80,13/12/2024 13:50
2274,0,11.8515,24.3417,849.625,733.915,26,26,25,26,26,25,0,0.1026,790.772,8171.31,8171.31,733.915,3277,31,3276.7,29.1,29.1,30,30,118.515,0.0323,655.361,790.772,27,3276,0,25,24,24,0,3276.7,0,80,13/12/2024 13:50
2275,0,11.8515,24.3417,849.625,734.663,26,26,25,26,26,25,0,0.1026,789.775,8171.31,8171.31,734.663,3277,31,3276.7,29.1,29.1,30,30,118.515,0.0321,652.867,789.775,27,3276,0,25,24,24,0,3276.7,0,80,13/12/2024 13:50
2276,0,11.8515,24.3417,849.875,734.663,26,26,25,26,26,25,0,0.1026,790.024,8171.31,8171.31,734.663,3277,31,3276.7,29.1,29.1,30,30,118.515,0.0321,652.867,790.024,27,3276,0,25,24,24,0,3276.7,0,80,13/12/2024 13:50
2277,0,11.8515,24.3526,849.625,734.912,26,26,25,26,26,25,0,0.1026,789.276,8171.31,8171.31,734.912,3277,31,3276.7,29.1,29.1,30,30,118.515,0.0332,655.361,789.276,27,3276,0,25,24,24,0,3276.7,0,80,13/12/2024 13:50
2278,0,11.8515,24.3417,849.625,734.912,26,26,25,26,26,25,0,0.1026,789.775,8171.31,8171.31,734.912,3277,31,3276.7,29.1,29.1,30,30,118.515,0.0323,651.122,789.775,27,3276,0,25,24,24,0,3276.7,0,80,13/12/2024 13:50
2279,0,11.8515,24.3417,849.376,734.912,26,26,25,26,26,25,0,0.1026,791.022,8171.31,8171.31,734.912,3277,31,3276.7,29.1,29.1,30,30,118.515,0.0323,655.112,791.022,27,3276,0,25,24,24,0,3276.7,0,80,13/12/2024 13:50
2280,0,11.8515,24.3526,849.625,734.413,26,26,25,26,26,25,0,0.1026,791.271,8171.31,8171.31,734.413,3277,31,3276.7,29.1,29.1,30,30,118.515,0.032,653.865,791.271,27,3276,0,25,24,24,0,3276.7,0,80,13/12/2024 13:50
2281,0,11.8515,24.3417,849.625,734.663,26,26,25,26,26,25,0,0.1026,791.271,8171.31,8171.31,734.663,3277,31,3276.7,29.1,29.1,30,30,118.515,0.032,651.122,791.271,27,3276,0,25,24,24,0,3276.7,0,80,13/12/2024 13:50
2282,0,11.8515,24.3526,849.625,734.912,26,26,25,26,26,25,0,0.1026,790.024,8171.31,8171.31,734.912,3277,31,3276.7,29.1,29.1,30,30,118.515,0.032,655.361,790.024,27,3276,0,25,24,24,0,3276.7,0,80,13/12/2024 13:50
2283,0,11.8515,24.3417,849.625,735.161,26,26,25,26,26,25,0,0.1026,788.029,8171.31,8171.31,735.161,3277,31,3276.7,29.1,29.1,30,30,118.515,0.0324,653.366,788.029,27,3276,0,25,24,24,0,3276.7,0,80,13/12/2024 13:50
2284,0,11.8515,24.3417,849.875,734.663,26,26,25,26,26,25,0,0.1026,790.024,8171.31,8171.31,734.663,3277,31,3276.7,29.1,29.1,30,30,118.515,0.0324,654.114,790.024,27,3276,0,25,24,24,0,3276.7,0,80,13/12/2024 13:50
2285,0,11.8515,24.349,849.376,735.161,26,26,25,26,26,25,0,0.1026,790.772,8171.31,8171.31,735.161,3277,31,3276.7,29.1,29.1,30,30,118.515,0.0323,656.109,790.772,27,3276,0,25,24,24,0,3276.7,0,80,13/12/2024 13:50
2286,0,11.8515,24.3417,849.376,735.161,26,26,25,26,26,25,0,0.1026,791.271,8171.31,8171.31,735.161,3277,31,3276.7,29.1,29.1,30,30,118.515,0.0321,653.366,791.271,27,3276,0,25,24,24,0,3276.7,0,80,13/12/2024 13:50
2287,0,11.8515,24.349,849.875,735.161,26,26,25,26,26,25,0,0.1026,792.019,8171.31,8171.31,735.161,3277,31,3276.7,29.1,29.1,30,30,118.515,0.0321,655.112,792.019,27,3276,0,25,24,24,0,3276.7,0,80,13/12/2024 13:50
2288,0,11.8515,24.3453,849.625,733.915,26,26,25,26,26,25,0,0.1026,791.022,8171.31,8171.31,733.915,3277,31,3276.7,29.1,29.1,30,30,118.515,0.0324,655.361,791.022,27,3276,0,25,24,24,0,3276.7,0,80,13/12/2024 13:50
2289,0,11.8515,24.3417,849.625,734.663,26,26,25,26,26,25,0,0.1026,788.777,8171.31,8171.31,734.663,3277,31,3276.7,29.1,29.1,30,30,118.515,0.0322,652.368,788.777,27,3276,0,25,24,24,0,3276.7,0,80,13/12/2024 13:50
2290,0,11.8515,24.3345,849.126,734.413,26,26,25,26,26,25,0,0.1026,790.523,8171.31,8171.31,734.413,3277,31,3276.7,29.1,29.1,30,30,118.515,0.0322,655.361,790.523,27,3276,0,25,24,24,0,3276.7,0,80,13/12/2024 13:50
2291,0,11.8515,24.349,849.875,735.161,26,26,25,26,26,25,0,0.1026,790.523,8171.31,8171.31,735.161,3277,31,3276.7,29.1,29.1,30,30,118.515,0.0326,652.867,790.523,27,3276,0,25,24,24,0,3276.7,0,80,13/12/2024 13:50
2292,0,11.8515,24.349,849.625,735.161,26,26,25,26,26,25,0,0.1026,791.022,8171.31,8171.31,735.161,3277,31,3276.7,29.1,29.1,30,30,118.515,0.0326,652.618,791.022,27,3276,0,25,24,24,0,3276.7,0,80,13/12/2024 13:50
2293,0,11.8515,24.349,849.625,735.161,26,26,25,26,26,25,0,0.1026,792.518,8171.31,8171.31,735.161,3277,31,3276.7,29.1,29.1,30,30,118.515,0.0323,655.361,792.518,27,3276,0,25,24,24,0,3276.7,0,80,13/12/2024 13:50
2294,0,11.8515,24.3453,849.875,734.912,26,26,25,26,26,25,0,0.1026,792.019,8171.31,8171.31,734.912,3277,31,3276.7,29.1,29.1,30,30,118.515,0.032,651.371,792.019,27,3276,0,25,24,24,0,3276.7,0,80,13/12/2024 13:50
2295,0,11.8515,24.3417,849.875,734.912,26,26,25,26,26,25,0,0.1026,791.271,8171.31,8171.31,734.912,3277,31,3276.7,29.1,29.1,30,30,118.515,0.032,654.114,791.271,27,3276,0,25,24,24,0,3276.7,0,80,13/12/2024 13:50
2296,0,11.8515,24.3526,849.376,734.663,26,26,25,26,26,25,0,0.1026,790.024,8171.31,8171.31,734.663,3277,31,3276.7,29.1,29.1,30,30,118.515,0.0312,653.615,790.024,27,3276,0,25,24,24,0,3276.7,0,80,13/12/2024 13:50
2297,0,11.8515,24.349,849.875,734.413,26,26,25,26,26,25,0,0.0337,789.526,8171.31,8171.31,734.413,3277,31,3276.7,29.1,29.1,30,30,118.515,0.0324,652.618,789.526,27,3276,0,25,24,24,0,3276.7,0,80,13/12/2024 13:50
2298,0,11.8515,24.3453,849.625,734.912,26,26,25,26,26,25,0,0.1029,790.024,8171.31,8171.31,734.912,3277,31,3276.7,29.1,29.1,30,30,118.515,0.0321,656.109,790.024,27,3276,0,25,24,24,0,3276.7,0,80,13/12/2024 13:50
2299,0,11.8515,24.349,849.625,734.912,26,26,25,26,26,25,0,0.1029,791.77,8171.31,8171.31,734.912,3277,31,3276.7,29.1,29.1,30,30,118.515,0.0323,653.366,791.77,27,3276,0,25,24,24,0,3276.7,0,80,13/12/2024 13:50
2300,0,11.8515,24.349,849.376,734.663,26,26,25,26,26,25,0,0.1029,790.772,8171.31,8171.31,734.663,3277,31,3276.7,29.1,29.1,30,30,118.515,0.0323,653.865,790.772,27,3276,0,25,24,24,0,3276.7,0,80,13/12/2024 13:50
2301,0,11.8515,24.3453,849.625,734.663,26,26,25,26,26,25,0,0.1029,791.022,8171.31,8171.31,734.663,3277,31,3276.7,29.1,29.1,30,30,118.515,0.0319,656.359,791.022,27,3276,0,25,24,24,0,3276.7,0,80,13/12/2024 13:50
2302,0,11.8515,24.349,850.373,734.413,26,26,25,26,26,25,0,0.1029,791.77,8171.31,8171.31,734.413,3277,31,3276.7,29.1,29.1,30,30,118.515,0.0326,651.371,791.77,27,3276,0,25,24,24,0,3276.7,0,80,13/12/2024 13:50
2303,0,11.8515,24.3526,849.625,734.912,26,26,25,26,26,25,0,0.1029,790.024,8171.31,8171.31,734.912,3277,31,3276.7,29.1,29.1,30,30,118.515,0.0326,655.361,790.024,27,3276,0,25,24,24,0,3276.7,0,80,13/12/2024 13:50
2304,0,11.8515,24.349,849.875,735.161,26,26,25,26,26,25,0,0.1029,789.526,8171.31,8171.31,735.161,3277,31,3276.7,29.1,29.1,30,30,118.515,0.0323,652.867,789.526,27,3276,0,25,24,24,0,3276.7,0,80,13/12/2024 13:50
2305,0,11.8515,24.3417,849.875,734.912,26,26,25,26,26,25,0,0.1029,789.775,8171.31,8171.31,734.912,3277,31,3276.7,29.1,29.1,30,30,118.515,0.0323,652.368,789.775,27,3276,0,25,24,24,0,3276.7,0,80,13/12/2024 13:50
2306,0,11.8515,24.3345,849.625,735.161,26,26,25,26,26,25,0,0.1029,789.775,8171.31,8171.31,735.161,3277,31,3276.7,29.1,29.1,30,30,118.515,0.0323,655.112,789.775,27,3276,0,25,24,24,0,3276.7,0,80,13/12/2024 13:50
2307,0,11.8515,24.3453,849.625,734.912,26,26,25,26,26,25,0,0.1029,791.271,8171.31,8171.31,734.912,3277,31,3276.7,29.1,29.1,30,30,118.515,0.0323,651.371,791.271,27,3276,0,25,24,24,0,3276.7,0,80,13/12/2024 13:50
2308,0,11.8515,24.3453,849.625,734.912,26,26,25,26,26,25,0,0.1029,791.271,8171.31,8171.31,734.912,3277,31,3276.7,29.1,29.1,30,30,118.515,0.0323,655.361,791.271,27,3276,0,25,24,24,0,3276.7,0,80,13/12/2024 13:50
2309,0,11.8515,24.3526,849.625,734.912,26,26,25,26,26,25,0,0.1029,792.019,8171.31,8171.31,734.912,3277,31,3276.7,29.1,29.1,30,30,118.515,0.0323,653.366,792.019,27,3276,0,25,24,24,0,3276.7,0,80,13/12/2024 13:50
2310,0,11.8515,24.3417,849.625,735.161,26,26,25,26,26,25,0,0.1029,791.77,8171.31,8171.31,735.161,3277,31,3276.7,29.1,29.1,30,30,118.515,0.0324,654.114,791.77,27,3276,0,25,24,24,0,3276.7,0,80,13/12/2024 13:50
2311,0,11.8515,24.349,849.625,734.663,26,26,25,26,26,25,0,0.1029,790.523,8171.31,8171.31,734.663,3277,31,3276.7,29.1,29.1,30,30,118.515,0.0324,655.361,790.523,27,3276,0,25,24,24,0,3276.7,0,80,13/12/2024 13:50
2312,0,11.8515,24.3417,849.625,734.413,26,26,25,26,26,25,0,0.1029,790.024,8171.31,8171.31,734.413,3277,31,3276.7,29.1,29.1,30,30,118.515,0.0321,651.62,790.024,27,3276,0,25,24,24,0,3276.7,0,80,13/12/2024 13:50
2313,0,11.8515,24.3526,850.373,735.161,26,26,25,26,26,25,0,0.1029,789.526,8171.31,8171.31,735.161,3277,31,3276.7,29.1,29.1,30,30,118.515,0.0323,655.361,789.526,27,3276,0,25,24,24,0,3276.7,0,80,13/12/2024 13:50
2314,0,11.8515,24.3453,849.625,734.912,26,26,25,26,26,25,0,0.1029,790.024,8171.31,8171.31,734.912,3277,31,3276.7,29.1,29.1,30,30,118.515,0.0323,652.368,790.024,27,3276,0,25,24,24,0,3276.7,0,80,13/12/2024 13:50
2315,0,11.8515,24.349,849.625,734.413,26,26,25,26,26,25,0,0.1029,789.276,8171.31,8171.31,734.413,3277,31,3276.7,29.1,29.1,30,30,118.515,0.0319,654.114,789.276,27,3276,0,25,24,24,0,3276.7,0,80,13/12/2024 13:50
2316,0,11.8515,24.3453,849.376,734.663,26,26,25,26,26,25,0,0.1029,790.523,8171.31,8171.31,734.663,3277,31,3276.7,29.1,29.1,30,30,118.515,0.0319,653.366,790.523,27,3276,0,25,24,24,0,3276.7,0,80,13/12/2024 13:50
2317,0,11.8515,24.3345,849.625,734.912,26,26,25,26,26,25,0,0.1029,791.271,8171.31,8171.31,734.912,3277,31,3276.7,29.1,29.1,30,30,118.515,0.0325,652.618,791.271,27,3276,0,25,24,24,0,3276.7,0,80,13/12/2024 13:50
2318,0,11.8515,24.3453,849.625,735.161,26,26,25,26,26,25,0,0.1029,791.77,8171.31,8171.31,735.161,3277,31,3276.7,29.1,29.1,30,30,118.515,0.0325,655.112,791.77,27,3276,0,25,24,24,0,3276.7,0,80,13/12/2024 13:50
2319,0,11.8515,24.3345,849.625,734.413,26,26,25,26,26,25,0,0.1029,791.77,8171.31,8171.31,734.413,3277,31,3276.7,29.1,29.1,30,30,118.515,0.0325,650.872,791.77,27,3276,0,25,24,24,0,3276.7,0,80,13/12/2024 13:50
2320,0,11.8515,24.3417,849.625,734.663,26,26,25,26,26,25,0,0.1029,791.271,8171.31,8171.31,734.663,3277,31,3276.7,29.1,29.1,30,30,118.515,0.0323,655.361,791.271,27,3276,0,25,24,24,0,3276.7,0,80,13/12/2024 13:50
2321,0,11.8515,24.3453,849.625,734.663,26,26,25,26,26,25,0,0.1029,791.022,8171.31,8171.31,734.663,3277,31,3276.7,29.1,29.1,30,30,118.515,0.032,651.371,791.022,27,3276,0,25,24,24,0,3276.7,0,80,13/12/2024 13:50
2322,0,11.8515,24.3526,849.625,734.413,26,26,25,26,26,25,0,0.1029,790.024,8171.31,8171.31,734.413,3277,31,3276.7,29.1,29.1,30,30,118.515,0.0325,655.86,790.024,27,3276,0,25,24,24,0,3276.7,0,80,13/12/2024 13:50
2323,0,11.8515,24.3453,849.625,734.663,26,26,25,26,26,25,0,0.1029,789.775,8171.31,8171.31,734.663,3277,31,3276.7,29.1,29.1,30,30,118.515,0.0323,653.366,789.775,27,3276,0,25,24,24,0,3276.7,0,80,13/12/2024 13:50
2324,0,11.8515,24.3417,849.875,735.161,26,26,25,26,26,25,0,0.1029,789.775,8171.31,8171.31,735.161,3277,31,3276.7,29.1,29.1,30,30,118.515,0.0323,652.618,789.775,27,3276,0,25,24,24,0,3276.7,0,80,13/12/2024 13:50
2325,0,11.8515,24.349,849.625,734.912,26,26,25,26,26,25,0,0.1029,790.024,8171.31,8171.31,734.912,3277,31,3276.7,29.1,29.1,30,30,118.515,0.0323,655.86,790.024,27,3276,0,25,24,24,0,3276.7,0,80,13/12/2024 13:50
2326,0,11.8515,24.349,849.875,734.912,26,26,25,26,26,25,0,0.1029,790.024,8171.31,8171.31,734.912,3277,31,3276.7,29.1,29.1,30,30,118.515,0.0318,651.371,790.024,27,3276,0,25,24,24,0,3276.7,0,80,13/12/2024 13:50
2327,0,11.8515,24.3453,849.875,735.161,26,26,25,26,26,25,0,0.0342,790.772,8171.31,8171.31,735.161,3277,31,3276.7,29.1,29.1,30,30,118.515,0.0318,655.86,790.772,27,3276,0,25,24,24,0,3276.7,0,80,13/12/2024 13:51
2328,0,11.8515,24.3453,850.623,734.413,26,26,25,26,26,25,0,0.0341,791.271,8171.31,8171.31,734.413,3277,31,3276.7,29.1,29.1,30,30,118.515,0.0325,652.618,791.271,27,3276,0,25,24,24,0,3276.7,0,80,13/12/2024 13:51
2329,0,11.8515,24.3453,849.625,734.663,26,26,25,26,26,25,0,0.0341,791.77,8171.31,8171.31,734.663,3277,31,3276.7,29.1,29.1,30,30,118.515,0.0322,653.865,791.77,27,3276,0,25,24,24,0,3276.7,0,80,13/12/2024 13:51
2330,0,11.8515,24.3453,849.875,734.912,26,26,25,26,26,25,0,0.0341,791.271,8171.31,8171.31,734.912,3277,31,3276.7,29.1,29.1,30,30,118.515,0.0322,655.112,791.271,27,3276,0,25,24,24,0,3276.7,0,80,13/12/2024 13:51
2331,0,11.8515,24.3526,850.373,735.161,26,26,25,26,26,25,0,0.0341,790.523,8171.31,8171.31,735.161,3277,31,3276.7,29.1,29.1,30,30,118.515,0.0319,651.122,790.523,27,3276,0,25,24,24,0,3276.7,0,80,13/12/2024 13:51
2332,0,11.8515,24.3526,849.875,734.663,26,26,25,26,26,25,0,0.0341,789.526,8171.31,8171.31,734.663,3277,31,3276.7,29.1,29.1,30,30,118.515,0.0319,655.112,789.526,27,3276,0,25,24,24,0,3276.7,0,80,13/12/2024 13:51
2333,0,11.8515,24.3526,849.625,735.161,26,26,25,26,26,25,0,0.0341,789.276,8171.31,8171.31,735.161,3277,31,3276.7,29.1,29.1,30,30,118.515,0.0323,652.867,789.276,27,3276,0,25,24,24,0,3276.7,0,80,13/12/2024 13:51
2334,0,11.8515,24.3453,849.625,734.663,26,26,25,26,26,25,0,0.0341,789.775,8171.31,8171.31,734.663,3277,31,3276.7,29.1,29.1,30,30,118.515,0.0324,655.361,789.775,27,3276,0,25,24,24,0,3276.7,0,80,13/12/2024 13:51
2335,0,11.8515,24.3526,849.625,734.912,26,26,25,26,26,25,0,0.0341,790.772,8171.31,8171.31,734.912,3277,31,3276.7,29.1,29.1,30,30,118.515,0.0324,656.109,790.772,27,3276,0,25,24,24,0,3276.7,0,80,13/12/2024 13:51
2336,0,11.8515,24.349,849.625,735.161,26,26,25,26,26,25,0,0.0341,791.271,8171.31,8171.31,735.161,3277,31,3276.7,29.1,29.1,30,30,118.515,0.0321,652.119,791.271,27,3276,0,25,24,24,0,3276.7,0,80,13/12/2024 13:51
2337,0,11.8515,24.3417,849.875,735.161,26,26,25,26,26,25,0,0.0341,791.022,8171.31,8171.31,735.161,3277,31,3276.7,29.1,29.1,30,30,118.515,0.0324,656.359,791.022,27,3276,0,25,24,24,0,3276.7,0,80,13/12/2024 13:51
2338,0,11.8515,24.3526,849.875,734.663,26,26,25,26,26,25,0,0.0341,791.022,8171.31,8171.31,734.663,3277,31,3276.7,29.1,29.1,30,30,118.515,0.0324,652.867,791.022,27,3276,0,25,24,24,0,3276.7,0,80,13/12/2024 13:51
2339,0,11.8515,24.3453,849.625,734.912,26,26,25,26,26,25,0,0.0341,790.772,8171.31,8171.31,734.912,3277,31,3276.7,29.1,29.1,30,30,118.515,0.032,654.862,790.772,27,3276,0,25,24,24,0,3276.7,0,80,13/12/2024 13:51
2340,0,11.8515,24.3453,849.376,734.663,26,26,25,26,26,25,0,0.0341,789.526,8171.31,8171.31,734.663,3277,31,3276.7,29.1,29.1,30,30,118.515,0.032,656.359,789.526,27,3276,0,25,24,24,0,3276.7,0,80,13/12/2024 13:51
2341,0,11.8515,24.3309,849.875,734.912,26,26,25,26,26,25,0,0.0341,790.024,8171.31,8171.31,734.912,3277,31,3276.7,29.1,29.1,30,30,118.515,0.0324,651.122,790.024,27,3276,0,25,24,24,0,3276.7,0,80,13/12/2024 13:51
2342,0,11.8515,24.3345,849.875,735.161,26,26,25,26,26,25,0,0.0341,790.024,8171.31,8171.31,735.161,3277,31,3276.7,29.1,29.1,30,30,118.515,0.0327,654.862,790.024,27,3276,0,25,24,24,0,3276.7,0,80,13/12/2024 13:51
2343,0,11.8515,24.3453,849.625,734.413,26,26,25,26,26,25,0,0.0341,790.523,8171.31,8171.31,734.413,3277,31,3276.7,29.1,29.1,30,30,118.515,0.0327,653.615,790.523,27,3276,0,25,24,24,0,3276.7,0,80,13/12/2024 13:51
2344,0,11.8515,24.3417,850.373,734.663,26,26,25,26,26,25,0,0.0341,790.772,8171.31,8171.31,734.663,3277,31,3276.7,29.1,29.1,30,30,118.515,0.0324,652.867,790.772,27,3276,0,25,24,24,0,3276.7,0,80,13/12/2024 13:51
2345,0,11.8515,24.349,849.625,734.663,26,26,25,26,26,25,0,0.0341,791.271,8171.31,8171.31,734.663,3277,31,3276.7,29.1,29.1,30,30,118.515,0.032,655.361,791.271,27,3276,0,25,24,24,0,3276.7,0,80,13/12/2024 13:51
2346,0,11.8515,24.349,849.625,734.912,26,26,25,26,26,25,0,0.0341,790.024,8171.31,8171.31,734.912,3277,31,3276.7,29.1,29.1,30,30,118.515,0.032,653.615,790.024,27,3276,0,25,24,24,0,3276.7,0,80,13/12/2024 13:51
2347,0,11.8515,24.3453,849.625,735.161,26,26,25,26,26,25,0,0.0341,790.024,8171.31,8171.31,735.161,3277,31,3276.7,29.1,29.1,30,30,118.515,0.0324,655.361,790.024,27,3276,0,25,24,24,0,3276.7,0,80,13/12/2024 13:51
2348,0,11.8515,24.349,849.875,734.912,26,26,25,26,26,25,0,0.0341,789.526,8171.31,8171.31,734.912,3277,31,3276.7,29.1,29.1,30,30,118.515,0.0324,655.361,789.526,27,3276,0,25,24,24,0,3276.7,0,80,13/12/2024 13:51
2349,0,11.8515,24.3453,849.875,734.912,26,26,25,26,26,25,0,0.0341,789.526,8171.31,8171.31,734.912,3277,31,3276.7,29.1,29.1,30,30,118.515,0.032,652.618,789.526,27,3276,0,25,24,24,0,3276.7,0,80,13/12/2024 13:51
2350,0,11.8515,24.349,849.625,734.912,26,26,25,26,26,25,0,0.0341,790.024,8171.31,8171.31,734.912,3277,31,3276.7,29.1,29.1,30,30,118.515,0.0322,655.361,790.024,27,3276,0,25,24,24,0,3276.7,0,80,13/12/2024 13:51
2351,0,11.8515,24.349,849.875,733.915,26,26,25,26,26,25,0,0.0341,792.019,8171.31,8171.31,733.915,3277,31,3276.7,29.1,29.1,30,30,118.515,0.0322,653.865,792.019,27,3276,0,25,24,24,0,3276.7,0,80,13/12/2024 13:51
2352,0,11.8515,24.3417,849.126,734.413,26,26,25,26,26,25,0,0.0341,792.269,8171.31,8171.31,734.413,3277,31,3276.7,29.1,29.1,30,30,118.515,0.0324,652.867,792.269,27,3276,0,25,24,24,0,3276.7,0,80,13/12/2024 13:51
2353,0,11.8515,24.3417,849.625,735.161,26,26,25,26,26,25,0,0.0341,790.772,8171.31,8171.31,735.161,3277,31,3276.7,29.1,29.1,30,30,118.515,0.0323,656.359,790.772,27,3276,0,25,24,24,0,3276.7,0,80,13/12/2024 13:51
2354,0,11.8515,24.3453,850.373,735.161,26,26,25,26,26,25,0,0.0341,789.526,8171.31,8171.31,735.161,3277,31,3276.7,29.1,29.1,30,30,118.515,0.0323,652.867,789.526,27,3276,0,25,24,24,0,3276.7,0,80,13/12/2024 13:51
2355,0,11.8515,24.349,849.875,734.413,26,26,25,26,26,25,0,0.0341,790.024,8171.31,8171.31,734.413,3277,31,3276.7,29.1,29.1,30,30,118.515,0.0324,654.114,790.024,27,3276,0,25,24,24,0,3276.7,0,80,13/12/2024 13:51
2356,0,11.8515,24.3526,849.875,734.912,26,26,25,26,26,25,0,0.0341,790.523,8171.31,8171.31,734.912,3277,31,3276.7,29.1,29.1,30,30,118.515,0.0324,655.361,790.523,27,3276,0,25,24,24,0,3276.7,0,80,13/12/2024 13:51
2357,0,11.8515,24.349,849.625,733.915,26,26,25,26,26,25,0,0.1029,791.77,8171.31,8171.31,733.915,3277,31,3276.7,29.1,29.1,30,30,118.515,0.0331,651.62,791.77,27,3276,0,25,24,24,0,3276.7,0,80,13/12/2024 13:51
2358,0,11.8515,24.3453,849.875,734.663,26,26,25,26,26,25,0,0.1022,791.022,8171.31,8171.31,734.663,3277,31,3276.7,29.1,29.1,30,30,118.515,0.0322,654.613,791.022,27,3276,0,25,24,24,0,3276.7,0,80,13/12/2024 13:51
2359,0,11.8515,24.3345,849.875,734.912,26,26,25,26,26,25,0,0.1022,790.024,8171.31,8171.31,734.912,3277,31,3276.7,29.1,29.1,30,30,118.515,0.0322,657.107,790.024,27,3276,0,25,24,24,0,3276.7,0,80,13/12/2024 13:51
2360,0,11.8515,24.349,849.625,735.161,26,26,25,26,26,25,0,0.1022,789.775,8171.31,8171.31,735.161,3277,31,3276.7,29.1,29.1,30,30,118.515,0.0324,653.366,789.775,27,3276,0,25,24,24,0,3276.7,0,80,13/12/2024 13:51
2361,0,11.8515,24.3345,849.875,734.413,26,26,25,26,26,25,0,0.1022,790.024,8171.31,8171.31,734.413,3277,31,3276.7,29.1,29.1,30,30,118.515,0.0319,656.109,790.024,27,3276,0,25,24,24,0,3276.7,0,80,13/12/2024 13:51
2362,0,11.8515,24.349,850.373,734.663,26,26,25,26,26,25,0,0.1022,791.271,8171.31,8171.31,734.663,3277,31,3276.7,29.1,29.1,30,30,118.515,0.0327,656.109,791.271,27,3276,0,25,24,24,0,3276.7,0,80,13/12/2024 13:51
2363,0,11.8515,24.3417,850.373,735.161,26,26,25,26,26,25,0,0.1022,792.269,8171.31,8171.31,735.161,3277,31,3276.7,29.1,29.1,30,30,118.515,0.0322,652.867,792.269,27,3276,0,25,24,24,0,3276.7,0,80,13/12/2024 13:51
2364,0,11.8515,24.349,849.875,735.161,26,26,25,26,26,25,0,0.1022,790.024,8171.31,8171.31,735.161,3277,31,3276.7,29.1,29.1,30,30,118.515,0.0322,655.86,790.024,27,3276,0,25,24,24,0,3276.7,0,80,13/12/2024 13:51
2365,0,11.8515,24.3453,849.376,735.66,26,26,25,26,26,25,0,0.1022,790.523,8171.31,8171.31,735.66,3277,31,3276.7,29.1,29.1,30,30,118.515,0.0325,655.112,790.523,27,3276,0,25,24,24,0,3276.7,0,80,13/12/2024 13:51
2366,0,11.8515,24.349,849.875,734.413,26,26,25,26,26,25,0,0.1022,789.775,8171.31,8171.31,734.413,3277,31,3276.7,29.1,29.1,30,30,118.515,0.0325,652.119,789.775,27,3276,0,25,24,24,0,3276.7,0,80,13/12/2024 13:51
2367,0,11.8515,24.3453,850.623,734.912,26,26,25,26,26,25,0,0.1022,789.775,8171.31,8171.31,734.912,3277,31,3276.7,29.1,29.1,30,30,118.515,0.0325,656.109,789.775,27,3276,0,25,24,24,0,3276.7,0,80,13/12/2024 13:51
2368,0,11.8515,24.349,849.625,734.663,26,26,25,26,26,25,0,0.1022,791.271,8171.31,8171.31,734.663,3277,31,3276.7,29.1,29.1,30,30,118.515,0.032,652.867,791.271,27,3276,0,25,24,24,0,3276.7,0,80,13/12/2024 13:51
2369,0,11.8515,24.3453,849.625,734.663,26,26,25,26,26,25,0,0.1022,792.269,8171.31,8171.31,734.663,3277,31,3276.7,29.1,29.1,30,30,118.515,0.0322,652.618,792.269,27,3276,0,25,24,24,0,3276.7,0,80,13/12/2024 13:51
2370,0,11.8515,24.3453,849.625,735.161,26,26,25,26,26,25,0,0.1022,791.022,8171.31,8171.31,735.161,3277,31,3276.7,29.1,29.1,30,30,118.515,0.0322,655.86,791.022,27,3276,0,25,24,24,0,3276.7,0,80,13/12/2024 13:51
2371,0,11.8515,24.3417,849.875,735.161,26,26,25,26,26,25,0,0.1022,790.772,8171.31,8171.31,735.161,3277,31,3276.7,29.1,29.1,30,30,118.515,0.0322,653.366,790.772,27,3276,0,25,24,24,0,3276.7,0,80,13/12/2024 13:51
2372,0,11.8515,24.349,849.376,735.161,26,26,25,26,26,25,0,0.1022,789.276,8171.31,8171.31,735.161,3277,31,3276.7,29.1,29.1,30,30,118.515,0.0322,655.112,789.276,27,3276,0,25,24,24,0,3276.7,0,80,13/12/2024 13:51
2373,0,11.8515,24.3417,849.625,734.663,26,26,25,26,26,25,0,0.1022,789.276,8171.31,8171.31,734.663,3277,31,3276.7,29.1,29.1,30,30,118.515,0.0322,657.356,789.276,27,3276,0,25,24,24,0,3276.7,0,80,13/12/2024 13:51
2374,0,11.8515,24.349,849.625,734.912,26,26,25,26,26,25,0,0.1022,790.772,8171.31,8171.31,734.912,3277,31,3276.7,29.1,29.1,30,30,118.515,0.0322,652.867,790.772,27,3276,0,25,24,24,0,3276.7,0,80,13/12/2024 13:51
2375,0,11.8515,24.349,849.875,734.912,26,26,25,26,26,25,0,0.1022,791.77,8171.31,8171.31,734.912,3277,31,3276.7,29.1,29.1,30,30,118.515,0.0322,656.359,791.77,27,3276,0,25,24,24,0,3276.7,0,80,13/12/2024 13:51
2376,0,11.8515,24.3417,849.625,735.161,26,26,25,26,26,25,0,0.1022,792.019,8171.31,8171.31,735.161,3277,31,3276.7,29.1,29.1,30,30,118.515,0.0322,656.608,792.019,27,3276,0,25,24,24,0,3276.7,0,80,13/12/2024 13:51
2377,0,11.8515,24.349,849.376,734.912,26,26,25,26,26,25,0,0.1022,790.523,8171.31,8171.31,734.912,3277,31,3276.7,29.1,29.1,30,30,118.515,0.0319,652.867,790.523,27,3276,0,25,24,24,0,3276.7,0,80,13/12/2024 13:51
2378,0,11.8515,24.3417,849.625,734.912,26,26,25,26,26,25,0,0.1022,789.276,8171.31,8171.31,734.912,3277,31,3276.7,29.1,29.1,30,30,118.515,0.0319,656.109,789.276,27,3276,0,25,24,24,0,3276.7,0,80,13/12/2024 13:51
2379,0,11.8515,24.3345,849.875,734.912,26,26,25,26,26,25,0,0.1022,789.526,8171.31,8171.31,734.912,3277,31,3276.7,29.1,29.1,30,30,118.515,0.0323,653.615,789.526,27,3276,0,25,24,24,0,3276.7,0,80,13/12/2024 13:51
2380,0,11.8515,24.349,849.625,735.161,26,26,25,26,26,25,0,0.1022,790.024,8171.31,8171.31,735.161,3277,31,3276.7,29.1,29.1,30,30,118.515,0.0323,652.867,790.024,27,3276,0,25,24,24,0,3276.7,0,80,13/12/2024 13:51
2381,0,11.8515,24.349,849.625,734.912,26,26,25,26,26,25,0,0.1022,791.77,8171.31,8171.31,734.912,3277,31,3276.7,29.1,29.1,30,30,118.515,0.0323,655.86,791.77,27,3276,0,25,24,24,0,3276.7,0,80,13/12/2024 13:51
2382,0,11.8515,24.3526,849.625,734.912,26,26,25,26,26,25,0,0.1022,791.77,8171.31,8171.31,734.912,3277,31,3276.7,29.1,29.1,30,30,118.515,0.0321,653.615,791.77,27,3276,0,25,24,24,0,3276.7,0,80,13/12/2024 13:51
2383,0,11.8515,24.3453,849.625,735.161,26,26,25,26,26,25,0,0.1022,790.772,8171.31,8171.31,735.161,3277,31,3276.7,29.1,29.1,30,30,118.515,0.0321,654.862,790.772,27,3276,0,25,24,24,0,3276.7,0,80,13/12/2024 13:51
2384,0,11.8515,24.349,849.625,734.912,26,26,25,26,26,25,0,0.1022,790.024,8171.31,8171.31,734.912,3277,31,3276.7,29.1,29.1,30,30,118.515,0.0322,657.107,790.024,27,3276,0,25,24,24,0,3276.7,0,80,13/12/2024 13:51
2385,0,11.8515,24.3526,849.625,734.912,26,26,25,26,26,25,0,0.1022,790.024,8171.31,8171.31,734.912,3277,31,3276.7,29.1,29.1,30,30,118.515,0.0322,652.867,790.024,27,3276,0,25,24,24,0,3276.7,0,80,13/12/2024 13:51
2386,0,11.8515,24.3345,849.625,734.912,26,26,25,26,26,25,0,0.1022,789.775,8171.31,8171.31,734.912,3277,31,3276.7,29.1,29.1,30,30,118.515,0.0317,656.359,789.775,27,3276,0,25,24,24,0,3276.7,0,80,13/12/2024 13:51
2387,0,11.8515,24.3526,849.625,734.413,26,26,25,26,26,25,0,0.0341,791.022,8171.31,8171.31,734.413,3277,31,3276.7,29.1,29.1,30,30,118.515,0.0322,656.109,791.022,27,3276,0,25,24,24,0,3276.7,0,80,13/12/2024 13:52
2388,0,11.8515,24.3634,849.625,734.912,26,26,25,26,26,25,0,0.0343,791.271,8171.31,8171.31,734.912,3277,31,3276.7,29.1,29.1,30,30,118.515,0.0322,652.867,791.271,27,3276,0,25,24,24,0,3276.7,0,80,13/12/2024 13:52
2389,0,11.8515,24.349,850.373,735.161,26,26,25,26,26,25,0,0.0343,791.022,8171.31,8171.31,735.161,3277,31,3276.7,29.1,29.1,30,30,118.515,0.0322,656.608,791.022,27,3276,0,25,24,24,0,3276.7,0,80,13/12/2024 13:52
2390,0,11.8515,24.3526,849.875,734.663,26,26,25,26,26,25,0,0.0343,790.024,8171.31,8171.31,734.663,3277,31,3276.7,29.1,29.1,30,30,118.515,0.0322,655.86,790.024,27,3276,0,25,24,24,0,3276.7,0,80,13/12/2024 13:52
2391,0,11.8515,24.3417,849.875,734.912,26,26,25,26,26,25,0,0.0343,790.523,8171.31,8171.31,734.912,3277,31,3276.7,29.1,29.1,30,30,118.515,0.0322,652.618,790.523,27,3276,0,25,24,24,0,3276.7,0,80,13/12/2024 13:52
2392,0,11.8515,24.349,850.373,735.161,26,26,25,26,26,25,0,0.0343,790.024,8171.31,8171.31,735.161,3277,31,3276.7,29.1,29.1,30,30,118.515,0.0326,655.86,790.024,27,3276,0,25,24,24,0,3276.7,0,80,13/12/2024 13:52
2393,0,11.8515,24.349,849.625,734.663,26,26,25,26,26,25,0,0.0343,791.271,8171.31,8171.31,734.663,3277,31,3276.7,29.1,29.1,30,30,118.515,0.0321,652.867,791.271,27,3276,0,25,24,24,0,3276.7,0,80,13/12/2024 13:52
2394,0,11.8515,24.3526,849.875,734.912,26,26,25,26,26,25,0,0.0343,790.523,8171.31,8171.31,734.912,3277,31,3276.7,29.1,29.1,30,30,118.515,0.0325,654.114,790.523,27,3276,0,25,24,24,0,3276.7,0,80,13/12/2024 13:52
2395,0,11.8515,24.3453,849.625,735.161,26,26,25,26,26,25,0,0.0343,790.772,8171.31,8171.31,735.161,3277,31,3276.7,29.1,29.1,30,30,118.515,0.0319,658.354,790.772,27,3276,0,25,24,24,0,3276.7,0,80,13/12/2024 13:52
2396,0,11.8515,24.3417,850.373,734.912,26,26,25,26,26,25,0,0.0343,790.024,8171.31,8171.31,734.912,3277,31,3276.7,29.1,29.1,30,30,118.515,0.0319,655.361,790.024,27,3276,0,25,24,24,0,3276.7,0,80,13/12/2024 13:52
2397,0,11.8515,24.3417,849.875,733.915,26,26,25,26,26,25,0,0.0343,790.523,8171.31,8171.31,733.915,3277,31,3276.7,29.1,29.1,30,30,118.515,0.0326,655.112,790.523,27,3276,0,25,24,24,0,3276.7,0,80,13/12/2024 13:52
2398,0,11.8515,24.3453,849.875,734.912,26,26,25,26,26,25,0,0.0343,791.022,8171.31,8171.31,734.912,3277,31,3276.7,29.1,29.1,30,30,118.515,0.0324,656.608,791.022,27,3276,0,25,24,24,0,3276.7,0,80,13/12/2024 13:52
2399,0,11.8515,24.3417,849.875,735.161,26,26,25,26,26,25,0,0.0343,791.022,8171.31,8171.31,735.161,3277,31,3276.7,29.1,29.1,30,30,118.515,0.0324,655.112,791.022,27,3276,0,25,24,24,0,3276.7,0,80,13/12/2024 13:52
2400,0,11.8515,24.3453,849.625,735.161,26,26,25,26,26,25,0,0.0343,791.022,8171.31,8171.31,735.161,3277,31,3276.7,29.1,29.1,30,30,118.515,0.0324,654.862,791.022,27,3276,0,25,24,24,0,3276.7,0,80,13/12/2024 13:52
2401,0,11.8515,24.3526,849.625,733.915,26,26,25,26,26,25,0,0.0343,790.523,8171.31,8171.31,733.915,3277,31,3276.7,29.1,29.1,30,30,118.515,0.0322,657.605,790.523,27,3276,0,25,24,24,0,3276.7,0,80,13/12/2024 13:52
2402,0,11.8515,24.3526,849.875,734.663,26,26,25,26,26,25,0,0.0343,790.024,8171.31,8171.31,734.663,3277,31,3276.7,29.1,29.1,30,30,118.515,0.0322,653.615,790.024,27,3276,0,25,24,24,0,3276.7,0,80,13/12/2024 13:52
2403,0,11.8515,24.349,849.875,734.912,26,26,25,26,26,25,0,0.0343,790.024,8171.31,8171.31,734.912,3277,31,3276.7,29.1,29.1,30,30,118.515,0.0321,653.615,790.024,27,3276,0,25,24,24,0,3276.7,0,80,13/12/2024 13:52
2404,0,11.8515,24.3526,849.875,734.912,26,26,25,26,26,25,0,0.0343,791.271,8171.31,8171.31,734.912,3277,31,3276.7,29.1,29.1,30,30,118.515,0.0321,656.359,791.271,27,3276,0,25,24,24,0,3276.7,0,80,13/12/2024 13:52
2405,0,11.8515,24.349,849.875,734.912,26,26,25,26,26,25,0,0.0343,791.022,8171.31,8171.31,734.912,3277,31,3276.7,29.1,29.1,30,30,118.515,0.0322,655.112,791.022,27,3276,0,25,24,24,0,3276.7,0,80,13/12/2024 13:52
2406,0,11.8515,24.3453,850.373,734.912,26,26,25,26,26,25,0,0.0343,790.772,8171.31,8171.31,734.912,3277,31,3276.7,29.1,29.1,30,30,118.515,0.0322,655.361,790.772,27,3276,0,25,24,24,0,3276.7,0,80,13/12/2024 13:52
2407,0,11.8515,24.3417,851.121,734.912,26,26,25,26,26,25,0,0.0343,790.024,8171.31,8171.31,734.912,3277,31,3276.7,29.1,29.1,30,30,118.515,0.0322,657.855,790.024,27,3276,0,25,24,24,0,3276.7,0,80,13/12/2024 13:52
2408,0,11.8515,24.3526,849.875,734.912,26,26,25,26,26,25,0,0.0343,790.024,8171.31,8171.31,734.912,3277,31,3276.7,29.1,29.1,30,30,118.515,0.0324,655.361,790.024,27,3276,0,25,24,24,0,3276.7,0,80,13/12/2024 13:52
2409,0,11.8515,24.3417,849.875,735.161,26,26,25,26,26,25,0,0.0343,789.526,8171.31,8171.31,735.161,3277,31,3276.7,29.1,29.1,30,30,118.515,0.0323,656.109,789.526,27,3276,0,25,24,24,0,3276.7,0,80,13/12/2024 13:52
2410,0,11.8515,24.3526,849.625,735.161,26,26,25,26,26,25,0,0.0343,791.271,8171.31,8171.31,735.161,3277,31,3276.7,29.1,29.1,30,30,118.515,0.0324,658.354,791.271,27,3276,0,25,24,24,0,3276.7,0,80,13/12/2024 13:52
2411,0,11.8515,24.349,850.373,735.161,26,26,25,26,26,25,0,0.0343,791.022,8171.31,8171.31,735.161,3277,31,3276.7,29.1,29.1,30,30,118.515,0.0324,655.112,791.022,27,3276,0,25,24,24,0,3276.7,0,80,13/12/2024 13:52
2412,0,11.8515,24.4538,849.625,734.663,26,26,25,26,26,25,0,0.0343,789.775,8171.31,8171.31,734.663,3277,31,3276.7,29.1,29.1,30,30,118.515,0.0324,655.361,789.775,27,3276,0,25,24,24,0,3276.7,0,80,13/12/2024 13:52
2413,0,11.8515,24.4502,849.625,734.663,26,26,25,26,26,25,0,0.0343,789.775,8171.31,8171.31,734.663,3277,31,3276.7,29.1,29.1,30,30,118.515,0.0324,657.605,789.775,27,3276,0,25,24,24,0,3276.7,0,80,13/12/2024 13:52
2414,0,11.8515,24.349,849.875,735.161,26,26,25,26,26,25,0,0.0343,790.024,8171.31,8171.31,735.161,3277,31,3276.7,29.1,29.1,30,30,118.515,0.0323,653.865,790.024,27,3276,0,25,24,24,0,3276.7,0,80,13/12/2024 13:52
2415,0,11.8515,24.3526,849.625,735.161,26,26,25,26,26,25,0,0.0343,791.271,8171.31,8171.31,735.161,3277,31,3276.7,29.1,29.1,30,30,118.515,0.0323,656.359,791.271,27,3276,0,25,24,24,0,3276.7,0,80,13/12/2024 13:52
2416,0,11.8515,24.4502,850.373,735.161,26,26,25,26,26,25,0,0.0343,792.019,8171.31,8171.31,735.161,3277,31,3276.7,29.1,29.1,30,30,118.515,0.0323,657.605,792.019,27,3276,0,25,24,24,0,3276.7,0,80,13/12/2024 13:52
2417,0,11.8515,24.443,850.623,734.413,26,26,25,26,26,25,0,0.0343,791.271,8171.31,8171.31,734.413,3277,31,3276.7,29.1,29.1,30,30,118.515,0.0325,652.867,791.271,27,3276,0,25,24,24,0,3276.7,0,80,13/12/2024 13:52
2418,0,11.8515,24.349,849.376,735.161,26,26,25,26,26,25,0,0.0337,790.024,8171.31,8171.31,735.161,3277,31,3276.7,29.1,29.1,30,30,118.515,0.0322,657.855,790.024,27,3276,0,25,24,24,0,3276.7,0,80,13/12/2024 13:52
2419,0,11.8515,24.3309,850.373,735.161,26,26,25,26,26,25,0,0.0337,789.526,8171.31,8171.31,735.161,3277,31,3276.7,29.1,29.1,30,30,118.515,0.0324,655.86,789.526,27,3276,0,25,24,24,0,3276.7,0,80,13/12/2024 13:52
2420,0,11.8515,24.349,850.373,735.161,26,26,25,26,26,25,0,0.0337,790.024,8171.31,8171.31,735.161,3277,31,3276.7,29.1,29.1,30,30,118.515,0.0324,656.608,790.024,27,3276,0,25,24,24,0,3276.7,0,80,13/12/2024 13:52
2421,0,11.8515,24.3996,849.625,735.161,26,26,25,26,26,25,0,0.0337,790.024,8171.31,8171.31,735.161,3277,31,3276.7,29.1,29.1,30,30,118.515,0.0324,658.354,790.024,27,3276,0,25,24,24,0,3276.7,0,80,13/12/2024 13:52
2422,0,11.8515,24.443,850.373,734.413,26,26,25,26,26,25,0,0.0337,790.523,8171.31,8171.31,734.413,3277,31,3276.7,29.1,29.1,30,30,118.515,0.0324,652.618,790.523,27,3276,0,25,24,24,0,3276.7,0,80,13/12/2024 13:52
2423,0,11.8515,24.4502,849.625,734.912,26,26,25,26,26,25,0,0.0337,791.271,8171.31,8171.31,734.912,3277,31,3276.7,29.1,29.1,30,30,118.515,0.0324,657.605,791.271,27,3276,0,25,24,24,0,3276.7,0,80,13/12/2024 13:52
2424,0,11.8515,24.3526,849.625,734.912,26,26,25,26,26,25,0,0.0337,791.271,8171.31,8171.31,734.912,3277,31,3276.7,29.1,29.1,30,30,118.515,0.0322,654.862,791.271,27,3276,0,25,24,24,0,3276.7,0,80,13/12/2024 13:52
2425,0,11.8515,24.349,849.625,734.663,26,26,25,26,26,25,0,0.0337,791.77,8171.31,8171.31,734.663,3277,31,3276.7,29.1,29.1,30,30,118.515,0.0322,656.359,791.77,27,3276,0,25,24,24,0,3276.7,0,80,13/12/2024 13:52
2426,0,11.8515,24.3417,849.875,735.161,26,26,25,26,26,25,0,0.0337,791.271,8171.31,8171.31,735.161,3277,31,3276.7,29.1,29.1,30,30,118.515,0.0322,657.107,791.271,27,3276,0,25,24,24,0,3276.7,0,80,13/12/2024 13:52
2427,0,11.8515,24.3453,849.625,734.663,26,26,25,26,26,25,0,0.0337,789.775,8171.31,8171.31,734.663,3277,31,3276.7,29.1,29.1,30,30,118.515,0.0326,653.366,789.775,27,3276,0,25,24,24,0,3276.7,0,80,13/12/2024 13:52
2428,0,11.8515,24.3453,849.625,735.161,26,26,25,26,26,25,0,0.0337,790.523,8171.31,8171.31,735.161,3277,31,3276.7,29.1,29.1,30,30,118.515,0.0326,657.855,790.523,27,3276,0,25,24,24,0,3276.7,0,80,13/12/2024 13:52
2429,0,11.8515,24.3598,849.875,735.161,26,26,25,26,26,25,0,0.0337,790.523,8171.31,8171.31,735.161,3277,31,3276.7,29.1,29.1,30,30,118.515,0.0322,654.114,790.523,27,3276,0,25,24,24,0,3276.7,0,80,13/12/2024 13:52
2430,0,11.8515,24.4502,849.875,735.161,26,26,25,26,26,25,0,0.0337,790.024,8171.31,8171.31,735.161,3277,31,3276.7,29.1,29.1,30,30,118.515,0.0321,658.852,790.024,27,3276,0,25,24,24,0,3276.7,0,80,13/12/2024 13:52
2431,0,11.8515,24.4394,849.875,735.66,26,26,25,26,26,25,0,0.0337,790.024,8171.31,8171.31,735.66,3277,31,3276.7,29.1,29.1,30,30,118.515,0.0321,656.359,790.024,27,3276,0,25,24,24,0,3276.7,0,80,13/12/2024 13:52
2432,0,11.8515,24.349,849.625,735.161,26,26,25,26,26,25,0,0.0337,790.772,8171.31,8171.31,735.161,3277,31,3276.7,29.1,29.1,30,30,118.515,0.0326,656.109,790.772,27,3276,0,25,24,24,0,3276.7,0,80,13/12/2024 13:52
2433,0,11.8515,24.3453,849.875,734.912,26,26,25,26,26,25,0,0.0337,791.271,8171.31,8171.31,734.912,3277,31,3276.7,29.1,29.1,30,30,118.515,0.0326,658.852,791.271,27,3276,0,25,24,24,0,3276.7,0,80,13/12/2024 13:52
2434,0,11.8515,24.349,849.625,735.161,26,26,25,26,26,25,0,0.0337,791.271,8171.31,8171.31,735.161,3277,31,3276.7,29.1,29.1,30,30,118.515,0.0323,655.112,791.271,27,3276,0,25,24,24,0,3276.7,0,80,13/12/2024 13:52
2435,0,11.8515,24.349,849.625,735.161,26,26,25,26,26,25,0,0.0337,790.772,8171.31,8171.31,735.161,3277,31,3276.7,29.1,29.1,30,30,118.515,0.032,657.855,790.772,27,3276,0,25,24,24,0,3276.7,0,80,13/12/2024 13:52
2436,0,11.8515,24.3453,849.625,735.161,26,26,25,26,26,25,0,0.0337,790.024,8171.31,8171.31,735.161,3277,31,3276.7,29.1,29.1,30,30,118.515,0.032,657.356,790.024,27,3276,0,25,24,24,0,3276.7,0,80,13/12/2024 13:52
2437,0,11.8515,24.349,849.625,734.912,26,26,25,26,26,25,0,0.0337,790.024,8171.31,8171.31,734.912,3277,31,3276.7,29.1,29.1,30,30,118.515,0.032,653.615,790.024,27,3276,0,25,24,24,0,3276.7,0,80,13/12/2024 13:52
2438,0,11.8515,24.4394,849.625,734.663,26,26,25,26,26,25,0,0.0337,790.024,8171.31,8171.31,734.663,3277,31,3276.7,29.1,29.1,30,30,118.515,0.0325,657.605,790.024,27,3276,0,25,24,24,0,3276.7,0,80,13/12/2024 13:52
2439,0,11.8515,24.4502,849.625,734.912,26,26,25,26,26,25,0,0.0337,792.019,8171.31,8171.31,734.912,3277,31,3276.7,29.1,29.1,30,30,118.515,0.0325,655.86,792.019,27,3276,0,25,24,24,0,3276.7,0,80,13/12/2024 13:52
2440,0,11.8515,24.4502,849.376,735.161,26,26,25,26,26,25,0,0.0337,791.271,8171.31,8171.31,735.161,3277,31,3276.7,29.1,29.1,30,30,118.515,0.0325,655.86,791.271,27,3276,0,25,24,24,0,3276.7,0,80,13/12/2024 13:52
2441,0,11.8515,24.4502,849.875,735.161,26,26,25,26,26,25,0,0.0337,790.523,8171.31,8171.31,735.161,3277,31,3276.7,29.1,29.1,30,30,118.515,0.0322,659.85,790.523,27,3276,0,25,24,24,0,3276.7,0,80,13/12/2024 13:52
2442,0,11.8515,24.3417,849.875,734.663,26,26,25,26,26,25,0,0.0337,790.024,8171.31,8171.31,734.663,3277,31,3276.7,29.1,29.1,30,30,118.515,0.0324,657.855,790.024,27,3276,0,25,24,24,0,3276.7,0,80,13/12/2024 13:52
2443,0,11.8515,24.349,849.625,734.912,26,26,25,26,26,25,0,0.0337,790.024,8171.31,8171.31,734.912,3277,31,3276.7,29.1,29.1,30,30,118.515,0.032,656.109,790.024,27,3276,0,25,24,24,0,3276.7,0,80,13/12/2024 13:52
2444,0,11.8515,24.349,849.875,734.663,26,26,25,26,26,25,0,0.0337,790.772,8171.31,8171.31,734.663,3277,31,3276.7,29.1,29.1,30,30,118.515,0.032,659.6,790.772,27,3276,0,25,24,24,0,3276.7,0,80,13/12/2024 13:52
2445,0,11.8515,24.3453,849.625,734.912,26,26,25,26,26,25,0,0.0337,792.019,8171.31,8171.31,734.912,3277,31,3276.7,29.1,29.1,30,30,118.515,0.032,656.359,792.019,27,3276,0,25,24,24,0,3276.7,0,80,13/12/2024 13:52
2446,0,11.8515,24.349,849.625,734.663,26,26,25,26,26,25,0,0.0337,791.022,8171.31,8171.31,734.663,3277,31,3276.7,29.1,29.1,30,30,118.515,0.032,654.862,791.022,27,3276,0,25,24,24,0,3276.7,0,80,13/12/2024 13:52
2447,0,11.8515,24.3453,849.625,734.912,26,26,25,26,26,25,0,0.1016,790.523,8171.31,8171.31,734.912,3277,31,3276.7,29.1,29.1,30,30,118.515,0.0322,657.855,790.523,27,3276,0,25,24,24,0,3276.7,0,80,13/12/2024 13:53
2448,0,11.8515,24.349,849.625,734.663,26,26,25,26,26,25,0,0.0341,789.526,8171.31,8171.31,734.663,3277,31,3276.7,29.1,29.1,30,30,118.515,0.0322,656.359,789.526,27,3276,0,25,24,24,0,3276.7,0,80,13/12/2024 13:53
2449,0,11.8515,24.3453,849.875,734.663,26,26,25,26,26,25,0,0.0341,790.024,8171.31,8171.31,734.663,3277,31,3276.7,29.1,29.1,30,30,118.515,0.032,655.112,790.024,27,3276,0,25,24,24,0,3276.7,0,80,13/12/2024 13:53
2450,0,11.8515,24.3453,850.373,735.161,26,26,25,26,26,25,0,0.0341,792.019,8171.31,8171.31,735.161,3277,31,3276.7,29.1,29.1,30,30,118.515,0.032,658.354,792.019,27,3276,0,25,24,24,0,3276.7,0,80,13/12/2024 13:53
2451,0,11.8515,24.3526,849.875,734.663,26,26,25,26,26,25,0,0.0341,792.019,8171.31,8171.31,734.663,3277,31,3276.7,29.1,29.1,30,30,118.515,0.0323,655.86,792.019,27,3276,0,25,24,24,0,3276.7,0,80,13/12/2024 13:53
2452,0,11.8515,24.4502,849.376,734.663,26,26,25,26,26,25,0,0.0341,790.523,8171.31,8171.31,734.663,3277,31,3276.7,29.1,29.1,30,30,118.515,0.0323,655.361,790.523,27,3276,0,25,24,24,0,3276.7,0,80,13/12/2024 13:53
2453,0,11.8515,24.3634,849.875,734.912,26,26,25,26,26,25,0,0.0341,789.526,8171.31,8171.31,734.912,3277,31,3276.7,29.1,29.1,30,30,118.515,0.0323,658.852,789.526,27,3276,0,25,24,24,0,3276.7,0,80,13/12/2024 13:53
2454,0,11.8515,24.3453,849.625,735.161,26,26,25,26,26,25,0,0.0341,790.772,8171.31,8171.31,735.161,3277,31,3276.7,29.1,29.1,30,30,118.515,0.0323,655.86,790.772,27,3276,0,25,24,24,0,3276.7,0,80,13/12/2024 13:53
2455,0,11.8515,24.349,849.625,734.912,26,26,25,26,26,25,0,0.0341,791.271,8171.31,8171.31,734.912,3277,31,3276.7,29.1,29.1,30,30,118.515,0.0323,655.361,791.271,27,3276,0,25,24,24,0,3276.7,0,80,13/12/2024 13:53
2456,0,11.8515,24.443,849.625,734.912,26,26,25,26,26,25,0,0.0341,792.019,8171.31,8171.31,734.912,3277,31,3276.7,29.1,29.1,30,30,118.515,0.0326,658.603,792.019,27,3276,0,25,24,24,0,3276.7,0,80,13/12/2024 13:53
2457,0,11.8515,24.443,850.373,734.912,26,26,25,26,26,25,0,0.0341,791.271,8171.31,8171.31,734.912,3277,31,3276.7,29.1,29.1,30,30,118.515,0.0324,655.361,791.271,27,3276,0,25,24,24,0,3276.7,0,80,13/12/2024 13:53
2458,0,11.8515,24.3417,849.625,734.663,26,26,25,26,26,25,0,0.0341,789.526,8171.31,8171.31,734.663,3277,31,3276.7,29.1,29.1,30,30,118.515,0.0323,655.361,789.526,27,3276,0,25,24,24,0,3276.7,0,80,13/12/2024 13:53
2459,0,11.8515,24.349,850.373,734.912,26,26,25,26,26,25,0,0.0341,790.024,8171.31,8171.31,734.912,3277,31,3276.7,29.1,29.1,30,30,118.515,0.0324,658.603,790.024,27,3276,0,25,24,24,0,3276.7,0,80,13/12/2024 13:53
2460,0,11.8515,24.349,850.373,735.161,26,26,25,26,26,25,0,0.0341,790.024,8171.31,8171.31,735.161,3277,31,3276.7,29.1,29.1,30,30,118.515,0.0324,655.361,790.024,27,3276,0,25,24,24,0,3276.7,0,80,13/12/2024 13:53
2461,0,11.8515,24.3526,849.625,734.912,26,26,25,26,26,25,0,0.0341,792.019,8171.31,8171.31,734.912,3277,31,3276.7,29.1,29.1,30,30,118.515,0.0323,655.361,792.019,27,3276,0,25,24,24,0,3276.7,0,80,13/12/2024 13:53
2462,0,11.8515,24.3526,849.875,734.912,26,26,25,26,26,25,0,0.0341,791.77,8171.31,8171.31,734.912,3277,31,3276.7,29.1,29.1,30,30,118.515,0.0318,658.603,791.77,27,3276,0,25,24,24,0,3276.7,0,80,13/12/2024 13:53
2463,0,11.8515,24.3453,849.625,735.161,26,26,25,26,26,25,0,0.0341,790.024,8171.31,8171.31,735.161,3277,31,3276.7,29.1,29.1,30,30,118.515,0.0318,656.359,790.024,27,3276,0,25,24,24,0,3276.7,0,80,13/12/2024 13:53
2464,0,11.8515,24.4502,849.875,735.161,26,26,25,26,26,25,0,0.0341,790.024,8171.31,8171.31,735.161,3277,31,3276.7,29.1,29.1,30,30,118.515,0.0323,658.852,790.024,27,3276,0,25,24,24,0,3276.7,0,80,13/12/2024 13:53
2465,0,11.8515,24.4394,850.373,735.161,26,26,25,26,26,25,0,0.0341,789.526,8171.31,8171.31,735.161,3277,31,3276.7,29.2,29.2,30,30,118.515,0.0319,658.852,789.526,27,3276,0,25,24,24,0,3276.7,0,80,13/12/2024 13:53
2466,0,11.8515,24.4538,849.625,734.663,26,26,25,26,26,25,0,0.0341,790.523,8171.31,8171.31,734.663,3277,31,3276.7,29.1,29.1,30,30,118.515,0.0323,656.109,790.523,27,3276,0,25,24,24,0,3276.7,0,80,13/12/2024 13:53
2467,0,11.8515,24.3453,849.875,735.161,26,26,25,26,26,25,0,0.0341,792.269,8171.31,8171.31,735.161,3277,31,3276.7,29.1,29.1,30,30,118.515,0.0319,657.855,792.269,27,3276,0,25,24,24,0,3276.7,0,80,13/12/2024 13:53
2468,0,11.8515,24.3453,849.875,735.161,26,26,25,26,26,25,0,0.0341,792.269,8171.31,8171.31,735.161,3277,31,3276.7,29.1,29.1,30,30,118.515,0.0319,657.855,792.269,27,3276,0,25,24,24,0,3276.7,0,80,13/12/2024 13:53
2469,0,11.8515,24.3417,850.373,735.161,26,26,25,26,26,25,0,0.0341,791.022,8171.31,8171.31,735.161,3277,31,3276.7,29.2,29.2,30,30,118.515,0.0323,655.361,791.022,27,3276,0,25,24,24,0,3276.7,0,80,13/12/2024 13:53
2470,0,11.8515,24.3453,849.625,734.663,26,26,25,26,26,25,0,0.0341,790.024,8171.31,8171.31,734.663,3277,31,3276.7,29.2,29.2,30,30,118.515,0.0324,658.354,790.024,27,3276,0,25,24,24,0,3276.7,0,80,13/12/2024 13:53
2471,0,11.8515,24.367,849.875,735.161,26,26,25,26,26,25,0,0.0341,790.024,8171.31,8171.31,735.161,3277,31,3276.7,29.2,29.2,30,30,118.515,0.0324,657.107,790.024,27,3276,0,25,24,24,0,3276.7,0,80,13/12/2024 13:53
2472,0,11.8515,24.4394,849.875,734.912,26,26,25,26,26,25,0,0.0341,791.77,8171.31,8171.31,734.912,3277,31,3276.7,29.2,29.2,30,30,118.515,0.0322,660.349,791.77,27,3276,0,25,24,24,0,3276.7,0,80,13/12/2024 13:53
2473,0,11.8515,24.4358,849.625,734.663,26,26,25,26,26,25,0,0.0341,790.772,8171.31,8171.31,734.663,3277,31,3276.7,29.2,29.2,30,30,118.515,0.0322,657.855,790.772,27,3276,0,25,24,24,0,3276.7,0,80,13/12/2024 13:53
2474,0,11.8515,24.4358,849.625,734.663,26,26,25,26,26,25,0,0.0341,790.772,8171.31,8171.31,734.663,3277,31,3276.7,29.2,29.2,30,30,118.515,0.0322,657.855,790.772,27,3276,0,25,24,24,0,3276.7,0,80,13/12/2024 13:53
2475,0,11.8515,24.4502,849.875,734.663,26,26,25,26,26,25,0,0.0341,790.523,8171.31,8171.31,734.663,3277,31,3276.7,29.2,29.2,30,30,118.515,0.0321,659.85,790.523,27,3276,0,25,24,24,0,3276.7,0,80,13/12/2024 13:53
2476,0,11.8515,24.3345,849.625,734.912,26,26,25,26,26,25,0,0.0341,789.775,8171.31,8171.31,734.912,3277,31,3276.7,29.2,29.2,30,30,118.515,0.0323,660.349,789.775,27,3276,0,25,24,24,0,3276.7,0,80,13/12/2024 13:53
2477,0,11.8515,24.3453,849.625,734.912,26,26,25,26,26,25,0,0.0341,790.523,8171.31,8171.31,734.912,3277,31,3276.7,29.2,29.2,30,30,118.515,0.0324,658.603,790.523,27,3276,0,25,24,24,0,3276.7,0,80,13/12/2024 13:53
2478,0,11.8515,24.3417,849.376,734.663,26,26,25,26,26,25,0,0.0341,791.022,8171.31,8171.31,734.663,3277,31,3276.7,29.2,29.2,30,30,118.515,0.0324,658.852,791.022,27,3276,0,25,24,24,0,3276.7,0,80,13/12/2024 13:53
2479,0,11.8515,24.3453,850.373,734.912,26,26,25,26,26,25,0,0.0341,791.77,8171.31,8171.31,734.912,3277,31,3276.7,29.2,29.2,30,30,118.515,0.0324,655.361,791.77,27,3276,0,25,24,24,0,3276.7,0,80,13/12/2024 13:53
2480,0,11.8515,24.349,849.625,733.915,26,26,25,26,26,25,0,0.0341,791.271,8171.31,8171.31,733.915,3277,31,3276.7,29.2,29.2,30,30,118.515,0.0324,659.102,791.271,27,3276,0,25,24,24,0,3276.7,0,80,13/12/2024 13:53
2481,0,11.8515,24.4502,849.625,735.161,26,26,25,26,26,25,0,0.0341,792.019,8171.31,8171.31,735.161,3277,31,3276.7,29.2,29.2,30,30,118.515,0.0324,655.361,792.019,27,3276,0,25,24,24,0,3276.7,0,80,13/12/2024 13:53
2482,0,11.8515,24.4394,849.875,734.663,26,26,25,26,26,25,0,0.0341,790.523,8171.31,8171.31,734.663,3277,31,3276.7,29.2,29.2,30,30,118.515,0.0321,657.605,790.523,27,3276,0,25,24,24,0,3276.7,0,80,13/12/2024 13:53
2483,0,11.8515,24.443,849.625,735.161,26,26,25,26,26,25,0,0.0341,791.022,8171.31,8171.31,735.161,3277,31,3276.7,29.2,29.2,30,30,118.515,0.0321,659.6,791.022,27,3276,0,25,24,24,0,3276.7,0,80,13/12/2024 13:53
2484,0,11.8515,24.4358,849.625,734.912,26,26,25,26,26,25,0,0.0341,790.024,8171.31,8171.31,734.912,3277,31,3276.7,29.2,29.2,30,30,118.515,0.0319,656.608,790.024,27,3276,0,25,24,24,0,3276.7,0,80,13/12/2024 13:53
2485,0,11.8515,24.443,849.875,734.912,26,26,25,26,26,25,0,0.0341,789.775,8171.31,8171.31,734.912,3277,31,3276.7,29.2,29.2,30,30,118.515,0.0329,660.349,789.775,27,3276,0,25,24,24,0,3276.7,0,80,13/12/2024 13:53
2486,0,11.8515,24.4358,849.625,734.663,26,26,25,26,26,25,0,0.0341,790.772,8171.31,8171.31,734.663,3277,31,3276.7,29.2,29.2,30,30,118.515,0.0329,656.608,790.772,27,3276,0,25,24,24,0,3276.7,0,80,13/12/2024 13:53
2487,0,11.8515,24.4394,849.625,735.66,26,26,25,26,26,25,0,0.0341,791.77,8171.31,8171.31,735.66,3277,31,3276.7,29.2,29.2,30,30,118.515,0.0323,659.102,791.77,27,3276,0,25,24,24,0,3276.7,0,80,13/12/2024 13:53
2488,0,11.8515,24.443,850.373,734.912,26,26,25,26,26,25,0,0.0341,792.019,8171.31,8171.31,734.912,3277,31,3276.7,29.2,29.2,30,30,118.515,0.0324,657.855,792.019,27,3276,0,25,24,24,0,3276.7,0,80,13/12/2024 13:53
2489,0,11.8515,24.3417,849.875,734.663,26,26,25,26,26,25,0,0.0341,793.017,8171.31,8171.31,734.663,3277,31,3276.7,29.2,29.2,30,30,118.515,0.0323,655.361,793.017,27,3276,0,25,24,24,0,3276.7,0,80,13/12/2024 13:53
2490,0,11.8515,24.4358,850.623,734.663,26,26,25,26,26,25,0,0.0341,791.022,8171.31,8171.31,734.663,3277,31,3276.7,29.2,29.2,30,30,118.515,0.0323,659.85,791.022,27,3276,0,25,24,24,0,3276.7,0,80,13/12/2024 13:53
2491,0,11.8515,24.4502,850.373,734.912,26,26,25,26,26,25,0,0.0341,790.024,8171.31,8171.31,734.912,3277,31,3276.7,29.2,29.2,30,30,118.515,0.0323,656.359,790.024,27,3276,0,25,24,24,0,3276.7,0,80,13/12/2024 13:53
2492,0,11.8515,24.4394,849.625,734.912,26,26,25,26,26,25,0,0.0341,789.526,8171.31,8171.31,734.912,3277,31,3276.7,29.2,29.2,30,30,118.515,0.0326,657.356,789.526,27,3276,0,25,24,24,0,3276.7,0,80,13/12/2024 13:53
2493,0,11.8515,24.4358,850.373,734.912,26,26,25,26,26,25,0,0.0341,790.024,8171.31,8171.31,734.912,3277,31,3276.7,29.2,29.2,30,30,118.515,0.0326,660.099,790.024,27,3276,0,25,24,24,0,3276.7,0,80,13/12/2024 13:53
2494,0,11.8515,24.4538,849.875,734.663,26,26,25,26,26,25,0,0.0341,791.022,8171.31,8171.31,734.663,3277,31,3276.7,29.2,29.2,30,30,118.515,0.0322,656.608,791.022,27,3276,0,25,24,24,0,3276.7,0,80,13/12/2024 13:53
2495,0,11.8515,24.443,849.625,735.161,26,26,25,26,26,25,0,0.0341,792.019,8171.31,8171.31,735.161,3277,31,3276.7,29.2,29.2,30,30,118.515,0.0322,660.349,792.019,27,3276,0,25,24,24,0,3276.7,0,80,13/12/2024 13:53
2496,0,11.8515,24.4394,849.625,734.413,26,26,25,26,26,25,0,0.0341,791.022,8171.31,8171.31,734.413,3277,31,3276.7,29.2,29.2,30,30,118.515,0.032,658.354,791.022,27,3276,0,25,24,24,0,3276.7,0,80,13/12/2024 13:53
2497,0,11.8515,24.4502,849.875,735.161,26,26,25,26,26,25,0,0.0341,790.523,8171.31,8171.31,735.161,3277,31,3276.7,29.2,29.2,30,30,118.515,0.032,656.109,790.523,27,3276,0,25,24,24,0,3276.7,0,80,13/12/2024 13:53
2498,0,11.8515,24.443,849.625,735.161,26,26,25,26,26,25,0,0.0341,789.526,8171.31,8171.31,735.161,3277,31,3276.7,29.2,29.2,30,30,118.515,0.0323,660.099,789.526,27,3276,0,25,24,24,0,3276.7,0,80,13/12/2024 13:53
2499,0,11.8515,24.443,849.875,734.912,26,26,25,26,26,25,0,0.0341,789.526,8171.31,8171.31,734.912,3277,31,3276.7,29.2,29.2,30,30,118.515,0.0323,657.107,789.526,27,3276,0,25,24,24,0,3276.7,0,80,13/12/2024 13:53
2500,0,11.8515,24.4394,850.373,734.912,26,26,25,26,26,25,0,0.0341,790.772,8171.31,8171.31,734.912,3277,31,3276.7,29.2,29.2,30,30,118.515,0.0321,657.855,790.772,27,3276,0,25,24,24,0,3276.7,0,80,13/12/2024 13:53
2501,0,11.8515,24.4394,850.373,735.66,26,26,25,26,26,25,0,0.0341,791.022,8171.31,8171.31,735.66,3277,31,3276.7,29.2,29.2,30,30,118.515,0.0316,659.85,791.022,27,3276,0,25,24,24,0,3276.7,0,80,13/12/2024 13:53
2502,0,11.8515,24.443,849.625,734.912,26,26,25,26,26,25,0,0.0341,792.019,8171.31,8171.31,734.912,3277,31,3276.7,29.2,29.2,30,30,118.515,0.0316,655.86,792.019,27,3276,0,25,24,24,0,3276.7,0,80,13/12/2024 13:53
2503,0,11.8515,24.4502,849.875,734.912,26,26,25,26,26,25,0,0.0341,791.022,8171.31,8171.31,734.912,3277,31,3276.7,29.2,29.2,30,30,118.515,0.0322,660.349,791.022,27,3276,0,25,24,24,0,3276.7,0,80,13/12/2024 13:53
2504,0,11.8515,24.3453,849.625,735.66,26,26,25,26,26,25,0,0.0341,790.024,8171.31,8171.31,735.66,3277,31,3276.7,29.2,29.2,30,30,118.515,0.0317,660.349,790.024,27,3276,0,25,24,24,0,3276.7,0,80,13/12/2024 13:53
2505,0,11.8515,24.3526,849.625,735.161,26,26,25,26,26,25,0,0.0341,789.276,8171.31,8171.31,735.161,3277,31,3276.7,29.2,29.2,30,30,118.515,0.0325,657.855,789.276,27,3276,0,25,24,24,0,3276.7,0,80,13/12/2024 13:53
2506,0,11.8515,24.349,850.373,735.161,26,26,25,26,26,25,0,0.0339,790.024,8171.31,8171.31,735.161,3277,31,3276.7,29.2,29.2,30,30,118.515,0.0325,659.85,790.024,27,3276,0,25,24,24,0,3276.7,0,80,13/12/2024 13:53
2507,0,11.8515,24.3345,849.625,734.912,26,26,25,26,26,25,0,0.0337,791.271,8171.31,8171.31,734.912,3277,31,3276.7,29.2,29.2,30,30,118.515,0.0325,658.852,791.271,27,3276,0,25,24,24,0,3276.7,0,80,13/12/2024 13:54
2508,0,11.8515,24.349,849.875,734.663,26,26,25,26,26,25,0,0.0337,791.271,8171.31,8171.31,734.663,3277,31,3276.7,29.2,29.2,30,30,118.515,0.0323,657.107,791.271,27,3276,0,25,24,24,0,3276.7,0,80,13/12/2024 13:54
2509,0,11.8515,24.443,849.625,735.161,26,26,25,26,26,25,0,0.0337,792.019,8171.31,8171.31,735.161,3277,31,3276.7,29.2,29.2,30,30,118.515,0.0321,659.85,792.019,27,3276,0,25,24,24,0,3276.7,0,80,13/12/2024 13:54
2510,0,11.8515,24.4538,849.625,735.161,26,26,25,26,26,25,0,0.0337,790.523,8171.31,8171.31,735.161,3277,31,3276.7,29.2,29.2,30,30,118.515,0.0321,657.605,790.523,27,3276,0,25,24,24,0,3276.7,0,80,13/12/2024 13:54
2511,0,11.8515,24.4575,849.625,735.161,26,26,25,26,26,25,0,0.0337,789.775,8171.31,8171.31,735.161,3277,31,3276.7,29.2,29.2,30,30,118.515,0.0322,655.86,789.775,27,3276,0,25,24,24,0,3276.7,0,80,13/12/2024 13:54
2512,0,11.8515,24.443,849.875,734.663,26,26,25,26,26,25,0,0.0337,790.523,8171.31,8171.31,734.663,3277,31,3276.7,29.2,29.2,30,30,118.515,0.0321,659.6,790.523,27,3276,0,25,24,24,0,3276.7,0,80,13/12/2024 13:54
2513,0,11.8515,24.443,849.625,735.66,26,26,25,26,26,25,0,0.0337,792.269,8171.31,8171.31,735.66,3277,31,3276.7,29.2,29.2,30,30,118.515,0.0322,657.356,792.269,27,3276,0,25,24,24,0,3276.7,0,80,13/12/2024 13:54
2514,0,11.8515,24.4394,849.625,735.161,26,26,25,26,26,25,0,0.0337,792.019,8171.31,8171.31,735.161,3277,31,3276.7,29.2,29.2,30,30,118.515,0.0317,658.852,792.019,27,3276,0,25,24,24,0,3276.7,0,80,13/12/2024 13:54
2515,0,11.8515,24.4394,849.625,734.912,26,26,25,26,26,25,0,0.0337,790.772,8171.31,8171.31,734.912,3277,31,3276.7,29.2,29.2,30,30,118.515,0.0317,661.595,790.772,27,3276,0,25,24,24,0,3276.7,0,80,13/12/2024 13:54
2516,0,11.8515,24.4502,850.872,735.66,26,26,25,26,26,25,0,0.0337,789.775,8171.31,8171.31,735.66,3277,31,3276.7,29.2,29.2,30,30,118.515,0.0327,657.855,789.775,27,3276,0,25,24,24,0,3276.7,0,80,13/12/2024 13:54
2517,0,11.8515,24.443,849.625,735.161,26,26,25,26,26,25,0,0.0337,790.024,8171.31,8171.31,735.161,3277,31,3276.7,29.2,29.2,30,30,118.515,0.0327,659.85,790.024,27,3276,0,25,24,24,0,3276.7,0,80,13/12/2024 13:54
2518,0,11.8515,24.349,849.875,734.912,26,26,25,26,26,25,0,0.0337,790.523,8171.31,8171.31,734.912,3277,31,3276.7,29.2,29.2,30,30,118.515,0.032,660.847,790.523,27,3276,0,25,24,24,0,3276.7,0,80,13/12/2024 13:54
2519,0,11.8515,24.3417,849.126,734.912,26,26,25,26,26,25,0,0.0337,791.271,8171.31,8171.31,734.912,3277,31,3276.7,29.2,29.2,30,30,118.515,0.0323,656.608,791.271,27,3276,0,25,24,24,0,3276.7,0,80,13/12/2024 13:54
2520,0,11.8515,24.3417,849.625,735.161,26,26,25,26,26,25,0,0.0337,792.019,8171.31,8171.31,735.161,3277,31,3276.7,29.2,29.2,30,30,118.515,0.0323,658.603,792.019,27,3276,0,25,24,24,0,3276.7,0,80,13/12/2024 13:54
2521,0,11.8515,24.443,849.625,735.161,26,26,25,26,26,25,0,0.0337,790.523,8171.31,8171.31,735.161,3277,31,3276.7,29.2,29.2,30,30,118.515,0.0323,660.099,790.523,27,3276,0,25,24,24,0,3276.7,0,80,13/12/2024 13:54
2522,0,11.8515,24.4502,850.373,735.161,26,26,25,26,26,25,0,0.0337,790.024,8171.31,8171.31,735.161,3277,31,3276.7,29.2,29.2,30,30,118.515,0.0323,656.109,790.024,27,3276,0,25,24,24,0,3276.7,0,80,13/12/2024 13:54
2523,0,11.8515,24.4358,849.625,736.159,26,26,25,26,26,25,0,0.0337,789.775,8171.31,8171.31,736.159,3277,31,3276.7,29.2,29.2,30,30,118.515,0.0323,660.349,789.775,27,3276,0,25,24,24,0,3276.7,0,80,13/12/2024 13:54
2524,0,11.8515,24.4394,849.625,734.912,26,26,25,26,26,25,0,0.0337,792.019,8171.31,8171.31,734.912,3277,31,3276.7,29.2,29.2,30,30,118.515,0.0323,661.595,792.019,27,3276,0,25,24,24,0,3276.7,0,80,13/12/2024 13:54
2525,0,11.8515,24.443,849.625,735.161,26,26,25,26,26,25,0,0.0337,791.271,8171.31,8171.31,735.161,3277,31,3276.7,29.2,29.2,30,30,118.515,0.0321,657.605,791.271,27,3276,0,25,24,24,0,3276.7,0,80,13/12/2024 13:54
2526,0,11.8515,24.4538,849.625,735.161,26,26,25,26,26,25,0,0.0337,791.022,8171.31,8171.31,735.161,3277,31,3276.7,29.2,29.2,30,30,118.515,0.0321,659.85,791.022,27,3276,0,25,24,24,0,3276.7,0,80,13/12/2024 13:54
2527,0,11.8515,24.4502,849.625,734.663,26,26,25,26,26,25,0,0.0337,789.775,8171.31,8171.31,734.663,3277,31,3276.7,29.2,29.2,30,30,118.515,0.0326,660.349,789.775,27,3276,0,25,24,24,0,3276.7,0,80,13/12/2024 13:54
2528,0,11.8515,24.4502,849.875,735.161,26,26,25,26,26,25,0,0.0337,790.523,8171.31,8171.31,735.161,3277,31,3276.7,29.2,29.2,30,30,118.515,0.0322,657.107,790.523,27,3276,0,25,24,24,0,3276.7,0,80,13/12/2024 13:54
2529,0,11.8515,24.4502,849.625,734.663,26,26,25,26,26,25,0,0.0337,791.77,8171.31,8171.31,734.663,3277,31,3276.7,29.2,29.2,30,30,118.515,0.0322,658.603,791.77,27,3276,0,25,24,24,0,3276.7,0,80,13/12/2024 13:54
2530,0,11.8515,24.4394,849.376,735.161,26,26,25,26,26,25,0,0.0337,792.269,8171.31,8171.31,735.161,3277,31,3276.7,29.2,29.2,30,30,118.515,0.0326,660.099,792.269,27,3276,0,25,24,24,0,3276.7,0,80,13/12/2024 13:54
2531,0,11.8515,24.443,849.625,735.161,26,26,25,26,26,25,0,0.0337,791.022,8171.31,8171.31,735.161,3277,31,3276.7,29.2,29.2,30,30,118.515,0.0326,657.855,791.022,27,3276,0,25,24,24,0,3276.7,0,80,13/12/2024 13:54
2532,0,11.8515,24.443,849.625,734.912,26,26,25,26,26,25,0,0.0337,790.024,8171.31,8171.31,734.912,3277,31,3276.7,29.2,29.2,30,30,118.515,0.0319,660.099,790.024,27,3276,0,25,24,24,0,3276.7,0,80,13/12/2024 13:54
2533,0,11.8515,24.443,849.875,734.912,26,26,25,26,26,25,0,0.0337,790.523,8171.31,8171.31,734.912,3277,31,3276.7,29.2,29.2,30,30,118.515,0.0322,662.094,790.523,27,3276,0,25,24,24,0,3276.7,0,80,13/12/2024 13:54
2534,0,11.8515,24.443,849.625,735.161,26,26,25,26,26,25,0,0.0337,791.022,8171.31,8171.31,735.161,3277,31,3276.7,29.2,29.2,30,30,118.515,0.0322,660.099,791.022,27,3276,0,25,24,24,0,3276.7,0,80,13/12/2024 13:54
2535,0,11.8515,24.443,849.875,735.66,26,26,25,26,26,25,0,0.0337,791.271,8171.31,8171.31,735.66,3277,31,3276.7,29.2,29.2,30,30,118.515,0.0324,657.855,791.271,27,3276,0,25,24,24,0,3276.7,0,80,13/12/2024 13:54
2536,0,11.8515,24.349,850.623,735.91,26,26,25,26,26,25,0,0.0344,790.024,8171.31,8171.31,735.91,3277,31,3276.7,29.2,29.2,30,30,118.515,0.0323,660.847,790.024,27,3276,0,25,24,24,0,3276.7,0,80,13/12/2024 13:54
2537,0,11.8515,24.3453,849.625,735.161,26,26,25,26,26,25,0,0.0342,790.024,8171.31,8171.31,735.161,3277,31,3276.7,29.2,29.2,30,30,118.515,0.0319,660.349,790.024,27,3276,0,25,24,24,0,3276.7,0,80,13/12/2024 13:54
2538,0,11.8515,24.349,849.376,735.161,26,26,25,26,26,25,0,0.0342,790.772,8171.31,8171.31,735.161,3277,31,3276.7,29.2,29.2,30,30,118.515,0.0325,657.855,790.772,27,3276,0,25,24,24,0,3276.7,0,80,13/12/2024 13:54
2539,0,11.8515,24.443,849.875,735.161,26,26,25,26,26,25,0,0.0342,791.271,8171.31,8171.31,735.161,3277,31,3276.7,29.2,29.2,30,30,118.515,0.0325,657.855,791.271,27,3276,0,25,24,24,0,3276.7,0,80,13/12/2024 13:54
2540,0,11.8515,24.443,849.625,735.161,26,26,25,26,26,25,0,0.0342,790.024,8171.31,8171.31,735.161,3277,31,3276.7,29.2,29.2,30,30,118.515,0.0325,660.099,790.024,27,3276,0,25,24,24,0,3276.7,0,80,13/12/2024 13:54
2541,0,11.8515,24.443,850.373,735.161,26,26,25,26,26,25,0,0.0342,790.024,8171.31,8171.31,735.161,3277,31,3276.7,29.2,29.2,30,30,118.515,0.0322,661.346,790.024,27,3276,0,25,24,24,0,3276.7,0,80,13/12/2024 13:54
2542,0,11.8515,24.4502,849.875,734.912,26,26,25,26,26,25,0,0.0342,791.77,8171.31,8171.31,734.912,3277,31,3276.7,29.2,29.2,30,30,118.515,0.0322,660.349,791.77,27,3276,0,25,24,24,0,3276.7,0,80,13/12/2024 13:54
2543,0,11.8515,24.4502,849.875,734.912,26,26,25,26,26,25,0,0.0342,791.022,8171.31,8171.31,734.912,3277,31,3276.7,29.2,29.2,30,30,118.515,0.0322,660.349,791.022,27,3276,0,25,24,24,0,3276.7,0,80,13/12/2024 13:54
2544,0,11.8515,24.4394,849.875,735.161,26,26,25,26,26,25,0,0.0342,790.024,8171.31,8171.31,735.161,3277,31,3276.7,29.2,29.2,30,30,118.515,0.032,662.344,790.024,27,3276,0,25,24,24,0,3276.7,0,80,13/12/2024 13:54
2545,0,11.8515,24.443,849.875,735.161,26,26,25,26,26,25,0,0.0342,790.024,8171.31,8171.31,735.161,3277,31,3276.7,29.2,29.2,30,30,118.515,0.032,660.847,790.024,27,3276,0,25,24,24,0,3276.7,0,80,13/12/2024 13:54
2546,0,11.8515,24.4358,850.373,734.413,26,26,25,26,26,25,0,0.0342,791.271,8171.31,8171.31,734.413,3277,31,3276.7,29.2,29.2,30,30,118.515,0.032,659.102,791.271,27,3276,0,25,24,24,0,3276.7,0,80,13/12/2024 13:54
2547,0,11.8515,24.4394,849.625,735.161,26,26,25,26,26,25,0,0.0342,790.772,8171.31,8171.31,735.161,3277,31,3276.7,29.2,29.2,30,30,118.515,0.032,659.85,790.772,27,3276,0,25,24,24,0,3276.7,0,80,13/12/2024 13:54
2548,0,11.8515,24.443,850.373,735.161,26,26,25,26,26,25,0,0.0342,789.775,8171.31,8171.31,735.161,3277,31,3276.7,29.2,29.2,30,30,118.515,0.0323,661.346,789.775,27,3276,0,25,24,24,0,3276.7,0,80,13/12/2024 13:54
2549,0,11.8515,24.4502,849.625,735.161,26,26,25,26,26,25,0,0.0342,790.523,8171.31,8171.31,735.161,3277,31,3276.7,29.2,29.2,30,30,118.515,0.0323,660.099,790.523,27,3276,0,25,24,24,0,3276.7,0,80,13/12/2024 13:54
2550,0,11.8515,24.443,849.875,735.161,26,26,25,26,26,25,0,0.0342,792.269,8171.31,8171.31,735.161,3277,31,3276.7,29.2,29.2,30,30,118.515,0.0323,658.354,792.269,27,3276,0,25,24,24,0,3276.7,0,80,13/12/2024 13:54
2551,0,11.8515,24.4502,850.373,735.161,26,26,25,26,26,25,0,0.0342,790.523,8171.31,8171.31,735.161,3277,31,3276.7,29.2,29.2,30,30,118.515,0.0323,662.593,790.523,27,3276,0,25,24,24,0,3276.7,0,80,13/12/2024 13:54
2552,0,11.8515,24.4502,849.875,735.161,26,26,25,26,26,25,0,0.0342,789.775,8171.31,8171.31,735.161,3277,31,3276.7,29.2,29.2,30,30,118.515,0.0325,663.341,789.775,27,3276,0,25,24,24,0,3276.7,0,80,13/12/2024 13:54
2553,0,11.8515,24.4394,850.373,735.161,26,26,25,26,26,25,0,0.0342,790.024,8171.31,8171.31,735.161,3277,31,3276.7,29.2,29.2,30,30,118.515,0.0323,661.346,790.024,27,3276,0,25,24,24,0,3276.7,0,80,13/12/2024 13:54
2554,0,11.8515,24.4394,849.625,735.161,26,26,25,26,26,25,0,0.0342,792.518,8171.31,8171.31,735.161,3277,31,3276.7,29.2,29.2,30,30,118.515,0.0316,660.349,792.518,27,3276,0,25,24,24,0,3276.7,0,80,13/12/2024 13:54
2555,0,11.8515,24.4394,850.623,735.161,26,26,25,26,26,25,0,0.0342,792.019,8171.31,8171.31,735.161,3277,31,3276.7,29.2,29.2,30,30,118.515,0.0316,662.842,792.019,27,3276,0,25,24,24,0,3276.7,0,80,13/12/2024 13:54
2556,0,11.8515,24.443,849.875,734.663,26,26,25,26,26,25,0,0.0342,789.775,8171.31,8171.31,734.663,3277,31,3276.7,29.2,29.2,30,30,118.515,0.0325,661.595,789.775,27,3276,0,25,24,24,0,3276.7,0,80,13/12/2024 13:54
2557,0,11.8515,24.443,849.376,735.161,26,26,25,26,26,25,0,0.0342,790.024,8171.31,8171.31,735.161,3277,31,3276.7,29.2,29.2,30,30,118.515,0.0327,659.6,790.024,27,3276,0,25,24,24,0,3276.7,0,80,13/12/2024 13:54
2558,0,11.8515,24.4538,849.875,735.91,26,26,25,26,26,25,0,0.0342,791.022,8171.31,8171.31,735.91,3277,31,3276.7,29.2,29.2,30,30,118.515,0.0327,662.593,791.022,27,3276,0,25,24,24,0,3276.7,0,80,13/12/2024 13:54
2559,0,11.8515,24.4502,849.875,734.912,26,26,25,26,26,25,0,0.0342,791.77,8171.31,8171.31,734.912,3277,31,3276.7,29.2,29.2,30,30,118.515,0.0323,661.595,791.77,27,3276,0,25,24,24,0,3276.7,0,80,13/12/2024 13:54
2560,0,11.8515,24.4502,850.373,735.161,26,26,25,26,26,25,0,0.0342,792.019,8171.31,8171.31,735.161,3277,31,3276.7,29.2,29.2,30,30,118.515,0.0323,658.354,792.019,27,3276,0,25,24,24,0,3276.7,0,80,13/12/2024 13:54
2561,0,11.8515,24.4394,849.875,735.161,26,26,25,26,26,25,0,0.0342,789.775,8171.31,8171.31,735.161,3277,31,3276.7,29.2,29.2,30,30,118.515,0.0324,661.097,789.775,27,3276,0,25,24,24,0,3276.7,0,80,13/12/2024 13:54
2562,0,11.8515,24.443,850.373,735.91,26,26,25,26,26,25,0,0.0342,790.024,8171.31,8171.31,735.91,3277,31,3276.7,29.2,29.2,30,30,118.515,0.0327,662.094,790.024,27,3276,0,25,24,24,0,3276.7,0,80,13/12/2024 13:54
2563,0,11.8515,24.4394,849.625,735.161,26,26,25,26,26,25,0,0.0342,790.523,8171.31,8171.31,735.161,3277,31,3276.7,29.2,29.2,30,30,118.515,0.0327,660.099,790.523,27,3276,0,25,24,24,0,3276.7,0,80,13/12/2024 13:54
2564,0,11.8515,24.443,849.875,735.161,26,26,25,26,26,25,0,0.0342,792.019,8171.31,8171.31,735.161,3277,31,3276.7,29.2,29.2,30,30,118.515,0.0321,663.59,792.019,27,3276,0,25,24,24,0,3276.7,0,80,13/12/2024 13:54
2565,0,11.8515,24.4394,849.875,734.912,26,26,25,26,26,25,0,0.0342,792.019,8171.31,8171.31,734.912,3277,31,3276.7,29.2,29.2,30,30,118.515,0.0321,660.349,792.019,27,3276,0,25,24,24,0,3276.7,0,80,13/12/2024 13:54
2566,0,11.8515,24.4502,849.625,735.161,26,26,25,26,26,25,0,0.0341,790.772,8171.31,8171.31,735.161,3277,31,3276.7,29.2,29.2,30,30,118.515,0.0321,659.85,790.772,27,3276,0,25,24,24,0,3276.7,0,80,13/12/2024 13:54
2567,0,11.8515,24.4538,850.373,736.408,26,26,25,26,26,25,0,0.0337,790.024,8171.31,8171.31,736.408,3277,31,3276.7,29.2,29.2,30,30,118.515,0.0326,662.842,790.024,27,3276,0,25,24,24,0,3276.7,0,80,13/12/2024 13:55
2568,0,11.8515,24.4502,849.625,735.161,26,26,25,26,26,25,0,0.0337,790.024,8171.31,8171.31,735.161,3277,31,3276.7,29.2,29.2,30,30,118.515,0.0324,659.102,790.024,27,3276,0,25,24,24,0,3276.7,0,80,13/12/2024 13:55
2569,0,11.8515,24.4502,849.875,735.161,26,26,25,26,26,25,0,0.0337,790.024,8171.31,8171.31,735.161,3277,31,3276.7,29.2,29.2,30,30,118.515,0.0324,660.349,790.024,27,3276,0,25,24,24,0,3276.7,0,80,13/12/2024 13:55
2570,0,11.8515,24.4394,850.373,735.161,26,26,25,26,26,25,0,0.0337,790.772,8171.31,8171.31,735.161,3277,31,3276.7,29.2,29.2,30,30,118.515,0.0324,661.595,790.772,27,3276,0,25,24,24,0,3276.7,0,80,13/12/2024 13:55
2571,0,11.8515,24.4502,849.875,734.912,26,26,25,26,26,25,0,0.0337,791.022,8171.31,8171.31,734.912,3277,31,3276.7,29.2,29.2,30,30,118.515,0.0324,660.099,791.022,27,3276,0,25,24,24,0,3276.7,0,80,13/12/2024 13:55
2572,0,11.8515,24.4394,850.373,735.161,26,26,25,26,26,25,0,0.0337,791.271,8171.31,8171.31,735.161,3277,31,3276.7,29.2,29.2,30,30,118.515,0.0322,664.089,791.271,27,3276,0,25,24,24,0,3276.7,0,80,13/12/2024 13:55
2573,0,11.8515,24.443,849.875,735.66,26,26,25,26,26,25,0,0.0337,791.77,8171.31,8171.31,735.66,3277,31,3276.7,29.2,29.2,30,30,118.515,0.0322,659.85,791.77,27,3276,0,25,24,24,0,3276.7,0,80,13/12/2024 13:55
2574,0,11.8515,24.4502,849.875,734.912,26,26,25,26,26,25,0,0.0337,790.772,8171.31,8171.31,734.912,3277,31,3276.7,29.2,29.2,30,30,118.515,0.0322,661.595,790.772,27,3276,0,25,24,24,0,3276.7,0,80,13/12/2024 13:55
2575,0,11.8515,24.4538,849.625,735.161,26,26,25,26,26,25,0,0.0337,790.024,8171.31,8171.31,735.161,3277,31,3276.7,29.2,29.2,30,30,118.515,0.0322,662.593,790.024,27,3276,0,25,24,24,0,3276.7,0,80,13/12/2024 13:55
2576,0,11.8515,24.4394,850.373,735.66,26,26,25,26,26,25,0,0.0337,790.024,8171.31,8171.31,735.66,3277,31,3276.7,29.2,29.2,30,30,118.515,0.0325,657.855,790.024,27,3276,0,25,24,24,0,3276.7,0,80,13/12/2024 13:55
2577,0,11.8515,24.4575,849.625,735.161,26,26,25,26,26,25,0,0.0337,790.523,8171.31,8171.31,735.161,3277,31,3276.7,29.2,29.2,30,30,118.515,0.0323,662.842,790.523,27,3276,0,25,24,24,0,3276.7,0,80,13/12/2024 13:55
2578,0,11.8515,24.443,849.875,734.912,26,26,25,26,26,25,0,0.0337,790.523,8171.31,8171.31,734.912,3277,31,3276.7,29.2,29.2,30,30,118.515,0.0324,658.354,790.523,27,3276,0,25,24,24,0,3276.7,0,80,13/12/2024 13:55
2579,0,11.8515,24.443,849.625,735.161,26,26,25,26,26,25,0,0.0337,791.271,8171.31,8171.31,735.161,3277,31,3276.7,29.2,29.2,30,30,118.515,0.0324,661.595,791.271,27,3276,0,25,24,24,0,3276.7,0,80,13/12/2024 13:55
2580,0,11.8515,24.443,850.373,734.413,26,26,25,26,26,25,0,0.0337,792.019,8171.31,8171.31,734.413,3277,31,3276.7,29.2,29.2,30,30,118.515,0.0324,663.59,792.019,27,3276,0,25,24,24,0,3276.7,0,80,13/12/2024 13:55
2581,0,11.8515,24.4321,850.373,735.161,26,26,25,26,26,25,0,0.0337,792.019,8171.31,8171.31,735.161,3277,31,3276.7,29.2,29.2,30,30,118.515,0.0321,660.099,792.019,27,3276,0,25,24,24,0,3276.7,0,80,13/12/2024 13:55
2582,0,11.8515,24.4394,849.625,735.66,26,26,25,26,26,25,0,0.0337,791.022,8171.31,8171.31,735.66,3277,31,3276.7,29.2,29.2,30,30,118.515,0.0321,663.84,791.022,27,3276,0,25,24,24,0,3276.7,0,80,13/12/2024 13:55
2583,0,11.8515,24.4358,849.625,735.66,26,26,25,26,26,25,0,0.0337,791.271,8171.31,8171.31,735.66,3277,31,3276.7,29.2,29.2,30,30,118.515,0.0321,660.099,791.271,27,3276,0,25,24,24,0,3276.7,0,80,13/12/2024 13:55
2584,0,11.8515,24.4502,849.625,735.161,26,26,25,26,26,25,0,0.0337,790.024,8171.31,8171.31,735.161,3277,31,3276.7,29.2,29.2,30,30,118.515,0.0318,662.593,790.024,27,3276,0,25,24,24,0,3276.7,0,80,13/12/2024 13:55
2585,0,11.8515,24.4394,850.373,734.912,26,26,25,26,26,25,0,0.0337,790.024,8171.31,8171.31,734.912,3277,31,3276.7,29.2,29.2,30,30,118.515,0.0321,661.595,790.024,27,3276,0,25,24,24,0,3276.7,0,80,13/12/2024 13:55
2586,0,11.8515,24.443,850.373,735.66,26,26,25,26,26,25,0,0.0337,790.523,8171.31,8171.31,735.66,3277,31,3276.7,29.2,29.2,30,30,118.515,0.0322,659.6,790.523,27,3276,0,25,24,24,0,3276.7,0,80,13/12/2024 13:55
2587,0,11.8515,24.4538,849.875,735.161,26,26,25,26,26,25,0,0.0337,791.271,8171.31,8171.31,735.161,3277,31,3276.7,29.2,29.2,30,30,118.515,0.0322,662.842,791.271,27,3276,0,25,24,24,0,3276.7,0,80,13/12/2024 13:55
2588,0,11.8515,24.4502,851.121,735.161,26,26,25,26,26,25,0,0.0337,791.022,8171.31,8171.31,735.161,3277,31,3276.7,29.2,29.2,30,30,118.515,0.0324,661.097,791.022,27,3276,0,25,24,24,0,3276.7,0,80,13/12/2024 13:55
2589,0,11.8515,24.4358,849.625,735.161,26,26,25,26,26,25,0,0.0337,791.271,8171.31,8171.31,735.161,3277,31,3276.7,29.2,29.2,30,30,118.515,0.0323,664.837,791.271,27,3276,0,25,24,24,0,3276.7,0,80,13/12/2024 13:55
2590,0,11.8515,24.4502,850.373,734.663,26,26,25,26,26,25,0,0.0337,791.271,8171.31,8171.31,734.663,3277,31,3276.7,29.2,29.2,30,30,118.515,0.0323,664.837,791.271,27,3276,0,25,24,24,0,3276.7,0,80,13/12/2024 13:55
2591,0,11.8515,24.4394,849.875,735.66,26,26,25,26,26,25,0,0.0337,790.523,8171.31,8171.31,735.66,3277,31,3276.7,29.2,29.2,30,30,118.515,0.0324,660.847,790.523,27,3276,0,25,24,24,0,3276.7,0,80,13/12/2024 13:55
2592,0,11.8515,24.4502,849.875,735.161,26,26,25,26,26,25,0,0.0337,790.024,8171.31,8171.31,735.161,3277,31,3276.7,29.2,29.2,30,30,118.515,0.0326,665.087,790.024,27,3276,0,25,24,24,0,3276.7,0,80,13/12/2024 13:55
2593,0,11.8515,24.4538,849.875,735.161,26,26,25,26,26,25,0,0.0337,789.775,8171.31,8171.31,735.161,3277,31,3276.7,29.2,29.2,30,30,118.515,0.0326,660.349,789.775,27,3276,0,25,24,24,0,3276.7,0,80,13/12/2024 13:55
2594,0,11.8515,24.4502,850.373,735.161,26,26,25,26,26,25,0,0.0337,790.024,8171.31,8171.31,735.161,3277,31,3276.7,29.2,29.2,30,30,118.515,0.0319,662.842,790.024,27,3276,0,25,24,24,0,3276.7,0,80,13/12/2024 13:55
2595,0,11.8515,24.4538,850.373,734.912,26,26,25,26,26,25,0,0.0337,791.022,8171.31,8171.31,734.912,3277,31,3276.7,29.2,29.2,30,30,118.515,0.0319,661.097,791.022,27,3276,0,25,24,24,0,3276.7,0,80,13/12/2024 13:55
2596,0,11.8515,24.4394,849.625,735.161,26,26,25,26,26,25,0,0.0339,790.772,8171.31,8171.31,735.161,3277,31,3276.7,29.2,29.2,30,30,118.515,0.0329,661.097,790.772,27,3276,0,25,24,24,0,3276.7,0,80,13/12/2024 13:55
2597,0,11.8515,24.443,849.625,735.161,26,26,25,26,26,25,0,0.0342,791.77,8171.31,8171.31,735.161,3277,31,3276.7,29.2,29.2,30,30,118.515,0.0319,664.089,791.77,27,3276,0,25,24,24,0,3276.7,0,80,13/12/2024 13:55
2598,0,11.8515,24.443,849.875,735.66,26,26,25,26,26,25,0,0.0342,792.269,8171.31,8171.31,735.66,3277,31,3276.7,29.2,29.2,30,30,118.515,0.0319,660.099,792.269,27,3276,0,25,24,24,0,3276.7,0,80,13/12/2024 13:55
2599,0,11.8515,24.443,849.875,734.912,26,26,25,26,26,25,0,0.0342,792.019,8171.31,8171.31,734.912,3277,31,3276.7,29.2,29.2,30,30,118.515,0.0323,665.336,792.019,27,3276,0,25,24,24,0,3276.7,0,80,13/12/2024 13:55
2600,0,11.8515,24.4358,849.875,734.912,26,26,25,26,26,25,0,0.0342,791.271,8171.31,8171.31,734.912,3277,31,3276.7,29.2,29.2,30,30,118.515,0.0324,661.097,791.271,27,3276,0,25,24,24,0,3276.7,0,80,13/12/2024 13:55
2601,0,11.8515,24.443,849.625,735.161,26,26,25,26,26,25,0,0.0342,791.022,8171.31,8171.31,735.161,3277,31,3276.7,29.2,29.2,30,30,118.515,0.0321,663.84,791.022,27,3276,0,25,24,24,0,3276.7,0,80,13/12/2024 13:55
2602,0,11.8515,24.443,849.875,734.413,26,26,25,26,26,25,0,0.0342,790.772,8171.31,8171.31,734.413,3277,31,3276.7,29.2,29.2,30,30,118.515,0.0322,662.344,790.772,27,3276,0,25,24,24,0,3276.7,0,80,13/12/2024 13:55
2603,0,11.8515,24.443,849.875,734.663,26,26,25,26,26,25,0,0.0342,789.526,8171.31,8171.31,734.663,3277,31,3276.7,29.2,29.2,30,30,118.515,0.0322,660.099,789.526,27,3276,0,25,24,24,0,3276.7,0,80,13/12/2024 13:55
2604,0,11.8515,24.443,849.875,734.912,26,26,25,26,26,25,0,0.0342,790.024,8171.31,8171.31,734.912,3277,31,3276.7,29.2,29.2,30,30,118.515,0.0322,664.089,790.024,27,3276,0,25,24,24,0,3276.7,0,80,13/12/2024 13:55
2605,0,11.8515,24.4502,849.875,735.161,26,26,25,26,26,25,0,0.0342,790.772,8171.31,8171.31,735.161,3277,31,3276.7,29.2,29.2,30,30,118.515,0.0322,661.097,790.772,27,3276,0,25,24,24,0,3276.7,0,80,13/12/2024 13:55
2606,0,11.8515,24.443,849.625,734.912,26,26,25,26,26,25,0,0.0342,790.024,8171.31,8171.31,734.912,3277,31,3276.7,29.2,29.2,30,30,118.515,0.0322,665.336,790.024,27,3276,0,25,24,24,0,3276.7,0,80,13/12/2024 13:55
2607,0,11.8515,24.4394,849.625,735.161,26,26,25,26,26,25,0,0.0342,790.772,8171.31,8171.31,735.161,3277,31,3276.7,29.2,29.2,30,30,118.515,0.0321,662.593,790.772,27,3276,0,25,24,24,0,3276.7,0,80,13/12/2024 13:55
2608,0,11.8515,24.4502,849.875,735.161,26,26,25,26,26,25,0,0.0342,792.518,8171.31,8171.31,735.161,3277,31,3276.7,29.2,29.2,30,30,118.515,0.0324,665.087,792.518,27,3276,0,25,24,24,0,3276.7,0,80,13/12/2024 13:55
2609,0,11.8515,24.443,849.875,735.66,26,26,25,26,26,25,0,0.0342,792.019,8171.31,8171.31,735.66,3277,31,3276.7,29.2,29.2,30,30,118.515,0.0322,662.344,792.019,27,3276,0,25,24,24,0,3276.7,0,80,13/12/2024 13:55
2610,0,11.8515,24.4502,849.875,735.161,26,26,25,26,26,25,0,0.0342,792.269,8171.31,8171.31,735.161,3277,31,3276.7,29.2,29.2,30,30,118.515,0.0322,663.341,792.269,27,3276,0,25,24,24,0,3276.7,0,80,13/12/2024 13:55
2611,0,11.8515,24.4502,849.875,735.161,26,26,25,26,26,25,0,0.0342,791.271,8171.31,8171.31,735.161,3277,31,3276.7,29.2,29.2,30,30,118.515,0.0322,663.59,791.271,27,3276,0,25,24,24,0,3276.7,0,80,13/12/2024 13:55
2612,0,11.8515,24.4538,849.875,735.91,26,26,25,26,26,25,0,0.0342,792.019,8171.31,8171.31,735.91,3277,31,3276.7,29.2,29.2,30,30,118.515,0.0322,661.595,792.019,27,3276,0,25,24,24,0,3276.7,0,80,13/12/2024 13:55
2613,0,11.8515,24.4502,849.625,734.663,26,26,25,26,26,25,0,0.0342,792.019,8171.31,8171.31,734.663,3277,31,3276.7,29.2,29.2,30,30,118.515,0.0322,665.087,792.019,27,3276,0,25,24,24,0,3276.7,0,80,13/12/2024 13:55
2614,0,11.8515,24.4502,849.625,736.159,26,26,25,26,26,25,0,0.0342,790.523,8171.31,8171.31,736.159,3277,31,3276.7,29.2,29.2,30,30,118.515,0.0322,662.593,790.523,27,3276,0,25,24,24,0,3276.7,0,80,13/12/2024 13:55
2615,0,11.8515,24.4538,849.875,735.161,26,26,25,26,26,25,0,0.0342,790.024,8171.31,8171.31,735.161,3277,31,3276.7,29.2,29.2,30,30,118.515,0.032,667.331,790.024,27,3276,0,25,24,24,0,3276.7,0,80,13/12/2024 13:55
2616,0,11.8515,24.4394,849.875,734.912,26,26,25,26,26,25,0,0.0342,789.276,8171.31,8171.31,734.912,3277,31,3276.7,29.2,29.2,30,30,118.515,0.0318,662.842,789.276,27,3276,0,25,24,24,0,3276.7,0,80,13/12/2024 13:55
2617,0,11.8515,24.4502,849.875,734.912,26,26,25,26,26,25,0,0.0342,790.024,8171.31,8171.31,734.912,3277,31,3276.7,29.2,29.2,30,30,118.515,0.0318,666.334,790.024,27,3276,0,25,24,24,0,3276.7,0,80,13/12/2024 13:55
2618,0,11.8515,24.4502,849.625,734.663,26,26,25,26,26,25,0,0.0342,789.526,8171.31,8171.31,734.663,3277,31,3276.7,29.2,29.2,30,30,118.515,0.0322,664.089,789.526,27,3276,0,25,24,24,0,3276.7,0,80,13/12/2024 13:55
2619,0,11.8515,24.4538,849.875,735.161,26,26,25,26,26,25,0,0.0342,790.024,8171.31,8171.31,735.161,3277,31,3276.7,29.2,29.2,30,30,118.515,0.0322,666.084,790.024,27,3276,0,25,24,24,0,3276.7,0,80,13/12/2024 13:55
2620,0,11.8515,24.4394,850.623,735.161,26,26,25,26,26,25,0,0.0342,790.523,8171.31,8171.31,735.161,3277,31,3276.7,29.2,29.2,30,30,118.515,0.0322,665.087,790.523,27,3276,0,25,24,24,0,3276.7,0,80,13/12/2024 13:55
2621,0,11.8515,24.4394,850.373,735.161,26,26,25,26,26,25,0,0.0342,792.269,8171.31,8171.31,735.161,3277,31,3276.7,29.2,29.2,30,30,118.515,0.0325,665.336,792.269,27,3276,0,25,24,24,0,3276.7,0,80,13/12/2024 13:55
2622,0,11.8515,24.443,849.875,734.912,26,26,25,26,26,25,0,0.0342,792.269,8171.31,8171.31,734.912,3277,31,3276.7,29.2,29.2,30,30,118.515,0.0325,666.084,792.269,27,3276,0,25,24,24,0,3276.7,0,80,13/12/2024 13:55
2623,0,11.8515,24.443,849.625,734.413,26,26,25,26,26,25,0,0.0342,791.022,8171.31,8171.31,734.413,3277,31,3276.7,29.2,29.2,30,30,118.515,0.0325,665.336,791.022,27,3276,0,25,24,24,0,3276.7,0,80,13/12/2024 13:55
2624,0,11.8515,24.4502,849.625,735.161,26,26,25,26,26,25,0,0.0342,791.77,8171.31,8171.31,735.161,3277,31,3276.7,29.2,29.2,30,30,118.515,0.0318,669.077,791.77,27,3276,0,25,24,24,0,3276.7,0,80,13/12/2024 13:55
2625,0,11.8515,24.443,849.625,734.912,26,26,25,26,26,25,0,0.0342,792.019,8171.31,8171.31,734.912,3277,31,3276.7,29.2,29.2,30,30,118.515,0.0324,665.336,792.019,27,3276,0,25,24,24,0,3276.7,0,80,13/12/2024 13:55
2626,0,11.8515,24.4575,849.625,735.161,26,26,25,26,26,25,0,0.0338,791.271,8171.31,8171.31,735.161,3277,31,3276.7,29.2,29.2,30,30,118.515,0.0324,668.329,791.271,27,3276,0,25,24,24,0,3276.7,0,80,13/12/2024 13:55
2627,0,11.8515,24.4538,849.875,734.912,26,26,25,26,26,25,0,0.0344,790.523,8171.31,8171.31,734.912,3277,31,3276.7,29.2,29.2,30,30,118.515,0.0324,665.336,790.523,27,3276,0,25,24,24,0,3276.7,0,80,13/12/2024 13:56
2628,0,11.8515,24.4538,849.625,735.161,26,26,25,26,26,25,0,0.0344,790.523,8171.31,8171.31,735.161,3277,31,3276.7,29.2,29.2,30,30,118.515,0.0328,667.331,790.523,27,3276,0,25,24,24,0,3276.7,0,80,13/12/2024 13:56
2629,0,11.8515,24.4538,849.625,735.161,26,26,25,26,26,25,0,0.0344,789.775,8171.31,8171.31,735.161,3277,31,3276.7,29.2,29.2,30,30,118.515,0.0323,667.082,789.775,27,3276,0,25,24,24,0,3276.7,0,80,13/12/2024 13:56
2630,0,11.8515,24.4394,850.872,735.161,26,26,25,26,26,25,0,0.0344,790.523,8171.31,8171.31,735.161,3277,31,3276.7,29.2,29.2,30,30,118.515,0.0323,665.336,790.523,27,3276,0,25,24,24,0,3276.7,0,80,13/12/2024 13:56
2631,0,11.8515,24.443,849.875,734.912,26,26,25,26,26,25,0,0.0344,790.523,8171.31,8171.31,734.912,3277,31,3276.7,29.2,29.2,30,30,118.515,0.0321,670.074,790.523,27,3276,0,25,24,24,0,3276.7,0,80,13/12/2024 13:56
2632,0,11.8515,24.4394,849.625,735.161,26,26,25,26,26,25,0,0.0344,791.77,8171.31,8171.31,735.161,3277,31,3276.7,29.2,29.2,30,30,118.515,0.0318,666.084,791.77,27,3276,0,25,24,24,0,3276.7,0,80,13/12/2024 13:56
2633,0,11.8515,24.443,849.625,735.161,26,26,25,26,26,25,0,0.0344,791.77,8171.31,8171.31,735.161,3277,31,3276.7,29.2,29.2,30,30,118.515,0.0328,670.074,791.77,27,3276,0,25,24,24,0,3276.7,0,80,13/12/2024 13:56
2634,0,11.8515,24.443,849.625,735.161,26,26,25,26,26,25,0,0.0344,793.017,8171.31,8171.31,735.161,3277,31,3276.7,29.2,29.2,30,30,118.515,0.032,667.83,793.017,27,3276,0,25,24,24,0,3276.7,0,80,13/12/2024 13:56
2635,0,11.8515,24.4394,849.625,735.161,26,26,25,26,26,25,0,0.0344,792.019,8171.31,8171.31,735.161,3277,31,3276.7,29.2,29.2,30,30,118.515,0.032,667.83,792.019,27,3276,0,25,24,24,0,3276.7,0,80,13/12/2024 13:56
2636,0,11.8515,24.4502,849.875,735.161,26,26,25,26,26,25,0,0.0344,792.269,8171.31,8171.31,735.161,3277,31,3276.7,29.2,29.2,30,30,118.515,0.0329,669.575,792.269,27,3276,0,25,24,24,0,3276.7,0,80,13/12/2024 13:56
2637,0,11.8515,24.4394,849.875,735.161,26,26,25,26,26,25,0,0.0344,789.775,8171.31,8171.31,735.161,3277,31,3276.7,29.2,29.2,30,30,118.515,0.0329,665.336,789.775,27,3276,0,25,24,24,0,3276.7,0,80,13/12/2024 13:56
2638,0,11.8515,24.4538,849.875,734.912,26,26,25,26,26,25,0,0.0344,790.772,8171.31,8171.31,734.912,3277,31,3276.7,29.2,29.2,30,30,118.515,0.032,669.575,790.772,27,3276,0,25,24,24,0,3276.7,0,80,13/12/2024 13:56
2639,0,11.8515,24.4502,849.625,734.912,26,26,25,26,26,25,0,0.0344,790.523,8171.31,8171.31,734.912,3277,31,3276.7,29.2,29.2,30,30,118.515,0.0322,667.83,790.523,27,3276,0,25,24,24,0,3276.7,0,80,13/12/2024 13:56
2640,0,11.8515,24.4538,849.875,735.66,26,26,25,26,26,25,0,0.0344,790.523,8171.31,8171.31,735.66,3277,31,3276.7,29.2,29.2,30,30,118.515,0.0325,670.324,790.523,27,3276,0,25,24,24,0,3276.7,0,80,13/12/2024 13:56
2641,0,11.8515,24.443,849.875,735.161,26,26,25,26,26,25,0,0.0344,791.022,8171.31,8171.31,735.161,3277,31,3276.7,29.2,29.2,30,30,118.515,0.0325,670.324,791.022,27,3276,0,25,24,24,0,3276.7,0,80,13/12/2024 13:56
2642,0,11.8515,24.4394,849.875,734.912,26,26,25,26,26,25,0,0.0344,792.269,8171.31,8171.31,734.912,3277,31,3276.7,29.2,29.2,30,30,118.515,0.0323,667.83,792.269,27,3276,0,25,24,24,0,3276.7,0,80,13/12/2024 13:56
2643,0,11.8515,24.443,850.373,735.161,26,26,25,26,26,25,0,0.0344,792.019,8171.31,8171.31,735.161,3277,31,3276.7,29.2,29.2,30,30,118.515,0.0323,671.321,792.019,27,3276,0,25,24,24,0,3276.7,0,80,13/12/2024 13:56
2644,0,11.8515,24.4502,849.625,735.161,26,26,25,26,26,25,0,0.0344,792.269,8171.31,8171.31,735.161,3277,31,3276.7,29.2,29.2,30,30,118.515,0.0323,668.827,792.269,27,3276,0,25,24,24,0,3276.7,0,80,13/12/2024 13:56
2645,0,11.8515,24.443,849.625,735.161,26,26,25,26,26,25,0,0.0344,791.271,8171.31,8171.31,735.161,3277,31,3276.7,29.2,29.2,30,30,118.515,0.0321,669.825,791.271,27,3276,0,25,24,24,0,3276.7,0,80,13/12/2024 13:56
2646,0,11.8515,24.4502,850.373,734.912,26,26,25,26,26,25,0,0.0344,790.024,8171.31,8171.31,734.912,3277,31,3276.7,29.2,29.2,30,30,118.515,0.0321,669.825,790.024,27,3276,0,25,24,24,0,3276.7,0,80,13/12/2024 13:56
2647,0,11.8515,24.4502,850.623,734.912,26,26,25,26,26,25,0,0.0344,790.024,8171.31,8171.31,734.912,3277,31,3276.7,29.2,29.2,30,30,118.515,0.0321,667.83,790.024,27,3276,0,25,24,24,0,3276.7,0,80,13/12/2024 13:56
2648,0,11.8515,24.4538,849.625,603.74,26,26,25,26,26,25,0,0.0344,775.56,8171.31,8171.31,603.74,3277,31,3276.7,29.2,29.2,30,30,118.515,0.0319,658.852,775.56,27,3276,0,25,24,24,0,3276.7,0,80,13/12/2024 13:56
2649,0,11.8515,24.443,849.625,588.778,26,26,25,26,26,25,0,0.0344,758.104,8171.31,8171.31,588.778,3277,31,3276.7,29.2,29.2,30,30,118.515,0.0322,637.905,758.104,27,3276,0,25,24,24,0,3276.7,0,80,13/12/2024 13:56
2650,0,11.8515,24.443,850.373,573.566,26,26,25,26,26,25,0,0.0344,742.144,8171.31,8171.31,573.566,3277,31,3276.7,29.2,29.2,30,30,118.515,0.0321,622.693,742.144,27,3276,0,25,24,24,0,3276.7,0,80,13/12/2024 13:56
2651,0,11.8515,24.4575,849.376,559.85,26,26,25,26,26,25,0,0.0344,725.935,8171.31,8171.31,559.85,3277,31,3276.7,29.2,29.2,30,30,118.515,0.0321,606.234,725.935,27,3276,0,25,24,24,0,3276.7,0,80,13/12/2024 13:56
2652,0,11.8515,24.4502,849.625,548.628,26,26,25,26,26,25,0,0.0344,710.723,8171.31,8171.31,548.628,3277,31,3276.7,29.2,29.2,30,30,118.515,0.0325,588.528,710.723,27,3276,0,25,24,24,0,3276.7,0,80,13/12/2024 13:56
2653,0,11.8515,24.4502,847.88,534.414,26,26,25,26,26,25,0,0.0344,696.009,8171.31,8171.31,534.414,3277,31,3276.7,29.2,29.2,30,30,118.515,0.032,576.309,696.009,27,3276,0,25,24,24,0,3276.7,0,80,13/12/2024 13:56
2654,0,11.8515,24.443,845.386,522.443,26,26,25,26,26,25,0,0.0344,680.049,8171.31,8171.31,522.443,3277,31,3276.7,29.2,29.2,30,30,118.515,0.032,563.591,680.049,27,3276,0,25,24,24,0,3276.7,0,80,13/12/2024 13:56
2655,0,11.8515,24.443,841.895,510.723,26,26,25,26,26,25,0,0.0344,665.336,8171.31,8171.31,510.723,3277,31,3276.7,29.2,29.2,30,30,118.515,0.0323,551.122,665.336,27,3276,0,25,24,24,0,3276.7,0,80,13/12/2024 13:56
2656,0,11.8515,24.4394,837.156,501.496,26,26,25,26,26,25,0,0.0344,652.618,8171.31,8171.31,501.496,3277,31,3276.7,29.2,29.2,30,30,118.515,0.032,538.653,652.618,27,3276,0,25,24,24,0,3276.7,0,80,13/12/2024 13:56
2657,0,11.8515,24.443,830.423,490.274,26,26,25,26,26,25,0,0.0344,640.897,8171.31,8171.31,490.274,3277,31,3276.7,29.2,29.2,30,30,118.515,0.032,521.695,640.897,27,3276,0,25,24,24,0,3276.7,0,80,13/12/2024 13:56
2658,0,11.8515,24.4502,829.924,483.042,26,26,25,26,26,25,0,0.0344,629.675,8171.31,8171.31,483.042,3277,31,3276.7,29.2,29.2,30,30,118.515,0.0458,512.468,629.675,27,3276,0,25,24,24,0,3276.7,0,80,13/12/2024 13:56
2659,0,11.8515,24.4502,832.418,483.042,26,26,25,26,26,25,0,0.0344,617.705,8171.31,8171.31,483.042,3277,31,3276.7,29.2,29.2,30,30,118.515,0.0458,499.251,617.705,27,3276,0,25,24,24,0,3276.7,0,80,13/12/2024 13:56
2660,0,11.8515,24.4502,832.418,487.032,26,26,25,26,26,25,0,0.0344,606.733,8171.31,8171.31,487.032,3277,31,3276.7,29.2,29.2,30,30,118.515,0.0458,491.271,606.733,27,3276,0,25,24,24,0,3276.7,0,80,13/12/2024 13:56
2661,0,11.8515,24.443,830.423,501.496,26,26,25,26,26,25,0,0.0344,598.004,8171.31,8171.31,501.496,3277,31,3276.7,29.2,29.2,30,30,118.515,0.0463,481.546,598.004,27,3276,0,25,24,24,0,3276.7,0,80,13/12/2024 13:56
2662,0,11.8515,24.4394,831.171,514.214,26,26,25,26,26,25,0,0.0344,591.022,8171.31,8171.31,514.214,3277,31,3276.7,29.2,29.2,30,30,118.515,0.0463,474.314,591.022,27,3276,0,25,24,24,0,3276.7,0,80,13/12/2024 13:56
2663,0,11.8515,24.443,829.675,526.184,26,26,25,26,26,25,0,0.0344,586.783,8171.31,8171.31,526.184,3277,31,3276.7,29.2,29.2,30,30,118.515,0.0468,473.815,586.783,27,3276,0,25,24,24,0,3276.7,0,80,13/12/2024 13:56
2664,0,11.8515,24.443,829.924,531.67,26,26,25,26,26,25,0,0.0344,586.034,8171.31,8171.31,531.67,3277,31,3276.7,29.2,29.2,30,30,118.515,0.0462,469.326,586.034,27,3276,0,25,24,24,0,3276.7,0,80,13/12/2024 13:56
2665,0,11.8515,24.4394,829.675,533.167,26,26,25,26,26,25,0,0.0344,586.533,8171.31,8171.31,533.167,3277,31,3276.7,29.2,29.2,30,30,118.515,0.0462,473.067,586.533,27,3276,0,25,24,24,0,3276.7,0,80,13/12/2024 13:56
2666,0,11.8515,24.4502,828.678,534.912,26,26,25,26,26,25,0,0.0344,588.778,8171.31,8171.31,534.912,3277,31,3276.7,29.2,29.2,30,30,118.515,0.0459,476.309,588.778,27,3276,0,25,24,24,0,3276.7,0,80,13/12/2024 13:56
2667,0,11.8515,24.4502,827.929,536.159,26,26,25,26,26,25,0,0.0344,590.523,8171.31,8171.31,536.159,3277,31,3276.7,29.2,29.2,30,30,118.515,0.0459,474.064,590.523,27,3276,0,25,24,24,0,3276.7,0,80,13/12/2024 13:56
2668,0,11.8515,24.4538,827.431,536.658,26,26,25,26,26,25,0,0.0344,591.022,8171.31,8171.31,536.658,3277,31,3276.7,29.2,29.2,30,30,118.515,0.0316,476.558,591.022,27,3276,0,25,24,24,0,3276.7,0,80,13/12/2024 13:56
2669,0,11.8515,24.443,827.181,536.409,26,26,25,26,26,25,0,0.0344,591.271,8171.31,8171.31,536.409,3277,31,3276.7,29.2,29.2,30,30,118.515,0.0313,478.054,591.271,27,3276,0,25,24,24,0,3276.7,0,80,13/12/2024 13:56
2670,0,11.8515,24.4502,826.683,538.154,26,26,25,26,26,25,0,0.0344,590.274,8171.31,8171.31,538.154,3277,31,3276.7,29.2,29.2,30,30,118.515,0.0313,479.551,590.274,27,3276,0,25,24,24,0,3276.7,0,80,13/12/2024 13:56
2671,0,11.8515,24.4502,825.685,538.653,26,26,25,26,26,25,0,0.0344,591.271,8171.31,8171.31,538.653,3277,31,3276.7,29.2,29.2,30,30,118.515,0.0312,483.79,591.271,27,3276,0,25,24,24,0,3276.7,0,80,13/12/2024 13:56
2672,0,11.8515,24.4502,824.937,537.905,26,26,25,26,26,25,0,0.0344,590.523,8171.31,8171.31,537.905,3277,31,3276.7,29.2,29.2,30,30,118.515,0.0312,480.798,590.523,27,3276,0,25,24,24,0,3276.7,0,80,13/12/2024 13:56
2673,0,11.8515,24.4502,824.189,538.653,26,26,25,26,26,25,0,0.0344,594.014,8171.31,8171.31,538.653,3277,31,3276.7,29.2,29.2,30,30,118.515,0.0312,482.543,594.014,27,3276,0,25,24,24,0,3276.7,0,80,13/12/2024 13:56
2674,0,11.8515,24.4394,823.191,539.401,26,26,25,26,26,25,0,0.0344,594.014,8171.31,8171.31,539.401,3277,31,3276.7,29.2,29.2,30,30,118.515,0.0306,483.79,594.014,27,3276,0,25,24,24,0,3276.7,0,80,13/12/2024 13:56
2675,0,11.8515,24.443,823.191,538.902,26,26,25,26,26,25,0,0.0344,593.765,8171.31,8171.31,538.902,3277,31,3276.7,29.2,29.2,30,30,118.515,0.0306,479.551,593.765,27,3276,0,25,24,24,0,3276.7,0,80,13/12/2024 13:56
2676,0,11.8515,24.4358,821.944,539.152,26,26,25,26,26,25,0,0.0344,593.017,8171.31,8171.31,539.152,3277,31,3276.7,29.2,29.2,30,30,118.515,0.0313,483.291,593.017,27,3276,0,25,24,24,0,3276.7,0,80,13/12/2024 13:56
2677,0,11.8515,24.4394,820.947,539.401,26,26,25,26,26,25,0,0.0344,592.768,8171.31,8171.31,539.401,3277,31,3276.7,29.2,29.2,30,30,118.515,0.0313,482.044,592.768,27,3276,0,25,24,24,0,3276.7,0,80,13/12/2024 13:56
2678,0,11.8515,24.443,820.698,539.401,26,26,25,26,26,25,0,0.0344,594.014,8171.31,8171.31,539.401,3277,31,3276.7,29.2,29.2,30,30,118.515,0.0313,480.798,594.014,27,3276,0,25,24,24,0,3276.7,0,80,13/12/2024 13:56
2679,0,11.8515,24.4394,819.201,540.648,26,26,25,26,26,25,0,0.0344,593.516,8171.31,8171.31,540.648,3277,31,3276.7,29.2,29.2,30,30,118.515,0.0313,486.533,593.516,27,3276,0,25,24,24,0,3276.7,0,80,13/12/2024 13:56
2680,0,11.8515,24.4538,817.954,540.648,26,26,25,26,26,25,0,4.5642,595.261,8171.31,8171.31,540.648,3277,31,3276.7,29.2,29.2,30,30,118.515,0.0313,483.79,595.261,27,3276,0,25,24,24,0,3276.7,0,80,13/12/2024 13:56
2681,0,11.8515,24.4502,818.204,541.147,26,26,25,26,26,25,0,4.5654,595.012,8171.31,8171.31,541.147,3277,31,3276.7,29.2,29.2,30,30,118.515,0.0311,486.284,595.012,27,3276,0,25,24,24,0,3276.7,0,80,13/12/2024 13:56
2682,0,11.8515,24.4394,817.206,541.147,26,26,25,26,26,25,0,4.5654,595.261,8171.31,8171.31,541.147,3277,31,3276.7,29.2,29.2,30,30,118.515,0.0311,486.533,595.261,27,3276,0,25,24,24,0,3276.7,0,80,13/12/2024 13:56
2683,0,11.8515,24.4502,815.71,540.648,26,26,25,26,26,25,0,4.5654,594.264,8171.31,8171.31,540.648,3277,31,3276.7,29.2,29.2,30,30,118.515,0.0311,484.039,594.264,27,3276,0,25,24,24,0,3276.7,0,80,13/12/2024 13:56
2684,0,11.8515,24.4394,815.71,541.147,26,26,25,26,26,25,0,4.5654,593.516,8171.31,8171.31,541.147,3277,31,3276.7,29.2,29.2,30,30,118.515,0.0311,487.032,593.516,27,3276,0,25,24,24,0,3276.7,0,80,13/12/2024 13:56
2685,0,11.8515,24.443,814.962,541.396,26,26,25,26,26,25,0,4.5654,594.264,8171.31,8171.31,541.396,3277,31,3276.7,29.2,29.2,30,30,118.515,0.0311,485.536,594.264,27,3276,0,25,24,24,0,3276.7,0,80,13/12/2024 13:56
2686,0,11.8515,24.4502,814.463,541.147,26,26,25,26,26,25,0,4.5654,594.763,8171.31,8171.31,541.147,3277,31,3276.7,29.2,29.2,30,30,118.515,0.0311,485.536,594.763,27,3276,0,25,24,24,0,3276.7,0,80,13/12/2024 13:56
2687,0,11.8515,24.443,813.466,541.396,26,26,25,26,26,25,0,4.5654,595.261,8171.31,8171.31,541.396,3277,31,3276.7,29.2,29.2,30,30,118.515,0.0311,488.778,595.261,27,3276,0,25,24,24,0,3276.7,0,80,13/12/2024 13:57
2688,0,11.8515,24.4538,812.967,541.147,26,26,25,26,26,25,0,4.5654,595.511,8171.31,8171.31,541.147,3277,31,3276.7,29.2,29.2,30,30,118.515,0.0317,487.032,595.511,27,3276,0,25,24,24,0,3276.7,0,80,13/12/2024 13:57
2689,0,11.8515,24.443,811.221,541.147,26,26,25,26,26,25,0,4.5654,595.511,8171.31,8171.31,541.147,3277,31,3276.7,29.2,29.2,30,30,118.515,0.0317,491.271,595.511,27,3276,0,25,24,24,0,3276.7,0,80,13/12/2024 13:57
2690,0,11.8515,24.4394,812.219,541.396,26,26,25,26,26,25,0,4.5654,595.012,8171.31,8171.31,541.396,3277,31,3276.7,29.2,29.2,30,30,118.515,0.0313,488.03,595.012,27,3276,0,25,24,24,0,3276.7,0,80,13/12/2024 13:57
2691,0,11.8515,24.443,812.468,541.147,26,26,25,26,26,25,0,4.5654,595.261,8171.31,8171.31,541.147,3277,31,3276.7,29.2,29.2,30,30,118.515,0.0313,489.526,595.261,27,3276,0,25,24,24,0,3276.7,0,80,13/12/2024 13:57
2692,0,11.8515,24.4394,812.468,541.645,26,26,25,26,26,25,0,4.5654,594.763,8171.31,8171.31,541.645,3277,31,3276.7,29.2,29.2,30,30,118.515,0.031,491.271,594.763,27,3276,0,25,24,24,0,3276.7,0,80,13/12/2024 13:57
2693,0,11.8515,24.443,810.972,542.394,26,26,25,26,26,25,0,4.5654,594.763,8171.31,8171.31,542.394,3277,31,3276.7,29.2,29.2,30,30,118.515,0.0318,486.533,594.763,27,3276,0,25,24,24,0,3276.7,0,80,13/12/2024 13:57
2694,0,11.8515,24.443,811.72,541.396,26,26,25,26,26,25,0,4.5654,594.763,8171.31,8171.31,541.396,3277,31,3276.7,29.2,29.2,30,30,118.515,0.0318,490.773,594.763,27,3276,0,25,24,24,0,3276.7,0,80,13/12/2024 13:57
2695,0,11.8515,24.443,810.723,541.147,26,26,25,26,26,25,0,4.5654,596.009,8171.31,8171.31,541.147,3277,31,3276.7,29.2,29.2,30,30,118.515,0.031,488.778,596.009,27,3276,0,25,24,24,0,3276.7,0,80,13/12/2024 13:57
2696,0,11.8515,24.443,809.974,541.396,26,26,25,26,26,25,0,4.5654,595.012,8171.31,8171.31,541.396,3277,31,3276.7,29.2,29.2,30,30,118.515,0.0317,490.773,595.012,27,3276,0,25,24,24,0,3276.7,0,80,13/12/2024 13:57
2697,0,11.8515,24.443,810.473,541.147,26,26,25,26,26,25,0,4.5654,596.009,8171.31,8171.31,541.147,3277,31,3276.7,29.2,29.2,30,30,118.515,0.0312,492.518,596.009,27,3276,0,25,24,24,0,3276.7,0,80,13/12/2024 13:57
2698,0,11.8515,24.443,809.974,541.396,26,26,25,26,26,25,0,4.5654,595.511,8171.31,8171.31,541.396,3277,31,3276.7,29.2,29.2,30,30,118.515,0.0316,489.276,595.511,27,3276,0,25,24,24,0,3276.7,0,80,13/12/2024 13:57
2699,0,11.8515,24.4394,809.226,541.396,26,26,25,26,26,25,0,4.5654,595.511,8171.31,8171.31,541.396,3277,31,3276.7,29.2,29.2,30,30,118.515,0.0316,492.768,595.511,27,3276,0,25,24,24,0,3276.7,0,80,13/12/2024 13:57
2700,0,11.8515,24.4502,809.725,541.396,26,26,25,26,26,25,0,4.5654,596.009,8171.31,8171.31,541.396,3277,31,3276.7,29.2,29.2,30,30,118.515,0.0314,487.78,596.009,27,3276,0,25,24,24,0,3276.7,0,80,13/12/2024 13:57
2701,0,11.8515,24.4394,808.727,541.645,26,26,25,26,26,25,0,4.5654,595.511,8171.31,8171.31,541.645,3277,31,3276.7,29.2,29.2,30,30,118.515,0.0312,491.271,595.511,27,3276,0,25,24,24,0,3276.7,0,80,13/12/2024 13:57
2702,0,11.8515,24.443,809.226,541.645,26,26,25,26,26,25,0,4.5654,595.511,8171.31,8171.31,541.645,3277,31,3276.7,29.2,29.2,30,30,118.515,0.0312,486.533,595.511,27,3276,0,25,24,24,0,3276.7,0,80,13/12/2024 13:57
2703,0,11.8515,24.4502,808.229,541.895,26,26,25,26,26,25,0,4.5654,595.261,8171.31,8171.31,541.895,3277,31,3276.7,29.2,29.2,30,30,118.515,0.031,490.025,595.261,27,3276,0,25,24,24,0,3276.7,0,80,13/12/2024 13:57
2704,0,11.8515,24.4394,807.979,541.645,26,26,25,26,26,25,0,4.5654,595.511,8171.31,8171.31,541.645,3277,31,3276.7,29.2,29.2,30,30,118.515,0.0318,486.284,595.511,27,3276,0,25,24,24,0,3276.7,0,80,13/12/2024 13:57
2705,0,11.8515,24.4502,808.478,541.396,26,26,25,26,26,25,0,4.5654,595.012,8171.31,8171.31,541.396,3277,31,3276.7,29.2,29.2,30,30,118.515,0.0457,488.778,595.012,27,3276,0,25,24,24,0,3276.7,0,80,13/12/2024 13:57
2706,0,11.8515,24.443,807.979,537.905,26,26,25,26,26,25,0,4.5654,593.516,8171.31,8171.31,537.905,3277,31,3276.7,29.2,29.2,30,30,118.515,0.0462,488.279,593.516,27,3276,0,25,24,24,0,3276.7,0,80,13/12/2024 13:57
2707,0,11.8515,24.4394,807.481,525.436,26,26,25,26,26,25,0,4.5654,590.274,8171.31,8171.31,525.436,3277,31,3276.7,29.2,29.2,30,30,118.515,0.0462,486.533,590.274,27,3276,0,25,24,24,0,3276.7,0,80,13/12/2024 13:57
2708,0,11.8515,24.443,807.481,501.246,26,26,25,26,26,25,0,4.5654,583.042,8171.31,8171.31,501.246,3277,31,3276.7,29.2,29.2,30,30,118.515,0.0462,480.049,583.042,27,3276,0,25,24,24,0,3276.7,0,80,13/12/2024 13:57
2709,0,11.8515,24.4502,806.982,470.823,26,26,25,26,26,25,0,4.5654,574.812,8171.31,8171.31,470.823,3277,31,3276.7,29.2,29.2,30,30,118.515,0.0462,466.334,574.812,27,3276,0,25,24,24,0,3276.7,0,80,13/12/2024 13:57
2710,0,11.8515,24.4575,807.231,446.633,26,26,25,26,26,25,0,5.6259,564.837,8171.31,8171.31,446.633,3277,31,3276.7,29.2,29.2,30,30,118.515,0.0462,455.86,564.837,27,3276,0,25,24,24,0,3276.7,0,80,13/12/2024 13:57
2711,0,11.8515,24.4611,806.732,427.68,26,26,25,26,26,25,0,5.7509,553.615,8171.31,8171.31,427.68,3277,31,3276.7,29.2,29.2,30,30,118.515,0.0473,440.897,553.615,27,3276,0,25,24,24,0,3276.7,0,80,13/12/2024 13:57
2712,0,11.8515,24.443,805.735,413.965,26,26,25,26,26,25,0,5.7509,542.643,8171.31,8171.31,413.965,3277,31,3276.7,29.2,29.2,30,30,118.515,0.0473,439.401,542.643,27,3276,0,25,24,24,0,3276.7,0,80,13/12/2024 13:57
2713,0,11.8515,24.443,804.987,401.496,26,26,25,26,26,25,0,5.7509,531.172,8171.31,8171.31,401.496,3277,31,3276.7,29.2,29.2,30,30,118.515,0.0474,429.426,531.172,27,3276,0,25,24,24,0,3276.7,0,80,13/12/2024 13:57
2714,0,11.8515,24.4394,804.737,392.768,26,26,25,26,26,25,0,5.7509,520.698,8171.31,8171.31,392.768,3277,31,3276.7,29.2,29.2,30,30,118.515,0.0319,419.202,520.698,27,3276,0,25,24,24,0,3276.7,0,80,13/12/2024 13:57
2715,0,11.8515,24.443,803.74,384.04,26,26,25,26,26,25,0,5.7509,508.728,8171.31,8171.31,384.04,3277,31,3276.7,29.2,29.2,30,30,118.515,0.0319,413.965,508.728,27,3276,0,25,24,24,0,3276.7,0,80,13/12/2024 13:57
2716,0,11.8515,24.4394,802.992,375.311,26,26,25,26,26,25,0,5.7509,499.251,8171.31,8171.31,375.311,3277,31,3276.7,29.2,29.2,30,30,118.515,0.0325,401.496,499.251,27,3276,0,25,24,24,0,3276.7,0,80,13/12/2024 13:57
2717,0,11.8515,24.443,802.493,368.079,26,26,25,26,26,25,0,5.7509,491.271,8171.31,8171.31,368.079,3277,31,3276.7,29.2,29.2,30,30,118.515,0.0321,394.015,491.271,27,3276,0,25,24,24,0,3276.7,0,80,13/12/2024 13:57
2718,0,11.8515,24.4502,802.493,360.349,26,26,25,26,26,25,0,5.7509,482.793,8171.31,8171.31,360.349,3277,31,3276.7,29.2,29.2,30,30,118.515,0.0321,384.04,482.793,27,3276,0,25,24,24,0,3276.7,0,80,13/12/2024 13:57
2719,0,11.8515,24.443,801.994,352.369,26,26,25,26,26,25,0,5.7509,474.064,8171.31,8171.31,352.369,3277,31,3276.7,29.2,29.2,30,30,118.515,0.0321,371.82,474.064,27,3276,0,25,24,24,0,3276.7,0,80,13/12/2024 13:57
2720,0,11.8515,24.4394,800.747,346.883,26,26,25,26,26,25,0,5.7509,464.588,8171.31,8171.31,346.883,3277,31,3276.7,29.2,29.2,30,30,118.515,0.0323,366.084,464.588,27,3276,0,25,24,24,0,3276.7,0,80,13/12/2024 13:57
2721,0,11.8515,24.443,799.999,339.401,26,26,25,26,26,25,0,5.7509,454.613,8171.31,8171.31,339.401,3277,31,3276.7,29.2,29.2,30,30,118.515,0.0321,356.608,454.613,27,3276,0,25,24,24,0,3276.7,0,80,13/12/2024 13:57
2722,0,11.8515,24.4538,798.503,333.167,26,26,25,26,26,25,0,5.7509,446.384,8171.31,8171.31,333.167,3277,31,3276.7,29.2,29.2,30,30,118.515,0.0321,346.883,446.384,27,3276,0,25,24,24,0,3276.7,0,80,13/12/2024 13:57
2723,0,11.8515,24.4358,798.254,324.439,26,26,25,26,26,25,0,5.7509,438.902,8171.31,8171.31,324.439,3277,31,3276.7,29.2,29.2,30,30,118.515,0.0321,342.144,438.902,27,3276,0,25,24,24,0,3276.7,0,80,13/12/2024 13:57
2724,0,11.8515,24.4502,797.007,319.202,26,26,25,26,26,25,0,5.7509,431.67,8171.31,8171.31,319.202,3277,31,3276.7,29.2,29.2,30,30,118.515,0.0319,332.419,431.67,27,3276,0,25,24,24,0,3276.7,0,80,13/12/2024 13:57
2725,0,11.8515,24.4538,795.76,312.469,26,26,25,26,26,25,0,5.7509,423.94,8171.31,8171.31,312.469,3277,31,3276.7,29.2,29.2,30,30,118.515,0.0323,326.683,423.94,27,3276,0,25,24,24,0,3276.7,0,80,13/12/2024 13:57
2726,0,11.8515,24.4502,795.51,305.486,26,26,25,26,26,25,0,5.7509,415.96,8171.31,8171.31,305.486,3277,31,3276.7,29.2,29.2,30,30,118.515,0.0323,320.947,415.96,27,3276,0,25,24,24,0,3276.7,0,80,13/12/2024 13:57
2727,0,11.8515,24.4538,795.012,299.501,26,26,25,26,26,25,0,5.7509,407.73,8171.31,8171.31,299.501,3277,31,3276.7,29.2,29.2,30,30,118.515,0.032,310.474,407.73,27,3276,0,25,24,24,0,3276.7,0,80,13/12/2024 13:57
2728,0,11.8515,24.4358,793.516,293.267,26,26,25,26,26,25,0,5.7509,399.501,8171.31,8171.31,293.267,3277,31,3276.7,29.2,29.2,30,30,118.515,0.0326,306.733,399.501,27,3276,0,25,24,24,0,3276.7,0,80,13/12/2024 13:57
2729,0,11.8515,24.4538,793.765,287.032,26,26,25,26,26,25,0,5.7509,392.768,8171.31,8171.31,287.032,3277,31,3276.7,29.2,29.2,30,30,118.515,0.032,298.503,392.768,27,3276,0,25,24,24,0,3276.7,0,80,13/12/2024 13:57
2730,0,11.8515,24.443,792.269,281.795,26,26,25,26,26,25,0,5.7509,386.533,8171.31,8171.31,281.795,3277,31,3276.7,29.2,29.2,30,30,118.515,0.0426,289.277,386.533,27,3276,0,25,24,24,0,3276.7,0,80,13/12/2024 13:57
2731,0,11.8515,24.443,792.019,277.057,26,26,25,26,26,25,0,5.7509,380.299,8171.31,8171.31,277.057,3277,31,3276.7,29.2,29.2,30,30,118.515,0.0426,284.289,380.299,27,3276,0,25,24,24,0,3276.7,0,80,13/12/2024 13:57
2732,0,11.8515,24.443,792.019,275.81,26,26,25,26,26,25,0,5.7509,374.065,8171.31,8171.31,275.81,3277,31,3276.7,29.2,29.2,30,30,118.515,0.0461,278.055,374.065,27,3276,0,25,24,24,0,3276.7,0,80,13/12/2024 13:57
2733,0,11.8515,24.4394,792.269,280.05,26,26,25,26,26,25,0,5.7509,366.583,8171.31,8171.31,280.05,3277,31,3276.7,29.2,29.2,30,30,118.515,0.0457,270.573,366.583,27,3276,0,25,24,24,0,3276.7,0,80,13/12/2024 13:57
2734,0,11.8515,24.4538,791.022,288.03,26,26,25,26,26,25,0,5.7509,360.848,8171.31,8171.31,288.03,3277,31,3276.7,29.2,29.2,30,30,118.515,0.0457,269.576,360.848,27,3276,0,25,24,24,0,3276.7,0,80,13/12/2024 13:57
2735,0,11.8515,24.443,785.037,296.758,26,26,25,26,26,25,0,5.7509,358.603,8171.31,8171.31,296.758,3277,31,3276.7,29.2,29.2,30,30,118.515,0.0461,263.591,358.603,27,3276,0,25,24,24,0,3276.7,0,80,13/12/2024 13:57
2736,0,11.8515,24.4502,732.668,303.242,26,26,25,26,26,25,0,5.7509,357.356,8171.31,8171.31,303.242,3277,31,3276.7,29.2,29.2,30,30,118.515,0.0464,261.097,357.356,27,3276,0,25,24,24,0,3276.7,0,80,13/12/2024 13:57
2737,0,11.8515,24.4502,700.747,305.985,26,26,25,26,26,25,0,5.7509,358.603,8171.31,8171.31,305.985,3277,31,3276.7,29.2,29.2,30,30,118.515,0.0464,263.092,358.603,27,3276,0,25,24,24,0,3276.7,0,80,13/12/2024 13:57
2738,0,11.8515,24.4358,675.311,306.733,26,26,25,26,26,25,0,5.7509,357.356,8171.31,8171.31,306.733,3277,31,3276.7,29.2,29.2,30,30,118.515,0.0462,262.095,357.356,27,3276,0,25,24,24,0,3276.7,0,80,13/12/2024 13:57
2739,0,11.8515,24.4394,655.86,306.982,26,26,25,26,26,25,0,5.7509,356.858,8171.31,8171.31,306.982,3277,31,3276.7,29.2,29.2,30,30,118.515,0.0462,261.346,356.858,27,3276,0,25,24,24,0,3276.7,0,80,13/12/2024 13:57
2740,0,11.8515,24.4394,641.396,306.733,26,26,25,26,26,25,0,4.3801,357.356,8171.31,8171.31,306.733,3277,31,3276.7,29.2,29.2,30,30,118.515,0.0316,264.838,357.356,27,3276,0,25,24,24,0,3276.7,0,80,13/12/2024 13:57
2741,0,11.8515,24.4502,630.423,307.232,26,26,25,26,26,25,0,4.3768,359.601,8171.31,8171.31,307.232,3277,31,3276.7,29.2,29.2,30,30,118.515,0.0316,264.339,359.601,27,3276,0,25,24,24,0,3276.7,0,80,13/12/2024 13:57
2742,0,11.8515,24.443,668.329,308.728,26,26,25,26,26,25,0,4.3768,360.598,8171.31,8171.31,308.728,3277,31,3276.7,29.2,29.2,30,30,118.515,0.0316,263.591,360.598,27,3276,0,25,24,24,0,3276.7,0,80,13/12/2024 13:57
2743,0,11.8515,24.443,708.478,308.728,26,26,25,26,26,25,0,4.3768,359.85,8171.31,8171.31,308.728,3277,31,3276.7,29.2,29.2,30,30,118.515,0.0313,266.334,359.85,27,3276,0,25,24,24,0,3276.7,0,80,13/12/2024 13:57
2744,0,11.8515,24.4502,739.9,308.728,26,26,25,26,26,25,0,4.3768,359.351,8171.31,8171.31,308.728,3277,31,3276.7,29.2,29.2,30,30,118.515,0.0305,265.835,359.351,27,3276,0,25,24,24,0,3276.7,0,80,13/12/2024 13:57
2745,0,11.8515,24.4502,763.59,308.728,26,26,25,26,26,25,0,4.3768,359.351,8171.31,8171.31,308.728,3277,31,3276.7,29.2,29.2,30,30,118.515,0.0315,264.339,359.351,27,3276,0,25,24,24,0,3276.7,0,80,13/12/2024 13:57
2746,0,11.8515,24.4538,777.555,309.476,26,26,25,26,26,25,0,4.3768,360.349,8171.31,8171.31,309.476,3277,31,3276.7,29.2,29.2,30,30,118.515,0.0315,266.833,360.349,27,3276,0,25,24,24,0,3276.7,0,80,13/12/2024 13:58
2747,0,11.8515,24.4538,787.032,309.476,26,26,25,26,26,25,0,4.3768,361.596,8171.31,8171.31,309.476,3277,31,3276.7,29.2,29.2,30,30,118.515,0.0315,265.586,361.596,27,3276,0,25,24,24,0,3276.7,0,80,13/12/2024 13:58
2748,0,11.8515,24.4538,791.271,309.476,26,26,25,26,26,25,0,4.3768,361.097,8171.31,8171.31,309.476,3277,31,3276.7,29.2,29.2,30,30,118.515,0.031,263.092,361.097,27,3276,0,25,24,24,0,3276.7,0,80,13/12/2024 13:58
2749,0,11.8515,24.4611,793.516,309.975,26,26,25,26,26,25,0,4.3768,359.85,8171.31,8171.31,309.975,3277,31,3276.7,29.2,29.2,30,30,118.515,0.0314,267.331,359.85,27,3276,0,25,24,24,0,3276.7,0,80,13/12/2024 13:58
2750,0,11.8515,24.443,793.765,309.476,26,26,25,26,26,25,0,4.3768,359.85,8171.31,8171.31,309.476,3277,31,3276.7,29.2,29.2,30,30,118.515,0.0314,269.326,359.85,27,3276,0,25,24,24,0,3276.7,0,80,13/12/2024 13:58
2751,0,11.8515,24.4394,794.762,309.725,26,26,25,26,26,25,0,4.3768,360.848,8171.31,8171.31,309.725,3277,31,3276.7,29.2,29.2,30,30,118.515,0.0314,267.082,360.848,27,3276,0,25,24,24,0,3276.7,0,80,13/12/2024 13:58
2752,0,11.8515,24.4394,795.012,309.725,26,26,25,26,26,25,0,4.3768,361.845,8171.31,8171.31,309.725,3277,31,3276.7,29.2,29.2,30,30,118.515,0.031,268.578,361.845,27,3276,0,25,24,24,0,3276.7,0,80,13/12/2024 13:58
2753,0,11.8515,24.4394,794.762,309.476,26,26,25,26,26,25,0,4.3768,361.845,8171.31,8171.31,309.476,3277,31,3276.7,29.2,29.2,30,30,118.515,0.031,268.828,361.845,27,3276,0,25,24,24,0,3276.7,0,80,13/12/2024 13:58
2754,0,11.8515,24.4538,795.012,309.975,26,26,25,26,26,25,0,4.3768,360.848,8171.31,8171.31,309.975,3277,31,3276.7,29.2,29.2,30,30,118.515,0.0307,266.085,360.848,27,3276,0,25,24,24,0,3276.7,0,80,13/12/2024 13:58
2755,0,11.8515,24.4502,794.762,310.474,26,26,25,26,26,25,0,4.3768,359.601,8171.31,8171.31,310.474,3277,31,3276.7,29.2,29.2,30,30,118.515,0.0307,266.334,359.601,27,3276,0,25,24,24,0,3276.7,0,80,13/12/2024 13:58
2756,0,11.8515,24.443,794.513,310.474,26,26,25,26,26,25,0,4.3768,361.845,8171.31,8171.31,310.474,3277,31,3276.7,29.2,29.2,30,30,118.515,0.0318,267.082,361.845,27,3276,0,25,24,24,0,3276.7,0,80,13/12/2024 13:58
2757,0,11.8515,24.4502,795.012,310.474,26,26,25,26,26,25,0,4.3768,362.344,8171.31,8171.31,310.474,3277,31,3276.7,29.2,29.2,30,30,118.515,0.031,264.588,362.344,27,3276,0,25,24,24,0,3276.7,0,80,13/12/2024 13:58
2758,0,11.8515,24.4358,795.012,309.975,26,26,25,26,26,25,0,4.3768,362.344,8171.31,8171.31,309.975,3277,31,3276.7,29.2,29.2,30,30,118.515,0.031,265.835,362.344,27,3276,0,25,24,24,0,3276.7,0,80,13/12/2024 13:58
2759,0,11.8515,24.4394,795.012,310.723,26,26,25,26,26,25,0,4.3768,359.85,8171.31,8171.31,310.723,3277,31,3276.7,29.2,29.2,30,30,118.515,0.0313,267.082,359.85,27,3276,0,25,24,24,0,3276.7,0,80,13/12/2024 13:58
2760,0,11.8515,24.443,795.012,311.222,26,26,25,26,26,25,0,4.3768,361.097,8171.31,8171.31,311.222,3277,31,3276.7,29.2,29.2,30,30,118.515,0.0311,265.087,361.097,27,3276,0,25,24,24,0,3276.7,0,80,13/12/2024 13:58
2761,0,11.8515,24.443,795.51,310.474,26,26,25,26,26,25,0,4.3768,361.845,8171.31,8171.31,310.474,3277,31,3276.7,29.2,29.2,30,30,118.515,0.0311,265.835,361.845,27,3276,0,25,24,24,0,3276.7,0,80,13/12/2024 13:58
2762,0,11.8515,24.443,795.012,310.972,26,26,25,26,26,25,0,4.3768,362.094,8171.31,8171.31,310.972,3277,31,3276.7,29.2,29.2,30,30,118.515,0.0313,267.331,362.094,27,3276,0,25,24,24,0,3276.7,0,80,13/12/2024 13:58
2763,0,11.8515,24.4394,795.012,311.222,26,26,25,26,26,25,0,4.3768,362.344,8171.31,8171.31,311.222,3277,31,3276.7,29.2,29.2,30,30,118.515,0.0313,265.087,362.344,27,3276,0,25,24,24,0,3276.7,0,80,13/12/2024 13:58
2764,0,11.8515,24.4538,795.012,310.972,26,26,25,26,26,25,0,4.3768,362.843,8171.31,8171.31,310.972,3277,31,3276.7,29.2,29.2,30,30,118.515,0.0438,268.08,362.843,27,3276,0,25,24,24,0,3276.7,0,80,13/12/2024 13:58
2765,0,11.8515,24.443,795.012,309.476,26,26,25,26,26,25,0,4.3768,360.848,8171.31,8171.31,309.476,3277,31,3276.7,29.2,29.2,30,30,118.515,0.0461,268.828,360.848,27,3276,0,25,24,24,0,3276.7,0,80,13/12/2024 13:58
2766,0,11.8515,24.4502,795.012,303.491,26,26,25,26,26,25,0,4.3768,359.351,8171.31,8171.31,303.491,3277,31,3276.7,29.2,29.2,30,30,118.515,0.0461,264.588,359.351,27,3276,0,25,24,24,0,3276.7,0,80,13/12/2024 13:58
2767,0,11.8515,24.4394,794.762,291.022,26,26,25,26,26,25,0,4.3768,355.86,8171.31,8171.31,291.022,3277,31,3276.7,29.2,29.2,30,30,118.515,0.0461,262.095,355.86,27,3276,0,25,24,24,0,3276.7,0,80,13/12/2024 13:58
2768,0,11.8515,24.4394,795.012,275.062,26,26,25,26,26,25,0,4.3768,351.87,8171.31,8171.31,275.062,3277,31,3276.7,29.2,29.2,30,30,118.515,0.0461,257.606,351.87,27,3276,0,25,24,24,0,3276.7,0,80,13/12/2024 13:58
2769,0,11.8515,24.4502,795.012,257.606,26,26,25,26,26,25,0,4.3768,346.883,8171.31,8171.31,257.606,3277,31,3276.7,29.2,29.2,30,30,118.515,0.0464,249.376,346.883,27,3276,0,25,24,24,0,3276.7,0,80,13/12/2024 13:58
2770,0,11.8515,24.4502,795.012,245.636,26,26,25,26,26,25,0,5.1564,341.895,8171.31,8171.31,245.636,3277,31,3276.7,29.2,29.2,30,30,118.515,0.0468,245.885,341.895,27,3276,0,25,24,24,0,3276.7,0,80,13/12/2024 13:58
2771,0,11.8515,24.4394,795.012,236.159,26,26,25,26,26,25,0,5.325,332.419,8171.31,8171.31,236.159,3277,31,3276.7,29.2,29.2,30,30,118.515,0.0468,237.656,332.419,27,3276,0,25,24,24,0,3276.7,0,80,13/12/2024 13:58
2772,0,11.8515,24.4502,794.513,230.673,26,26,25,26,26,25,0,5.325,325.436,8171.31,8171.31,230.673,3277,31,3276.7,29.2,29.2,30,30,118.515,0.0472,232.169,325.436,27,3276,0,25,24,24,0,3276.7,0,80,13/12/2024 13:58
2773,0,11.8515,24.443,795.51,224.937,26,26,25,26,26,25,0,5.325,320.449,8171.31,8171.31,224.937,3277,31,3276.7,29.2,29.2,30,30,118.515,0.035,227.182,320.449,27,3276,0,25,24,24,0,3276.7,0,80,13/12/2024 13:58
2774,0,11.8515,24.443,795.012,219.701,26,26,25,26,26,25,0,5.325,315.461,8171.31,8171.31,219.701,3277,31,3276.7,29.2,29.2,30,30,118.515,0.035,219.701,315.461,27,3276,0,25,24,24,0,3276.7,0,80,13/12/2024 13:58
2775,0,11.8515,24.4502,795.012,214.713,26,26,25,26,26,25,0,5.325,309.476,8171.31,8171.31,214.713,3277,31,3276.7,29.2,29.2,30,30,118.515,0.0319,214.464,309.476,27,3276,0,25,24,24,0,3276.7,0,80,13/12/2024 13:58
2776,0,11.8515,24.4502,795.76,210.224,26,26,25,26,26,25,0,5.325,303.491,8171.31,8171.31,210.224,3277,31,3276.7,29.2,29.2,30,30,118.515,0.0321,211.97,303.491,27,3276,0,25,24,24,0,3276.7,0,80,13/12/2024 13:58
2777,0,11.8515,24.443,795.51,205.735,26,26,25,26,26,25,0,5.325,297.007,8171.31,8171.31,205.735,3277,31,3276.7,29.2,29.2,30,30,118.515,0.0324,204.489,297.007,27,3276,0,25,24,24,0,3276.7,0,80,13/12/2024 13:58
2778,0,11.8515,24.4394,795.012,202.244,26,26,25,26,26,25,0,5.325,291.77,8171.31,8171.31,202.244,3277,31,3276.7,29.2,29.2,30,30,118.515,0.032,199.75,291.77,27,3276,0,25,24,24,0,3276.7,0,80,13/12/2024 13:58
2779,0,11.8515,24.4538,795.012,196.509,26,26,25,26,26,25,0,5.325,287.282,8171.31,8171.31,196.509,3277,31,3276.7,29.2,29.2,30,30,118.515,0.032,196.509,287.282,27,3276,0,25,24,24,0,3276.7,0,80,13/12/2024 13:58
2780,0,11.8515,24.4502,795.012,192.519,26,26,25,26,26,25,0,5.325,282.294,8171.31,8171.31,192.519,3277,31,3276.7,29.2,29.2,30,30,118.515,0.032,189.775,282.294,27,3276,0,25,24,24,0,3276.7,0,80,13/12/2024 13:58
2781,0,11.8515,24.443,794.762,188.778,26,26,25,26,26,25,0,5.325,278.055,8171.31,8171.31,188.778,3277,31,3276.7,29.2,29.2,30,30,118.515,0.0323,187.032,278.055,27,3276,0,25,24,24,0,3276.7,0,80,13/12/2024 13:58
2782,0,11.8515,24.443,795.51,185.785,26,26,25,26,26,25,0,5.325,272.568,8171.31,8171.31,185.785,3277,31,3276.7,29.2,29.2,30,30,118.515,0.0323,184.04,272.568,27,3276,0,25,24,24,0,3276.7,0,80,13/12/2024 13:58
2783,0,11.8515,24.4502,795.76,182.045,26,26,25,26,26,25,0,5.325,266.334,8171.31,8171.31,182.045,3277,31,3276.7,29.2,29.2,30,30,118.515,0.0319,177.057,266.334,27,3276,0,25,24,24,0,3276.7,0,80,13/12/2024 13:58
2784,0,11.8515,24.4394,795.51,177.556,26,26,25,26,26,25,0,5.325,262.095,8171.31,8171.31,177.556,3277,31,3276.7,29.2,29.2,30,30,118.515,0.0317,173.566,262.095,27,3276,0,25,24,24,0,3276.7,0,80,13/12/2024 13:58
2785,0,11.8515,24.4502,795.012,173.566,26,26,25,26,26,25,0,5.325,258.105,8171.31,8171.31,173.566,3277,31,3276.7,29.2,29.2,30,30,118.515,0.0317,170.075,258.105,27,3276,0,25,24,24,0,3276.7,0,80,13/12/2024 13:58
2786,0,11.8515,24.443,794.762,170.324,26,26,25,26,26,25,0,5.325,254.364,8171.31,8171.31,170.324,3277,31,3276.7,29.2,29.2,30,30,118.515,0.0319,161.596,254.364,27,3276,0,25,24,24,0,3276.7,0,80,13/12/2024 13:58
2787,0,11.8515,24.443,795.51,166.334,26,26,25,26,26,25,0,5.325,250.124,8171.31,8171.31,166.334,3277,31,3276.7,29.2,29.2,30,30,118.515,0.0319,159.85,250.124,27,3276,0,25,24,24,0,3276.7,0,80,13/12/2024 13:58
2788,0,11.8515,24.4394,795.012,162.593,26,26,25,26,26,25,0,5.325,244.638,8171.31,8171.31,162.593,3277,31,3276.7,29.2,29.2,30,30,118.515,0.0321,154.863,244.638,27,3276,0,25,24,24,0,3276.7,0,80,13/12/2024 13:58
2789,0,11.8515,24.4394,795.012,159.85,26,26,25,26,26,25,0,5.325,239.651,8171.31,8171.31,159.85,3277,31,3276.7,29.2,29.2,30,30,118.515,0.0321,148.379,239.651,27,3276,0,25,24,24,0,3276.7,0,80,13/12/2024 13:58
2790,0,11.8515,24.4502,795.012,155.112,26,26,25,26,26,25,0,5.325,236.159,8171.31,8171.31,155.112,3277,31,3276.7,29.2,29.2,30,30,118.515,0.0321,146.633,236.159,27,3276,0,25,24,24,0,3276.7,0,80,13/12/2024 13:58
2791,0,11.8515,24.4538,794.264,152.618,26,26,25,26,26,25,0,5.325,233.167,8171.31,8171.31,152.618,3277,31,3276.7,29.2,29.2,30,30,118.515,0.0322,143.391,233.167,27,3276,0,25,24,24,0,3276.7,0,80,13/12/2024 13:58
2792,0,11.8515,24.443,794.513,149.875,26,26,25,26,26,25,0,5.325,229.676,8171.31,8171.31,149.875,3277,31,3276.7,29.2,29.2,30,30,118.515,0.0321,137.656,229.676,27,3276,0,25,24,24,0,3276.7,0,80,13/12/2024 13:58
2793,0,11.8515,24.4502,794.762,145.885,26,26,25,26,26,25,0,5.325,224.937,8171.31,8171.31,145.885,3277,31,3276.7,29.2,29.2,30,30,118.515,0.0319,137.656,224.937,27,3276,0,25,24,24,0,3276.7,0,80,13/12/2024 13:58
2794,0,11.8515,24.4394,795.51,142.394,26,26,25,26,26,25,0,5.325,221.197,8171.31,8171.31,142.394,3277,31,3276.7,29.2,29.2,30,30,118.515,0.0323,130.424,221.197,27,3276,0,25,24,24,0,3276.7,0,80,13/12/2024 13:58
2795,0,11.8515,24.4538,795.012,139.9,26,26,25,26,26,25,0,5.325,215.711,8171.31,8171.31,139.9,3277,31,3276.7,29.2,29.2,30,30,118.515,0.0323,127.681,215.711,27,3276,0,25,24,24,0,3276.7,0,80,13/12/2024 13:58
2796,0,11.8515,24.4538,794.513,136.658,26,26,25,26,26,25,0,5.325,212.469,8171.31,8171.31,136.658,3277,31,3276.7,29.2,29.2,30,30,118.515,0.0323,125.436,212.469,27,3276,0,25,24,24,0,3276.7,0,80,13/12/2024 13:58
2797,0,11.8515,24.443,794.264,133.416,26,26,25,26,26,25,0,5.325,209.975,8171.31,8171.31,133.416,3277,31,3276.7,29.2,29.2,30,30,118.515,0.0321,119.701,209.975,27,3276,0,25,24,24,0,3276.7,0,80,13/12/2024 13:58
2798,0,11.8515,24.4394,794.762,130.424,26,26,25,26,26,25,0,5.325,206.484,8171.31,8171.31,130.424,3277,31,3276.7,29.2,29.2,30,30,118.515,0.0321,117.456,206.484,27,3276,0,25,24,24,0,3276.7,0,80,13/12/2024 13:58
2799,0,11.8515,24.443,794.762,127.93,26,26,25,26,26,25,0,5.325,203.99,8171.31,8171.31,127.93,3277,31,3276.7,29.2,29.2,30,30,118.515,0.0451,114.962,203.99,27,3276,0,25,24,24,0,3276.7,0,80,13/12/2024 13:58
2800,0,11.8515,24.4575,794.513,126.184,26,26,25,26,26,25,0,4.8609,200.249,8171.31,8171.31,126.184,3277,31,3276.7,29.2,29.2,30,30,118.515,0.0459,107.98,200.249,27,3276,0,25,24,24,0,3276.7,0,80,13/12/2024 13:58
2801,0,11.8515,24.4575,794.513,126.683,26,26,25,26,26,25,0,4.8301,195.76,8171.31,8171.31,126.683,3277,31,3276.7,29.2,29.2,30,30,118.515,0.0459,107.731,195.76,27,3276,0,25,24,24,0,3276.7,0,80,13/12/2024 13:58
2802,0,11.8515,24.4502,793.765,129.676,26,26,25,26,26,25,0,4.8301,192.768,8171.31,8171.31,129.676,3277,31,3276.7,29.2,29.2,30,30,118.515,0.0465,105.237,192.768,27,3276,0,25,24,24,0,3276.7,0,80,13/12/2024 13:58
2803,0,11.8515,24.443,794.264,133.416,26,26,25,26,26,25,0,4.8301,192.519,8171.31,8171.31,133.416,3277,31,3276.7,29.2,29.2,30,30,118.515,0.0465,100.249,192.519,27,3276,0,25,24,24,0,3276.7,0,80,13/12/2024 13:58
2804,0,11.8515,24.443,793.516,137.656,26,26,25,26,26,25,0,4.8301,191.022,8171.31,8171.31,137.656,3277,31,3276.7,29.2,29.2,30,30,118.515,0.0459,103.491,191.022,27,3276,0,25,24,24,0,3276.7,0,80,13/12/2024 13:58
2805,0,11.8515,24.443,794.264,139.9,26,26,25,26,26,25,0,4.8301,189.775,8171.31,8171.31,139.9,3277,31,3276.7,29.2,29.2,30,30,118.515,0.0459,102.494,189.775,27,3276,0,25,24,24,0,3276.7,0,80,13/12/2024 13:58
2806,0,11.8515,24.4502,794.264,140.898,26,26,25,26,26,25,0,4.8301,189.027,8171.31,8171.31,140.898,3277,31,3276.7,29.2,29.2,30,30,118.515,0.0462,100.249,189.027,27,3276,0,25,24,24,0,3276.7,0,80,13/12/2024 13:59
2807,0,11.8515,24.443,794.264,141.396,26,26,25,26,26,25,0,4.8301,188.778,8171.31,8171.31,141.396,3277,31,3276.7,29.2,29.2,30,30,118.515,0.0468,101.746,188.778,27,3276,0,25,24,24,0,3276.7,0,80,13/12/2024 13:59
2808,0,11.8515,24.4538,794.264,142.145,26,26,25,26,26,25,0,4.8301,189.027,8171.31,8171.31,142.145,3277,31,3276.7,29.2,29.2,30,30,118.515,0.0394,101.496,189.027,27,3276,0,25,24,24,0,3276.7,0,80,13/12/2024 13:59
2809,0,11.8515,24.4502,793.516,142.394,26,26,25,26,26,25,0,4.8301,190.025,8171.31,8171.31,142.394,3277,31,3276.7,29.2,29.2,30,30,118.515,0.0394,100.997,190.025,27,3276,0,25,24,24,0,3276.7,0,80,13/12/2024 13:59
2810,0,11.8515,24.443,793.516,141.147,26,26,25,26,26,25,0,4.8301,192.269,8171.31,8171.31,141.147,3277,31,3276.7,29.2,29.2,30,30,118.515,0.0309,104.239,192.269,27,3276,0,25,24,24,0,3276.7,0,80,13/12/2024 13:59
2811,0,11.8515,24.4538,793.765,142.394,26,26,25,26,26,25,0,4.8301,191.272,8171.31,8171.31,142.394,3277,31,3276.7,29.2,29.2,30,30,118.515,0.0309,102.743,191.272,27,3276,0,25,24,24,0,3276.7,0,80,13/12/2024 13:59
2812,0,11.8515,24.4394,793.516,143.391,26,26,25,26,26,25,0,4.8301,190.025,8171.31,8171.31,143.391,3277,31,3276.7,29.2,29.2,30,30,118.515,0.0313,102.743,190.025,27,3276,0,25,24,24,0,3276.7,0,80,13/12/2024 13:59
2813,0,11.8515,24.443,793.266,142.893,26,26,25,26,26,25,0,4.8301,189.775,8171.31,8171.31,142.893,3277,31,3276.7,29.2,29.2,30,30,118.515,0.031,105.237,189.775,27,3276,0,25,24,24,0,3276.7,0,80,13/12/2024 13:59
2814,0,11.8515,24.4502,793.017,142.145,26,26,25,26,26,25,0,4.8301,190.025,8171.31,8171.31,142.145,3277,31,3276.7,29.2,29.2,30,30,118.515,0.031,102.743,190.025,27,3276,0,25,24,24,0,3276.7,0,80,13/12/2024 13:59
2815,0,11.8515,24.4502,793.266,142.394,26,26,25,26,26,25,0,4.8301,192.02,8171.31,8171.31,142.394,3277,31,3276.7,29.2,29.2,30,30,118.515,0.031,101.746,192.02,27,3276,0,25,24,24,0,3276.7,0,80,13/12/2024 13:59
2816,0,11.8515,24.4502,792.518,142.394,26,26,25,26,26,25,0,4.8301,192.269,8171.31,8171.31,142.394,3277,31,3276.7,29.2,29.2,30,30,118.515,0.0314,104.738,192.269,27,3276,0,25,24,24,0,3276.7,0,80,13/12/2024 13:59
2817,0,11.8515,24.4502,793.266,142.394,26,26,25,26,26,25,0,4.8301,191.521,8171.31,8171.31,142.394,3277,31,3276.7,29.2,29.2,30,30,118.515,0.0311,102.244,191.521,27,3276,0,25,24,24,0,3276.7,0,80,13/12/2024 13:59
2818,0,11.8515,24.443,793.017,142.893,26,26,25,26,26,25,0,4.8301,191.022,8171.31,8171.31,142.893,3277,31,3276.7,29.2,29.2,30,30,118.515,0.0306,102.743,191.022,27,3276,0,25,24,24,0,3276.7,0,80,13/12/2024 13:59
2819,0,11.8515,24.4502,793.765,143.391,26,26,25,26,26,25,0,4.8301,190.773,8171.31,8171.31,143.391,3277,31,3276.7,29.2,29.2,30,30,118.515,0.0306,104.738,190.773,27,3276,0,25,24,24,0,3276.7,0,80,13/12/2024 13:59
2820,0,11.8515,24.4538,792.518,142.643,26,26,25,26,26,25,0,4.8301,191.521,8171.31,8171.31,142.643,3277,31,3276.7,29.2,29.2,30,30,118.515,0.0306,102.244,191.521,27,3276,0,25,24,24,0,3276.7,0,80,13/12/2024 13:59
2821,0,11.8515,24.443,792.518,143.391,26,26,25,26,26,25,0,4.8301,192.519,8171.31,8171.31,143.391,3277,31,3276.7,29.2,29.2,30,30,118.515,0.0311,103.491,192.519,27,3276,0,25,24,24,0,3276.7,0,80,13/12/2024 13:59
2822,0,11.8515,24.4394,793.017,143.391,26,26,25,26,26,25,0,4.8301,192.269,8171.31,8171.31,143.391,3277,31,3276.7,29.2,29.2,30,30,118.515,0.0311,104.987,192.269,27,3276,0,25,24,24,0,3276.7,0,80,13/12/2024 13:59
2823,0,11.8515,24.4538,792.518,143.391,26,26,25,26,26,25,0,4.8301,192.269,8171.31,8171.31,143.391,3277,31,3276.7,29.2,29.2,30,30,118.515,0.0311,102.244,192.269,27,3276,0,25,24,24,0,3276.7,0,80,13/12/2024 13:59
2824,0,11.8515,24.4502,792.518,143.391,26,26,25,26,26,25,0,4.8301,191.022,8171.31,8171.31,143.391,3277,31,3276.7,29.2,29.2,30,30,118.515,0.0311,104.239,191.022,27,3276,0,25,24,24,0,3276.7,0,80,13/12/2024 13:59
2825,0,11.8515,24.443,792.518,143.641,26,26,25,26,26,25,0,4.8301,191.272,8171.31,8171.31,143.641,3277,31,3276.7,29.2,29.2,30,30,118.515,0.0317,102.992,191.272,27,3276,0,25,24,24,0,3276.7,0,80,13/12/2024 13:59
2826,0,11.8515,24.4394,792.019,143.391,26,26,25,26,26,25,0,4.8301,192.519,8171.31,8171.31,143.391,3277,31,3276.7,29.2,29.2,30,30,118.515,0.0311,101.247,192.519,27,3276,0,25,24,24,0,3276.7,0,80,13/12/2024 13:59
2827,0,11.8515,24.4358,792.518,143.89,26,26,25,26,26,25,0,4.8301,192.519,8171.31,8171.31,143.89,3277,31,3276.7,29.2,29.2,30,30,118.515,0.0311,103.491,192.519,27,3276,0,25,24,24,0,3276.7,0,80,13/12/2024 13:59
2828,0,11.8515,24.4502,792.518,143.391,26,26,25,26,26,25,0,4.8301,192.269,8171.31,8171.31,143.391,3277,31,3276.7,29.2,29.2,30,30,118.515,0.0311,102.743,192.269,27,3276,0,25,24,24,0,3276.7,0,80,13/12/2024 13:59
2829,0,11.8515,24.443,792.269,142.893,26,26,25,26,26,25,0,4.8301,192.269,8171.31,8171.31,142.893,3277,31,3276.7,29.2,29.2,30,30,118.515,0.0315,101.746,192.269,27,3276,0,25,24,24,0,3276.7,0,80,13/12/2024 13:59
2830,0,11.8515,24.443,793.017,144.14,26,26,25,26,26,25,0,4.2317,191.022,8171.31,8171.31,144.14,3277,31,3276.7,29.2,29.2,30,30,118.515,0.0315,104.738,191.022,27,3276,0,25,24,24,0,3276.7,0,80,13/12/2024 13:59
2831,0,11.8515,24.443,792.269,143.641,26,26,25,26,26,25,0,4.2347,190.274,8171.31,8171.31,143.641,3277,31,3276.7,29.2,29.2,30,30,118.515,0.0312,103.99,190.274,27,3276,0,25,24,24,0,3276.7,0,80,13/12/2024 13:59
2832,0,11.8515,24.443,792.269,142.893,26,26,25,26,26,25,0,4.2347,192.269,8171.31,8171.31,142.893,3277,31,3276.7,29.2,29.2,30,30,118.515,0.0312,102.244,192.269,27,3276,0,25,24,24,0,3276.7,0,80,13/12/2024 13:59
2833,0,11.8515,24.4394,792.518,143.89,26,26,25,26,26,25,0,4.2347,193.267,8171.31,8171.31,143.89,3277,31,3276.7,29.2,29.2,30,30,118.515,0.0312,104.987,193.267,27,3276,0,25,24,24,0,3276.7,0,80,13/12/2024 13:59
2834,0,11.8515,24.4394,792.518,143.391,26,26,25,26,26,25,0,4.2347,192.519,8171.31,8171.31,143.391,3277,31,3276.7,29.2,29.2,30,30,118.515,0.0315,104.239,192.519,27,3276,0,25,24,24,0,3276.7,0,80,13/12/2024 13:59
2835,0,11.8515,24.4502,792.019,144.14,26,26,25,26,26,25,0,4.2347,191.521,8171.31,8171.31,144.14,3277,31,3276.7,29.2,29.2,30,30,118.515,0.0315,102.992,191.521,27,3276,0,25,24,24,0,3276.7,0,80,13/12/2024 13:59
2836,0,11.8515,24.4394,792.518,144.14,26,26,25,26,26,25,0,4.2347,192.02,8171.31,8171.31,144.14,3277,31,3276.7,29.2,29.2,30,30,118.515,0.0315,104.987,192.02,27,3276,0,25,24,24,0,3276.7,0,80,13/12/2024 13:59
2837,0,11.8515,24.4502,792.518,144.14,26,26,25,26,26,25,0,4.2347,192.768,8171.31,8171.31,144.14,3277,31,3276.7,29.2,29.2,30,30,118.515,0.0314,105.237,192.768,27,3276,0,25,24,24,0,3276.7,0,80,13/12/2024 13:59
2838,0,11.8515,24.443,792.269,144.14,26,26,25,26,26,25,0,4.2347,193.267,8171.31,8171.31,144.14,3277,31,3276.7,29.2,29.2,30,30,118.515,0.0314,102.992,193.267,27,3276,0,25,24,24,0,3276.7,0,80,13/12/2024 13:59
2839,0,11.8515,24.4502,792.518,144.14,26,26,25,26,26,25,0,4.2347,192.768,8171.31,8171.31,144.14,3277,31,3276.7,29.2,29.2,30,30,118.515,0.0314,105.486,192.768,27,3276,0,25,24,24,0,3276.7,0,80,13/12/2024 13:59
2840,0,11.8515,24.443,792.518,144.14,26,26,25,26,26,25,0,4.2347,190.773,8171.31,8171.31,144.14,3277,31,3276.7,29.2,29.2,30,30,118.515,0.0311,105.985,190.773,27,3276,0,25,24,24,0,3276.7,0,80,13/12/2024 13:59
2841,0,11.8515,24.4394,792.518,144.888,26,26,25,26,26,25,0,4.2347,192.02,8171.31,8171.31,144.888,3277,31,3276.7,29.2,29.2,30,30,118.515,0.0309,102.992,192.02,27,3276,0,25,24,24,0,3276.7,0,80,13/12/2024 13:59
2842,0,11.8515,24.443,792.269,143.89,26,26,25,26,26,25,0,4.2347,192.519,8171.31,8171.31,143.89,3277,31,3276.7,29.2,29.2,30,30,118.515,0.0313,105.985,192.519,27,3276,0,25,24,24,0,3276.7,0,80,13/12/2024 13:59
2843,0,11.8515,24.443,793.266,144.14,26,26,25,26,26,25,0,4.2347,194.015,8171.31,8171.31,144.14,3277,31,3276.7,29.2,29.2,30,30,118.515,0.0313,107.481,194.015,27,3276,0,25,24,24,0,3276.7,0,80,13/12/2024 13:59
2844,0,11.8515,24.4502,792.518,144.888,26,26,25,26,26,25,0,4.2347,192.768,8171.31,8171.31,144.888,3277,31,3276.7,29.2,29.2,30,30,118.515,0.0306,105.237,192.768,27,3276,0,25,24,24,0,3276.7,0,80,13/12/2024 13:59
2845,0,11.8515,24.4538,792.269,143.641,26,26,25,26,26,25,0,4.2347,191.521,8171.31,8171.31,143.641,3277,31,3276.7,29.2,29.2,30,30,118.515,0.0306,106.234,191.521,27,3276,0,25,24,24,0,3276.7,0,80,13/12/2024 13:59
2846,0,11.8515,24.4502,792.269,144.638,26,26,25,26,26,25,0,4.2347,192.02,8171.31,8171.31,144.638,3277,31,3276.7,29.2,29.2,30,30,118.515,0.0306,107.731,192.02,27,3276,0,25,24,24,0,3276.7,0,80,13/12/2024 13:59
2847,0,11.8515,24.4538,792.518,144.638,26,26,25,26,26,25,0,4.2347,192.519,8171.31,8171.31,144.638,3277,31,3276.7,29.2,29.2,30,30,118.515,0.0309,104.738,192.519,27,3276,0,25,24,24,0,3276.7,0,80,13/12/2024 13:59
2848,0,11.8515,24.4538,792.269,144.638,26,26,25,26,26,25,0,4.2347,192.768,8171.31,8171.31,144.638,3277,31,3276.7,29.2,29.2,30,30,118.515,0.0309,107.481,192.768,27,3276,0,25,24,24,0,3276.7,0,80,13/12/2024 13:59
2849,0,11.8515,24.4502,792.269,144.638,26,26,25,26,26,25,0,4.2347,192.519,8171.31,8171.31,144.638,3277,31,3276.7,29.2,29.2,30,30,118.515,0.0412,109.726,192.519,27,3276,0,25,24,24,0,3276.7,0,80,13/12/2024 13:59
2850,0,11.8515,24.4394,792.518,144.638,26,26,25,26,26,25,0,4.2347,192.02,8171.31,8171.31,144.638,3277,31,3276.7,29.2,29.2,30,30,118.515,0.0462,106.484,192.02,27,3276,0,25,24,24,0,3276.7,0,80,13/12/2024 13:59
2851,0,11.8515,24.443,792.269,142.394,26,26,25,26,26,25,0,4.2347,191.272,8171.31,8171.31,142.394,3277,31,3276.7,29.2,29.2,30,30,118.515,0.0462,105.237,191.272,27,3276,0,25,24,24,0,3276.7,0,80,13/12/2024 13:59
2852,0,11.8515,24.443,792.518,137.406,26,26,25,26,26,25,0,4.2347,191.272,8171.31,8171.31,137.406,3277,31,3276.7,29.2,29.2,30,30,118.515,0.0463,105.237,191.272,27,3276,0,25,24,24,0,3276.7,0,80,13/12/2024 13:59
2853,0,11.8515,24.4502,792.269,129.925,26,26,25,26,26,25,0,4.2347,189.526,8171.31,8171.31,129.925,3277,31,3276.7,29.2,29.2,30,30,118.515,0.0463,100.499,189.526,27,3276,0,25,24,24,0,3276.7,0,80,13/12/2024 13:59
2854,0,11.8515,24.443,792.518,120.199,26,26,25,26,26,25,0,4.2347,187.282,8171.31,8171.31,120.199,3277,31,3276.7,29.2,29.2,30,30,118.515,0.0463,98.753,187.282,27,3276,0,25,24,24,0,3276.7,0,80,13/12/2024 13:59
2855,0,11.8515,24.4502,791.77,113.965,26,26,25,26,26,25,0,4.2347,183.292,8171.31,8171.31,113.965,3277,31,3276.7,29.2,29.2,30,30,118.515,0.0463,96.0099,183.292,27,3276,0,25,24,24,0,3276.7,0,80,13/12/2024 13:59
2856,0,11.8515,24.443,792.518,108.977,26,26,25,26,26,25,0,4.2347,179.8,8171.31,8171.31,108.977,3277,31,3276.7,29.2,29.2,30,30,118.515,0.0473,92.5186,179.8,27,3276,0,25,24,24,0,3276.7,0,80,13/12/2024 13:59
2857,0,11.8515,24.443,792.269,105.237,26,26,25,26,26,25,0,4.2347,177.556,8171.31,8171.31,105.237,3277,31,3276.7,29.2,29.2,30,30,118.515,0.0473,88.778,177.556,27,3276,0,25,24,24,0,3276.7,0,80,13/12/2024 13:59
2858,0,11.8515,24.4502,792.269,102.743,26,26,25,26,26,25,0,4.2347,174.813,8171.31,8171.31,102.743,3277,31,3276.7,29.2,29.2,30,30,118.515,0.0475,88.778,174.813,27,3276,0,25,24,24,0,3276.7,0,80,13/12/2024 13:59
2859,0,11.8515,24.4502,792.019,100.249,26,26,25,26,26,25,0,4.2347,172.319,8171.31,8171.31,100.249,3277,31,3276.7,29.2,29.2,30,30,118.515,0.0475,84.788,172.319,27,3276,0,25,24,24,0,3276.7,0,80,13/12/2024 13:59
2860,0,11.8515,24.4502,792.269,98.0049,26,26,25,26,26,25,0,4.6904,167.581,8171.31,8171.31,98.0049,3277,31,3276.7,29.2,29.2,30,30,118.515,0.032,80.2992,167.581,27,3276,0,25,24,24,0,3276.7,0,80,13/12/2024 13:59
2861,0,11.8515,24.443,792.518,95.5111,26,26,25,26,26,25,0,4.6751,164.588,8171.31,8171.31,95.5111,3277,31,3276.7,29.2,29.2,30,30,118.515,0.0322,80.2992,164.588,27,3276,0,25,24,24,0,3276.7,0,80,13/12/2024 13:59
2862,0,11.8515,24.443,792.019,93.0174,26,26,25,26,26,25,0,4.6751,162.593,8171.31,8171.31,93.0174,3277,31,3276.7,29.2,29.2,30,30,118.515,0.0322,77.8054,162.593,27,3276,0,25,24,24,0,3276.7,0,80,13/12/2024 13:59
2863,0,11.8515,24.4394,792.518,92.768,26,26,25,26,26,25,0,4.6751,160.848,8171.31,8171.31,92.768,3277,31,3276.7,29.2,29.2,30,30,118.515,0.0459,71.8204,160.848,27,3276,0,25,24,24,0,3276.7,0,80,13/12/2024 13:59
2864,0,11.8515,24.443,792.269,93.7655,26,26,25,26,26,25,0,4.6751,158.603,8171.31,8171.31,93.7655,3277,31,3276.7,29.2,29.2,30,30,118.515,0.0469,73.8154,158.603,27,3276,0,25,24,24,0,3276.7,0,80,13/12/2024 13:59
2865,0,11.8515,24.4575,792.269,96.2593,26,26,25,26,26,25,0,4.6751,155.86,8171.31,8171.31,96.2593,3277,31,3276.7,29.2,29.2,30,30,118.515,0.0461,70.5735,155.86,27,3276,0,25,24,24,0,3276.7,0,80,13/12/2024 13:59
2866,0,11.8515,24.443,792.518,99.2518,26,26,25,26,26,25,0,4.6751,153.616,8171.31,8171.31,99.2518,3277,31,3276.7,29.2,29.2,30,30,118.515,0.0464,67.581,153.616,27,3276,0,25,24,24,0,3276.7,0,80,13/12/2024 14:00
2867,0,11.8515,24.4394,792.518,102.992,26,26,25,26,26,25,0,4.6751,154.863,8171.31,8171.31,102.992,3277,31,3276.7,29.2,29.2,30,30,118.515,0.0464,67.8304,154.863,27,3276,0,25,24,24,0,3276.7,0,80,13/12/2024 14:00
2868,0,11.8515,24.4502,792.518,104.738,26,26,25,26,26,25,0,4.6751,154.613,8171.31,8171.31,104.738,3277,31,3276.7,29.2,29.2,30,30,118.515,0.0465,66.5835,154.613,27,3276,0,25,24,24,0,3276.7,0,80,13/12/2024 14:00
2869,0,11.8515,24.4502,792.269,105.237,26,26,25,26,26,25,0,4.6751,153.366,8171.31,8171.31,105.237,3277,31,3276.7,29.2,29.2,30,30,118.515,0.0469,66.8329,153.366,27,3276,0,25,24,24,0,3276.7,0,80,13/12/2024 14:00
2870,0,11.8515,24.443,792.269,105.237,26,26,25,26,26,25,0,4.6751,152.618,8171.31,8171.31,105.237,3277,31,3276.7,29.2,29.2,30,30,118.515,0.0469,67.581,152.618,27,3276,0,25,24,24,0,3276.7,0,80,13/12/2024 14:00
2871,0,11.8515,24.4502,792.019,105.237,26,26,25,26,26,25,0,4.6751,152.868,8171.31,8171.31,105.237,3277,31,3276.7,29.2,29.2,30,30,118.515,0.0432,68.8279,152.868,27,3276,0,25,24,24,0,3276.7,0,80,13/12/2024 14:00
2872,0,11.8515,24.443,791.77,105.486,26,26,25,26,26,25,0,4.6751,154.863,8171.31,8171.31,105.486,3277,31,3276.7,29.2,29.2,30,30,118.515,0.0312,67.3316,154.863,27,3276,0,25,24,24,0,3276.7,0,80,13/12/2024 14:00
2873,0,11.8515,24.443,792.019,105.237,26,26,25,26,26,25,0,4.6751,155.112,8171.31,8171.31,105.237,3277,31,3276.7,29.2,29.2,30,30,118.515,0.0313,66.3341,155.112,27,3276,0,25,24,24,0,3276.7,0,80,13/12/2024 14:00
2874,0,11.8515,24.4502,791.77,105.985,26,26,25,26,26,25,0,4.6751,154.613,8171.31,8171.31,105.985,3277,31,3276.7,29.2,29.2,30,30,118.515,0.0304,69.3266,154.613,27,3276,0,25,24,24,0,3276.7,0,80,13/12/2024 14:00
2875,0,11.8515,24.4502,791.77,105.237,26,26,25,26,26,25,0,4.6751,153.366,8171.31,8171.31,105.237,3277,31,3276.7,29.2,29.2,30,30,118.515,0.0304,67.8304,153.366,27,3276,0,25,24,24,0,3276.7,0,80,13/12/2024 14:00
2876,0,11.8515,24.443,792.019,105.486,26,26,25,26,26,25,0,4.6751,153.865,8171.31,8171.31,105.486,3277,31,3276.7,29.2,29.2,30,30,118.515,0.0315,66.8329,153.865,27,3276,0,25,24,24,0,3276.7,0,80,13/12/2024 14:00
2877,0,11.8515,24.4394,792.019,105.486,26,26,25,26,26,25,0,4.6751,154.863,8171.31,8171.31,105.486,3277,31,3276.7,29.1,29.1,30,30,118.515,0.0312,69.0772,154.863,27,3276,0,25,24,24,0,3276.7,0,80,13/12/2024 14:00
2878,0,11.8515,24.4502,792.019,105.985,26,26,25,26,26,25,0,4.6751,156.11,8171.31,8171.31,105.985,3277,31,3276.7,29.1,29.1,30,30,118.515,0.0312,68.5785,156.11,27,3276,0,25,24,24,0,3276.7,0,80,13/12/2024 14:00
2879,0,11.8515,24.4611,792.019,105.985,26,26,25,26,26,25,0,4.6751,154.613,8171.31,8171.31,105.985,3277,31,3276.7,29.1,29.1,30,30,118.515,0.0316,68.0797,154.613,27,3276,0,25,24,24,0,3276.7,0,80,13/12/2024 14:00
2880,0,11.8515,24.4394,791.022,106.234,26,26,25,26,26,25,0,4.6751,154.613,8171.31,8171.31,106.234,3277,31,3276.7,29.2,29.2,30,30,118.515,0.0314,70.0748,154.613,27,3276,0,25,24,24,0,3276.7,0,80,13/12/2024 14:00
2881,0,11.8515,24.4502,791.271,105.985,26,26,25,26,26,25,0,4.6751,153.616,8171.31,8171.31,105.985,3277,31,3276.7,29.1,29.1,30,30,118.515,0.0314,67.8304,153.616,27,3276,0,25,24,24,0,3276.7,0,80,13/12/2024 14:00
2882,0,11.8515,24.4502,792.518,105.985,26,26,25,26,26,25,0,4.6751,154.863,8171.31,8171.31,105.985,3277,31,3276.7,29.1,29.1,30,30,118.515,0.0312,67.581,154.863,27,3276,0,25,24,24,0,3276.7,0,80,13/12/2024 14:00
2883,0,11.8515,24.4358,791.77,106.484,26,26,25,26,26,25,0,4.6751,156.11,8171.31,8171.31,106.484,3277,31,3276.7,29.1,29.1,30,30,118.515,0.0312,69.3266,156.11,27,3276,0,25,24,24,0,3276.7,0,80,13/12/2024 14:00
2884,0,11.8515,24.4502,791.77,106.484,26,26,25,26,26,25,0,4.6751,156.11,8171.31,8171.31,106.484,3277,31,3276.7,29.1,29.1,30,30,118.515,0.0303,68.5785,156.11,27,3276,0,25,24,24,0,3276.7,0,80,13/12/2024 14:00
2885,0,11.8515,24.443,792.019,105.985,26,26,25,26,26,25,0,4.6751,156.11,8171.31,8171.31,105.985,3277,31,3276.7,29.1,29.1,30,30,118.515,0.0311,67.581,156.11,27,3276,0,25,24,24,0,3276.7,0,80,13/12/2024 14:00
2886,0,11.8515,24.4502,791.77,106.484,26,26,25,26,26,25,0,4.6751,154.115,8171.31,8171.31,106.484,3277,31,3276.7,29.1,29.1,30,30,118.515,0.0311,70.3241,154.115,27,3276,0,25,24,24,0,3276.7,0,80,13/12/2024 14:00
2887,0,11.8515,24.443,792.019,105.486,26,26,25,26,26,25,0,4.6751,154.613,8171.31,8171.31,105.486,3277,31,3276.7,29.1,29.1,30,30,118.515,0.0313,68.8279,154.613,27,3276,0,25,24,24,0,3276.7,0,80,13/12/2024 14:00
2888,0,11.8515,24.4538,792.019,106.234,26,26,25,26,26,25,0,4.6751,156.359,8171.31,8171.31,106.234,3277,31,3276.7,29.1,29.1,30,30,118.515,0.0312,68.8279,156.359,27,3276,0,25,24,24,0,3276.7,0,80,13/12/2024 14:00
2889,0,11.8515,24.443,792.019,106.234,26,26,25,26,26,25,0,4.6751,155.86,8171.31,8171.31,106.234,3277,31,3276.7,29.1,29.1,30,30,118.515,0.0309,71.0723,155.86,27,3276,0,25,24,24,0,3276.7,0,80,13/12/2024 14:00
2890,0,11.8515,24.4502,791.77,106.733,26,26,25,26,26,25,0,4.1722,155.112,8171.31,8171.31,106.733,3277,31,3276.7,29.1,29.1,30,30,118.515,0.0312,69.8254,155.112,27,3276,0,25,24,24,0,3276.7,0,80,13/12/2024 14:00
2891,0,11.8515,24.4502,791.77,106.733,26,26,25,26,26,25,0,4.1747,154.115,8171.31,8171.31,106.733,3277,31,3276.7,29.1,29.1,30,30,118.515,0.0312,67.8304,154.115,27,3276,0,25,24,24,0,3276.7,0,80,13/12/2024 14:00
2892,0,11.8515,24.443,792.269,105.985,26,26,25,26,26,25,0,4.1747,154.863,8171.31,8171.31,105.985,3277,31,3276.7,29.1,29.1,30,30,118.515,0.0312,70.0748,154.863,27,3276,0,25,24,24,0,3276.7,0,80,13/12/2024 14:00
2893,0,11.8515,24.4538,792.019,106.733,26,26,25,26,26,25,0,4.1747,157.107,8171.31,8171.31,106.733,3277,31,3276.7,29.1,29.1,30,30,118.515,0.0314,70.3241,157.107,27,3276,0,25,24,24,0,3276.7,0,80,13/12/2024 14:00
2894,0,11.8515,24.443,792.019,107.232,26,26,25,26,26,25,0,4.1747,156.608,8171.31,8171.31,107.232,3277,31,3276.7,29.1,29.1,30,30,118.515,0.0314,67.8304,156.608,27,3276,0,25,24,24,0,3276.7,0,80,13/12/2024 14:00
2895,0,11.8515,24.4502,792.019,106.484,26,26,25,26,26,25,0,4.1747,154.613,8171.31,8171.31,106.484,3277,31,3276.7,29.1,29.1,30,30,118.515,0.0308,70.3241,154.613,27,3276,0,25,24,24,0,3276.7,0,80,13/12/2024 14:00
2896,0,11.8515,24.4394,792.518,107.232,26,26,25,26,26,25,0,4.1747,154.863,8171.31,8171.31,107.232,3277,31,3276.7,29.1,29.1,30,30,118.515,0.0311,70.3241,154.863,27,3276,0,25,24,24,0,3276.7,0,80,13/12/2024 14:00
2897,0,11.8515,24.4611,792.269,107.232,26,26,25,26,26,25,0,4.1747,156.11,8171.31,8171.31,107.232,3277,31,3276.7,29.1,29.1,30,30,118.515,0.0315,68.0797,156.11,27,3276,0,25,24,24,0,3276.7,0,80,13/12/2024 14:00
2898,0,11.8515,24.4394,792.269,106.733,26,26,25,26,26,25,0,4.1747,157.356,8171.31,8171.31,106.733,3277,31,3276.7,29.1,29.1,30,30,118.515,0.0312,68.0797,157.356,27,3276,0,25,24,24,0,3276.7,0,80,13/12/2024 14:00
2899,0,11.8515,24.4502,792.019,106.733,26,26,25,26,26,25,0,4.1747,156.608,8171.31,8171.31,106.733,3277,31,3276.7,29.1,29.1,30,30,118.515,0.0312,71.0723,156.608,27,3276,0,25,24,24,0,3276.7,0,80,13/12/2024 14:00
2900,0,11.8515,24.4502,791.77,107.232,26,26,25,26,26,25,0,4.1747,154.613,8171.31,8171.31,107.232,3277,31,3276.7,29.1,29.1,30,30,118.515,0.0315,71.0723,154.613,27,3276,0,25,24,24,0,3276.7,0,80,13/12/2024 14:00
2901,0,11.8515,24.443,792.019,106.733,26,26,25,26,26,25,0,4.1747,155.112,8171.31,8171.31,106.733,3277,31,3276.7,29.1,29.1,30,30,118.515,0.0315,68.8279,155.112,27,3276,0,25,24,24,0,3276.7,0,80,13/12/2024 14:00
2902,0,11.8515,24.4502,792.019,105.985,26,26,25,26,26,25,0,4.1747,155.86,8171.31,8171.31,105.985,3277,31,3276.7,29.1,29.1,30,30,118.515,0.0312,70.5735,155.86,27,3276,0,25,24,24,0,3276.7,0,80,13/12/2024 14:00
2903,0,11.8515,24.4502,792.269,107.731,26,26,25,26,26,25,0,4.1747,155.361,8171.31,8171.31,107.731,3277,31,3276.7,29.1,29.1,30,30,118.515,0.0312,70.3241,155.361,27,3276,0,25,24,24,0,3276.7,0,80,13/12/2024 14:00
2904,0,11.8515,24.4502,792.019,107.232,26,26,25,26,26,25,0,4.1747,154.613,8171.31,8171.31,107.232,3277,31,3276.7,29.1,29.1,30,30,118.515,0.0314,70.3241,154.613,27,3276,0,25,24,24,0,3276.7,0,80,13/12/2024 14:00
2905,0,11.8515,24.4575,791.77,107.232,26,26,25,26,26,25,0,4.1747,155.361,8171.31,8171.31,107.232,3277,31,3276.7,29.1,29.1,30,30,118.515,0.0314,69.0772,155.361,27,3276,0,25,24,24,0,3276.7,0,80,13/12/2024 14:00
2906,0,11.8515,24.4394,792.019,107.481,26,26,25,26,26,25,0,4.1747,156.359,8171.31,8171.31,107.481,3277,31,3276.7,29.1,29.1,30,30,118.515,0.031,69.8254,156.359,27,3276,0,25,24,24,0,3276.7,0,80,13/12/2024 14:00
2907,0,11.8515,24.4538,791.77,107.232,26,26,25,26,26,25,0,4.1747,154.863,8171.31,8171.31,107.232,3277,31,3276.7,29.1,29.1,30,30,118.515,0.031,70.3241,154.863,27,3276,0,25,24,24,0,3276.7,0,80,13/12/2024 14:00
2908,0,11.8515,24.4502,792.269,107.731,26,26,25,26,26,25,0,4.1747,154.863,8171.31,8171.31,107.731,3277,31,3276.7,29.1,29.1,30,30,118.515,0.0313,67.8304,154.863,27,3276,0,25,24,24,0,3276.7,0,80,13/12/2024 14:00
2909,0,11.8515,24.4394,791.271,107.232,26,26,25,26,26,25,0,4.1747,157.356,8171.31,8171.31,107.232,3277,31,3276.7,29.1,29.1,30,30,118.515,0.0318,67.8304,157.356,27,3276,0,25,24,24,0,3276.7,0,80,13/12/2024 14:00
2910,0,11.8515,24.4502,791.271,107.232,26,26,25,26,26,25,0,4.1747,156.608,8171.31,8171.31,107.232,3277,31,3276.7,29.1,29.1,30,30,118.515,0.0318,68.0797,156.608,27,3276,0,25,24,24,0,3276.7,0,80,13/12/2024 14:00
2911,0,11.8515,24.4502,792.269,106.484,26,26,25,26,26,25,0,4.1747,154.863,8171.31,8171.31,106.484,3277,31,3276.7,29.1,29.1,30,30,118.515,0.0313,69.3266,154.863,27,3276,0,25,24,24,0,3276.7,0,80,13/12/2024 14:00
2912,0,11.8515,24.443,792.269,107.731,26,26,25,26,26,25,0,4.1747,156.11,8171.31,8171.31,107.731,3277,31,3276.7,29.1,29.1,30,30,118.515,0.0312,67.581,156.11,27,3276,0,25,24,24,0,3276.7,0,80,13/12/2024 14:00
2913,0,11.8515,24.443,792.269,107.232,26,26,25,26,26,25,0,4.1747,157.356,8171.31,8171.31,107.232,3277,31,3276.7,29.1,29.1,30,30,118.515,0.0314,66.3341,157.356,27,3276,0,25,24,24,0,3276.7,0,80,13/12/2024 14:00
2914,0,11.8515,24.4502,791.77,107.98,26,26,25,26,26,25,0,4.1747,156.11,8171.31,8171.31,107.98,3277,31,3276.7,29.1,29.1,30,30,118.515,0.0314,68.0797,156.11,27,3276,0,25,24,24,0,3276.7,0,80,13/12/2024 14:00
2915,0,11.8515,24.4502,792.019,107.731,26,26,25,26,26,25,0,4.1747,155.361,8171.31,8171.31,107.731,3277,31,3276.7,29.1,29.1,30,30,118.515,0.0314,69.8254,155.361,27,3276,0,25,24,24,0,3276.7,0,80,13/12/2024 14:00
2916,0,11.8515,24.443,792.019,107.481,26,26,25,26,26,25,0,4.1747,155.86,8171.31,8171.31,107.481,3277,31,3276.7,29.1,29.1,30,30,118.515,0.0317,68.5785,155.86,27,3276,0,25,24,24,0,3276.7,0,80,13/12/2024 14:00
2917,0,11.8515,24.443,791.022,107.481,26,26,25,26,26,25,0,4.1747,157.356,8171.31,8171.31,107.481,3277,31,3276.7,29.1,29.1,30,30,118.515,0.0313,67.8304,157.356,27,3276,0,25,24,24,0,3276.7,0,80,13/12/2024 14:00
2918,0,11.8515,24.4538,792.269,107.481,26,26,25,26,26,25,0,4.1747,156.608,8171.31,8171.31,107.481,3277,31,3276.7,29.1,29.1,30,30,118.515,0.0313,68.5785,156.608,27,3276,0,25,24,24,0,3276.7,0,80,13/12/2024 14:00
2919,0,11.8515,24.4502,792.269,107.481,26,26,25,26,26,25,0,4.1747,154.863,8171.31,8171.31,107.481,3277,31,3276.7,29.1,29.1,30,30,118.515,0.0308,69.3266,154.863,27,3276,0,25,24,24,0,3276.7,0,80,13/12/2024 14:00
2920,0,11.8515,24.4394,792.269,107.481,26,26,25,26,26,25,0,0.0336,154.863,8171.31,8171.31,107.481,3277,31,3276.7,29.1,29.1,30,30,118.515,0.0312,66.8329,154.863,27,3276,0,25,24,24,0,3276.7,0,80,13/12/2024 14:00
2921,0,11.8515,24.4502,792.518,106.733,26,26,25,26,26,25,0,0.034,157.356,8171.31,8171.31,106.733,3277,31,3276.7,29.1,29.1,30,30,118.515,0.0315,67.8304,157.356,27,3276,0,25,24,24,0,3276.7,0,80,13/12/2024 14:00
2922,0,11.8515,24.443,792.518,107.731,26,26,25,26,26,25,0,0.034,157.356,8171.31,8171.31,107.731,3277,31,3276.7,29.1,29.1,30,30,118.515,0.0312,69.8254,157.356,27,3276,0,25,24,24,0,3276.7,0,80,13/12/2024 14:00
2923,0,11.8515,24.4358,792.019,107.731,26,26,25,26,26,25,0,0.034,155.361,8171.31,8171.31,107.731,3277,31,3276.7,29.1,29.1,30,30,118.515,0.0312,68.8279,155.361,27,3276,0,25,24,24,0,3276.7,0,80,13/12/2024 14:00
2924,0,11.8515,24.4358,792.019,107.731,26,26,25,26,26,25,0,0.034,155.112,8171.31,8171.31,107.731,3277,31,3276.7,29.1,29.1,30,30,118.515,0.031,68.5785,155.112,27,3276,0,25,24,24,0,3276.7,0,80,13/12/2024 14:00
2925,0,11.8515,24.4502,792.269,107.731,26,26,25,26,26,25,0,0.034,156.608,8171.31,8171.31,107.731,3277,31,3276.7,29.1,29.1,30,30,118.515,0.031,70.3241,156.608,27,3276,0,25,24,24,0,3276.7,0,80,13/12/2024 14:00
2926,0,11.8515,24.443,792.019,107.731,26,26,25,26,26,25,0,0.034,157.606,8171.31,8171.31,107.731,3277,31,3276.7,29.1,29.1,30,30,118.515,0.031,70.3241,157.606,27,3276,0,25,24,24,0,3276.7,0,80,13/12/2024 14:01
2927,0,11.8515,24.443,791.77,107.481,26,26,25,26,26,25,0,0.034,156.11,8171.31,8171.31,107.481,3277,31,3276.7,29.1,29.1,30,30,118.515,0.0313,68.5785,156.11,27,3276,0,25,24,24,0,3276.7,0,80,13/12/2024 14:01
2928,0,11.8515,24.4394,793.017,107.731,26,26,25,26,26,25,0,0.034,155.361,8171.31,8171.31,107.731,3277,31,3276.7,29.1,29.1,30,30,118.515,0.0313,69.3266,155.361,27,3276,0,25,24,24,0,3276.7,0,80,13/12/2024 14:01
2929,0,11.8515,24.4394,792.518,107.731,26,26,25,26,26,25,0,0.034,156.11,8171.31,8171.31,107.731,3277,31,3276.7,29.1,29.1,30,30,118.515,0.0313,69.8254,156.11,27,3276,0,25,24,24,0,3276.7,0,80,13/12/2024 14:01
2930,0,11.8515,24.443,791.77,107.232,26,26,25,26,26,25,0,0.034,156.11,8171.31,8171.31,107.232,3277,31,3276.7,29.1,29.1,30,30,118.515,0.0313,68.5785,156.11,27,3276,0,25,24,24,0,3276.7,0,80,13/12/2024 14:01
2931,0,11.8515,24.4394,792.269,107.731,26,26,25,26,26,25,0,0.034,156.608,8171.31,8171.31,107.731,3277,31,3276.7,29.1,29.1,30,30,118.515,0.0313,68.5785,156.608,27,3276,0,25,24,24,0,3276.7,0,80,13/12/2024 14:01
2932,0,11.8515,24.4502,792.518,107.232,26,26,25,26,26,25,0,0.034,155.86,8171.31,8171.31,107.232,3277,31,3276.7,29.1,29.1,30,30,118.515,0.0313,70.3241,155.86,27,3276,0,25,24,24,0,3276.7,0,80,13/12/2024 14:01
2933,0,11.8515,24.443,792.518,107.731,26,26,25,26,26,25,0,0.034,155.86,8171.31,8171.31,107.731,3277,31,3276.7,29.1,29.1,30,30,118.515,0.0311,68.5785,155.86,27,3276,0,25,24,24,0,3276.7,0,80,13/12/2024 14:01
2934,0,11.8515,24.443,792.019,107.731,26,26,25,26,26,25,0,0.034,156.11,8171.31,8171.31,107.731,3277,31,3276.7,29.1,29.1,30,30,118.515,0.0311,68.8279,156.11,27,3276,0,25,24,24,0,3276.7,0,80,13/12/2024 14:01
2935,0,11.8515,24.4502,792.518,107.731,26,26,25,26,26,25,0,0.034,156.608,8171.31,8171.31,107.731,3277,31,3276.7,29.1,29.1,30,30,118.515,0.0311,70.5735,156.608,27,3276,0,25,24,24,0,3276.7,0,80,13/12/2024 14:01
2936,0,11.8515,24.4502,792.019,107.98,26,26,25,26,26,25,0,0.034,157.356,8171.31,8171.31,107.98,3277,31,3276.7,29.1,29.1,30,30,118.515,0.0315,70.0748,157.356,27,3276,0,25,24,24,0,3276.7,0,80,13/12/2024 14:01
2937,0,11.8515,24.4394,792.269,107.731,26,26,25,26,26,25,0,0.034,155.361,8171.31,8171.31,107.731,3277,31,3276.7,29.1,29.1,30,30,118.515,0.0312,68.0797,155.361,27,3276,0,25,24,24,0,3276.7,0,80,13/12/2024 14:01
2938,0,11.8515,24.4502,791.022,107.731,26,26,25,26,26,25,0,0.034,155.361,8171.31,8171.31,107.731,3277,31,3276.7,29.1,29.1,30,30,118.515,0.0313,70.0748,155.361,27,3276,0,25,24,24,0,3276.7,0,80,13/12/2024 14:01
2939,0,11.8515,24.4394,791.77,107.98,26,26,25,26,26,25,0,0.034,157.606,8171.31,8171.31,107.98,3277,31,3276.7,29.1,29.1,30,30,118.515,0.0313,70.5735,157.606,27,3276,0,25,24,24,0,3276.7,0,80,13/12/2024 14:01
2940,0,11.8515,24.4502,792.269,107.731,26,26,25,26,26,25,0,0.034,157.606,8171.31,8171.31,107.731,3277,31,3276.7,29.1,29.1,30,30,118.515,0.0312,68.0797,157.606,27,3276,0,25,24,24,0,3276.7,0,80,13/12/2024 14:01
2941,0,11.8515,24.4394,791.77,107.731,26,26,25,26,26,25,0,0.034,157.107,8171.31,8171.31,107.731,3277,31,3276.7,29.1,29.1,30,30,118.515,0.0312,70.3241,157.107,27,3276,0,25,24,24,0,3276.7,0,80,13/12/2024 14:01
2942,0,11.8515,24.4538,792.269,108.479,26,26,25,26,26,25,0,0.034,155.361,8171.31,8171.31,108.479,3277,31,3276.7,29.1,29.1,30,30,118.515,0.0312,71.0723,155.361,27,3276,0,25,24,24,0,3276.7,0,80,13/12/2024 14:01
2943,0,11.8515,24.4502,791.022,107.731,26,26,25,26,26,25,0,0.034,155.86,8171.31,8171.31,107.731,3277,31,3276.7,29.1,29.1,30,30,118.515,0.0312,68.0797,155.86,27,3276,0,25,24,24,0,3276.7,0,80,13/12/2024 14:01
2944,0,11.8515,24.4394,792.019,107.731,26,26,25,26,26,25,0,0.034,157.107,8171.31,8171.31,107.731,3277,31,3276.7,29.1,29.1,30,30,118.515,0.0313,70.3241,157.107,27,3276,0,25,24,24,0,3276.7,0,80,13/12/2024 14:01
2945,0,11.8515,24.443,792.269,107.98,26,26,25,26,26,25,0,0.034,157.356,8171.31,8171.31,107.98,3277,31,3276.7,29.1,29.1,30,30,118.515,0.0315,71.571,157.356,27,3276,0,25,24,24,0,3276.7,0,80,13/12/2024 14:01
2946,0,11.8515,24.443,792.019,107.731,26,26,25,26,26,25,0,0.034,157.356,8171.31,8171.31,107.731,3277,31,3276.7,29.1,29.1,30,30,118.515,0.0311,69.0772,157.356,27,3276,0,25,24,24,0,3276.7,0,80,13/12/2024 14:01
2947,0,11.8515,24.4538,792.518,107.731,26,26,25,26,26,25,0,0.034,155.86,8171.31,8171.31,107.731,3277,31,3276.7,29.1,29.1,30,30,118.515,0.0311,71.3216,155.86,27,3276,0,25,24,24,0,3276.7,0,80,13/12/2024 14:01
2948,0,11.8515,24.4502,791.77,107.731,26,26,25,26,26,25,0,0.034,155.86,8171.31,8171.31,107.731,3277,31,3276.7,29.1,29.1,30,30,118.515,0.0311,70.5735,155.86,27,3276,0,25,24,24,0,3276.7,0,80,13/12/2024 14:01
2949,0,11.8515,24.4394,792.019,107.98,26,26,25,26,26,25,0,0.034,156.11,8171.31,8171.31,107.98,3277,31,3276.7,29.1,29.1,30,30,118.515,0.0313,68.5785,156.11,27,3276,0,25,24,24,0,3276.7,0,80,13/12/2024 14:01
2950,0,11.8515,24.443,792.019,107.98,26,26,25,26,26,25,0,0.0339,157.606,8171.31,8171.31,107.98,3277,31,3276.7,29.1,29.1,30,30,118.515,0.0313,70.3241,157.606,27,3276,0,25,24,24,0,3276.7,0,80,13/12/2024 14:01
2951,0,11.8515,24.4502,792.518,107.98,26,26,25,26,26,25,0,0.0339,157.606,8171.31,8171.31,107.98,3277,31,3276.7,29.1,29.1,30,30,118.515,0.0313,71.0723,157.606,27,3276,0,25,24,24,0,3276.7,0,80,13/12/2024 14:01
2952,0,11.8515,24.443,792.269,107.731,26,26,25,26,26,25,0,0.0339,158.603,8171.31,8171.31,107.731,3277,31,3276.7,29.1,29.1,30,30,118.515,0.0313,67.8304,158.603,27,3276,0,25,24,24,0,3276.7,0,80,13/12/2024 14:01
2953,0,11.8515,24.4502,792.518,108.479,26,26,25,26,26,25,0,0.0339,156.359,8171.31,8171.31,108.479,3277,31,3276.7,29.1,29.1,30,30,118.515,0.0313,70.5735,156.359,27,3276,0,25,24,24,0,3276.7,0,80,13/12/2024 14:01
2954,0,11.8515,24.443,792.019,107.98,26,26,25,26,26,25,0,0.0339,156.608,8171.31,8171.31,107.98,3277,31,3276.7,29.1,29.1,30,30,118.515,0.0312,70.3241,156.608,27,3276,0,25,24,24,0,3276.7,0,80,13/12/2024 14:01
2955,0,11.8515,24.4611,792.019,107.98,26,26,25,26,26,25,0,0.0339,157.606,8171.31,8171.31,107.98,3277,31,3276.7,29.1,29.1,30,30,118.515,0.0312,69.3266,157.606,27,3276,0,25,24,24,0,3276.7,0,80,13/12/2024 14:01
2956,0,11.8515,24.4502,792.518,107.98,26,26,25,26,26,25,0,0.0339,157.606,8171.31,8171.31,107.98,3277,31,3276.7,29.1,29.1,30,30,118.515,0.0318,70.0748,157.606,27,3276,0,25,24,24,0,3276.7,0,80,13/12/2024 14:01
2957,0,11.8515,24.4502,792.019,108.479,26,26,25,26,26,25,0,0.0339,155.86,8171.31,8171.31,108.479,3277,31,3276.7,29.1,29.1,30,30,118.515,0.0312,71.8204,155.86,27,3276,0,25,24,24,0,3276.7,0,80,13/12/2024 14:01
2958,0,11.8515,24.4502,792.019,108.479,26,26,25,26,26,25,0,0.0339,156.608,8171.31,8171.31,108.479,3277,31,3276.7,29.1,29.1,30,30,118.515,0.0312,70.5735,156.608,27,3276,0,25,24,24,0,3276.7,0,80,13/12/2024 14:01
2959,0,11.8515,24.443,792.019,107.731,26,26,25,26,26,25,0,0.0339,157.356,8171.31,8171.31,107.731,3277,31,3276.7,29.1,29.1,30,30,118.515,0.0308,70.0748,157.356,27,3276,0,25,24,24,0,3276.7,0,80,13/12/2024 14:01
2960,0,11.8515,24.4502,792.019,107.98,26,26,25,26,26,25,0,0.0339,157.356,8171.31,8171.31,107.98,3277,31,3276.7,29.1,29.1,30,30,118.515,0.0315,71.8204,157.356,27,3276,0,25,24,24,0,3276.7,0,80,13/12/2024 14:01
2961,0,11.8515,24.4502,791.77,108.977,26,26,25,26,26,25,0,0.0339,157.107,8171.31,8171.31,108.977,3277,31,3276.7,29.1,29.1,30,30,118.515,0.0314,72.5685,157.107,27,3276,0,25,24,24,0,3276.7,0,80,13/12/2024 14:01
2962,0,11.8515,24.4394,792.019,108.479,26,26,25,26,26,25,0,0.0339,156.608,8171.31,8171.31,108.479,3277,31,3276.7,29.1,29.1,30,30,118.515,0.0314,70.0748,156.608,27,3276,0,25,24,24,0,3276.7,0,80,13/12/2024 14:01
2963,0,11.8515,24.4394,792.269,107.98,26,26,25,26,26,25,0,0.0339,156.359,8171.31,8171.31,107.98,3277,31,3276.7,29.1,29.1,30,30,118.515,0.0314,71.8204,156.359,27,3276,0,25,24,24,0,3276.7,0,80,13/12/2024 14:01
2964,0,11.8515,24.443,792.019,107.731,26,26,25,26,26,25,0,0.0339,157.356,8171.31,8171.31,107.731,3277,31,3276.7,29.1,29.1,30,30,118.515,0.0314,72.5685,157.356,27,3276,0,25,24,24,0,3276.7,0,80,13/12/2024 14:01
2965,0,11.8515,24.443,792.019,109.227,26,26,25,26,26,25,0,0.0339,157.855,8171.31,8171.31,109.227,3277,31,3276.7,29.1,29.1,30,30,118.515,0.031,70.3241,157.855,27,3276,0,25,24,24,0,3276.7,0,80,13/12/2024 14:01
2966,0,11.8515,24.4502,791.022,107.731,26,26,25,26,26,25,0,0.0339,155.86,8171.31,8171.31,107.731,3277,31,3276.7,29.1,29.1,30,30,118.515,0.031,69.8254,155.86,27,3276,0,25,24,24,0,3276.7,0,80,13/12/2024 14:01
2967,0,11.8515,24.4502,791.77,108.728,26,26,25,26,26,25,0,0.0339,157.107,8171.31,8171.31,108.728,3277,31,3276.7,29.1,29.1,30,30,118.515,0.031,72.3191,157.107,27,3276,0,25,24,24,0,3276.7,0,80,13/12/2024 14:01
2968,0,11.8515,24.443,792.269,108.977,26,26,25,26,26,25,0,0.0339,157.356,8171.31,8171.31,108.977,3277,31,3276.7,29.1,29.1,30,30,118.515,0.0314,71.0723,157.356,27,3276,0,25,24,24,0,3276.7,0,80,13/12/2024 14:01
2969,0,11.8515,24.443,792.518,109.227,26,26,25,26,26,25,0,0.0339,158.603,8171.31,8171.31,109.227,3277,31,3276.7,29.1,29.1,30,30,118.515,0.0311,69.8254,158.603,27,3276,0,25,24,24,0,3276.7,0,80,13/12/2024 14:01
2970,0,11.8515,24.4394,792.019,108.479,26,26,25,26,26,25,0,0.0339,157.606,8171.31,8171.31,108.479,3277,31,3276.7,29.1,29.1,30,30,118.515,0.0314,72.5685,157.606,27,3276,0,25,24,24,0,3276.7,0,80,13/12/2024 14:01
2971,0,11.8515,24.4502,792.269,108.728,26,26,25,26,26,25,0,0.0339,155.361,8171.31,8171.31,108.728,3277,31,3276.7,29.1,29.1,30,30,118.515,0.0314,71.8204,155.361,27,3276,0,25,24,24,0,3276.7,0,80,13/12/2024 14:01
2972,0,11.8515,24.443,791.77,107.98,26,26,25,26,26,25,0,0.0339,157.356,8171.31,8171.31,107.98,3277,31,3276.7,29.1,29.1,30,30,118.515,0.0315,70.3241,157.356,27,3276,0,25,24,24,0,3276.7,0,80,13/12/2024 14:01
2973,0,11.8515,24.443,792.269,108.479,26,26,25,26,26,25,0,0.0339,158.354,8171.31,8171.31,108.479,3277,31,3276.7,29.1,29.1,30,30,118.515,0.0313,71.8204,158.354,27,3276,0,25,24,24,0,3276.7,0,80,13/12/2024 14:01
2974,0,11.8515,24.443,791.77,108.977,26,26,25,26,26,25,0,0.0339,158.354,8171.31,8171.31,108.977,3277,31,3276.7,29.1,29.1,30,30,118.515,0.0313,72.5685,158.354,27,3276,0,25,24,24,0,3276.7,0,80,13/12/2024 14:01
2975,0,11.8515,24.4502,792.019,108.977,26,26,25,26,26,25,0,0.0339,156.359,8171.31,8171.31,108.977,3277,31,3276.7,29.1,29.1,30,30,118.515,0.031,70.3241,156.359,27,3276,0,25,24,24,0,3276.7,0,80,13/12/2024 14:01
2976,0,11.8515,24.4538,792.019,109.726,26,26,25,26,26,25,0,0.0339,156.359,8171.31,8171.31,109.726,3277,31,3276.7,29.1,29.1,30,30,118.515,0.031,71.571,156.359,27,3276,0,25,24,24,0,3276.7,0,80,13/12/2024 14:01
2977,0,11.8515,24.4394,792.269,107.481,26,26,25,26,26,25,0,0.0339,157.356,8171.31,8171.31,107.481,3277,31,3276.7,29.1,29.1,30,30,118.515,0.031,72.8179,157.356,27,3276,0,25,24,24,0,3276.7,0,80,13/12/2024 14:01
2978,0,11.8515,24.4394,792.019,109.227,26,26,25,26,26,25,0,0.0339,158.603,8171.31,8171.31,109.227,3277,31,3276.7,29.1,29.1,30,30,118.515,0.031,70.0748,158.603,27,3276,0,25,24,24,0,3276.7,0,80,13/12/2024 14:01
2979,0,11.8515,24.4394,792.019,108.728,26,26,25,26,26,25,0,0.0339,157.606,8171.31,8171.31,108.728,3277,31,3276.7,29.1,29.1,30,30,118.515,0.031,72.5685,157.606,27,3276,0,25,24,24,0,3276.7,0,80,13/12/2024 14:01
2980,0,11.8515,24.4394,792.269,109.227,26,26,25,26,26,25,0,0.0339,157.107,8171.31,8171.31,109.227,3277,31,3276.7,29.1,29.1,30,30,118.515,0.0312,73.0673,157.107,27,3276,0,25,24,24,0,3276.7,0,80,13/12/2024 14:01
2981,0,11.8515,24.4538,792.269,108.977,26,26,25,26,26,25,0,0.0339,157.107,8171.31,8171.31,108.977,3277,31,3276.7,29.1,29.1,30,30,118.515,0.0312,71.571,157.107,27,3276,0,25,24,24,0,3276.7,0,80,13/12/2024 14:01
2982,0,11.8515,24.4502,792.518,108.977,26,26,25,26,26,25,0,0.0339,157.356,8171.31,8171.31,108.977,3277,31,3276.7,29.1,29.1,30,30,118.515,0.0312,72.3191,157.356,27,3276,0,25,24,24,0,3276.7,0,80,13/12/2024 14:01
2983,0,11.8515,24.4502,792.518,108.977,26,26,25,26,26,25,0,0.0339,158.603,8171.31,8171.31,108.977,3277,31,3276.7,29.1,29.1,30,30,118.515,0.0315,73.0673,158.603,27,3276,0,25,24,24,0,3276.7,0,80,13/12/2024 14:01
2984,0,11.8515,24.443,792.019,108.728,26,26,25,26,26,25,0,0.0339,157.855,8171.31,8171.31,108.728,3277,31,3276.7,29.1,29.1,30,30,118.515,0.0315,71.571,157.855,27,3276,0,25,24,24,0,3276.7,0,80,13/12/2024 14:01
2985,0,11.8515,24.4394,791.271,108.479,26,26,25,26,26,25,0,0.0339,157.855,8171.31,8171.31,108.479,3277,31,3276.7,29.1,29.1,30,30,118.515,0.0315,72.5685,157.855,27,3276,0,25,24,24,0,3276.7,0,80,13/12/2024 14:01
2986,0,11.8515,24.4394,792.269,109.726,26,26,25,26,26,25,0,0.0339,156.359,8171.31,8171.31,109.726,3277,31,3276.7,29.1,29.1,30,30,118.515,0.0317,73.8154,156.359,27,3276,0,25,24,24,0,3276.7,0,80,13/12/2024 14:02
2987,0,11.8515,24.4502,791.77,113.466,26,26,25,26,26,25,0,0.0339,162.095,8171.31,8171.31,113.466,3277,31,3276.7,29.1,29.1,30,30,118.515,0.0317,76.0598,162.095,27,3276,0,25,24,24,0,3276.7,0,80,13/12/2024 14:02
2988,0,11.8515,24.4394,792.269,123.441,26,26,25,26,26,25,0,0.0339,172.319,8171.31,8171.31,123.441,3277,31,3276.7,29.1,29.1,30,30,118.515,0.0333,86.2842,172.319,27,3276,0,25,24,24,0,3276.7,0,80,13/12/2024 14:02
2989,0,11.8515,24.4394,792.019,134.164,26,26,25,26,26,25,0,0.0339,184.04,8171.31,8171.31,134.164,3277,31,3276.7,29.1,29.1,30,30,118.515,0.0335,98.5037,184.04,27,3276,0,25,24,24,0,3276.7,0,80,13/12/2024 14:02
2990,0,11.8515,24.443,792.269,146.135,26,26,25,26,26,25,0,0.0339,193.516,8171.31,8171.31,146.135,3277,31,3276.7,29.1,29.1,30,30,118.515,0.0335,107.731,193.516,27,3276,0,25,24,24,0,3276.7,0,80,13/12/2024 14:02
2991,0,11.8515,24.443,791.271,157.356,26,26,25,26,26,25,0,0.0339,204.489,8171.31,8171.31,157.356,3277,31,3276.7,29.1,29.1,30,30,118.515,0.0334,118.953,204.489,27,3276,0,25,24,24,0,3276.7,0,80,13/12/2024 14:02
2992,0,11.8515,24.4538,792.019,165.835,26,26,25,26,26,25,0,0.0339,212.469,8171.31,8171.31,165.835,3277,31,3276.7,29.1,29.1,30,30,118.515,0.0334,128.678,212.469,27,3276,0,25,24,24,0,3276.7,0,80,13/12/2024 14:02
2993,0,11.8515,24.443,792.269,167.581,26,26,25,26,26,25,0,0.0339,217.456,8171.31,8171.31,167.581,3277,31,3276.7,29.1,29.1,30,30,118.515,0.0334,130.174,217.456,27,3276,0,25,24,24,0,3276.7,0,80,13/12/2024 14:02
2994,0,11.8515,24.4538,792.019,167.581,26,26,25,26,26,25,0,0.0339,217.207,8171.31,8171.31,167.581,3277,31,3276.7,29.1,29.1,30,30,118.515,0.0343,129.177,217.207,27,3276,0,25,24,24,0,3276.7,0,80,13/12/2024 14:02
2995,0,11.8515,24.443,792.269,168.828,26,26,25,26,26,25,0,0.0339,217.456,8171.31,8171.31,168.828,3277,31,3276.7,29.1,29.1,30,30,118.515,0.0343,132.419,217.456,27,3276,0,25,24,24,0,3276.7,0,80,13/12/2024 14:02
2996,0,11.8515,24.4502,792.019,177.307,26,26,25,26,26,25,0,0.0339,224.439,8171.31,8171.31,177.307,3277,31,3276.7,29.1,29.1,30,30,118.515,0.0341,139.9,224.439,27,3276,0,25,24,24,0,3276.7,0,80,13/12/2024 14:02
2997,0,11.8515,24.4538,792.269,187.282,26,26,25,26,26,25,0,0.0339,235.91,8171.31,8171.31,187.282,3277,31,3276.7,29.1,29.1,30,30,118.515,0.0341,148.379,235.91,27,3276,0,25,24,24,0,3276.7,0,80,13/12/2024 14:02
2998,0,11.8515,24.4358,792.518,197.755,26,26,25,26,26,25,0,0.0339,249.376,8171.31,8171.31,197.755,3277,31,3276.7,29.1,29.1,30,30,118.515,0.0334,161.596,249.376,27,3276,0,25,24,24,0,3276.7,0,80,13/12/2024 14:02
2999,0,11.8515,24.4358,792.269,209.975,26,26,25,26,26,25,0,0.0339,259.85,8171.31,8171.31,209.975,3277,31,3276.7,29.1,29.1,30,30,118.515,0.0334,174.813,259.85,27,3276,0,25,24,24,0,3276.7,0,80,13/12/2024 14:02
3000,0,11.8515,24.4394,792.019,219.451,26,26,25,26,26,25,0,0.0339,267.581,8171.31,8171.31,219.451,3277,31,3276.7,29.1,29.1,30,30,118.515,0.0334,181.546,267.581,27,3276,0,25,24,24,0,3276.7,0,80,13/12/2024 14:02
3001,0,11.8515,24.4538,792.019,223.441,26,26,25,26,26,25,0,0.0339,273.815,8171.31,8171.31,223.441,3277,31,3276.7,29.1,29.1,30,30,118.515,0.0334,186.284,273.815,27,3276,0,25,24,24,0,3276.7,0,80,13/12/2024 14:02
3002,0,11.8515,24.4502,792.019,224.439,26,26,25,26,26,25,0,0.0339,274.563,8171.31,8171.31,224.439,3277,31,3276.7,29.1,29.1,30,30,118.515,0.0334,187.531,274.563,27,3276,0,25,24,24,0,3276.7,0,80,13/12/2024 14:02
3003,0,11.8515,24.4502,793.017,222.693,26,26,25,26,26,25,0,0.0339,274.314,8171.31,8171.31,222.693,3277,31,3276.7,29.1,29.1,30,30,118.515,0.0334,187.282,274.314,27,3276,0,25,24,24,0,3276.7,0,80,13/12/2024 14:02
3004,0,11.8515,24.443,792.269,222.693,26,26,25,26,26,25,0,0.0344,273.067,8171.31,8171.31,222.693,3277,31,3276.7,29.1,29.1,30,30,118.515,0.0307,185.037,273.067,27,3276,0,25,24,24,0,3276.7,0,80,13/12/2024 14:02
3005,0,11.8515,24.4502,792.518,221.446,26,26,25,26,26,25,0,0.0337,271.82,8171.31,8171.31,221.446,3277,31,3276.7,29.1,29.1,30,30,118.515,0.031,186.534,271.82,27,3276,0,25,24,24,0,3276.7,0,80,13/12/2024 14:02
3006,0,11.8515,24.4502,792.518,222.194,26,26,25,26,26,25,0,0.0337,271.072,8171.31,8171.31,222.194,3277,31,3276.7,29.1,29.1,30,30,118.515,0.031,186.284,271.072,27,3276,0,25,24,24,0,3276.7,0,80,13/12/2024 14:02
3007,0,11.8515,24.4502,792.518,221.945,26,26,25,26,26,25,0,0.0337,272.07,8171.31,8171.31,221.945,3277,31,3276.7,29.1,29.1,30,30,118.515,0.0312,184.04,272.07,27,3276,0,25,24,24,0,3276.7,0,80,13/12/2024 14:02
3008,0,11.8515,24.443,792.518,221.446,26,26,25,26,26,25,0,0.0337,273.067,8171.31,8171.31,221.446,3277,31,3276.7,29.1,29.1,30,30,118.515,0.0333,187.032,273.067,27,3276,0,25,24,24,0,3276.7,0,80,13/12/2024 14:02
3009,0,11.8515,24.443,792.518,228.927,26,26,25,26,26,25,0,0.0337,279.551,8171.31,8171.31,228.927,3277,31,3276.7,29.1,29.1,30,30,118.515,0.0336,192.269,279.551,27,3276,0,25,24,24,0,3276.7,0,80,13/12/2024 14:02
3010,0,11.8515,24.443,792.518,239.401,26,26,25,26,26,25,0,0.0337,289.277,8171.31,8171.31,239.401,3277,31,3276.7,29.1,29.1,30,30,118.515,0.0334,200.249,289.277,27,3276,0,25,24,24,0,3276.7,0,80,13/12/2024 14:02
3011,0,11.8515,24.443,792.518,251.87,26,26,25,26,26,25,0,0.0337,300.997,8171.31,8171.31,251.87,3277,31,3276.7,29.1,29.1,30,30,118.515,0.0334,214.464,300.997,27,3276,0,25,24,24,0,3276.7,0,80,13/12/2024 14:02
3012,0,11.8515,24.4502,792.019,262.593,26,26,25,26,26,25,0,0.0337,313.466,8171.31,8171.31,262.593,3277,31,3276.7,29.1,29.1,30,30,118.515,0.033,225.187,313.466,27,3276,0,25,24,24,0,3276.7,0,80,13/12/2024 14:02
3013,0,11.8515,24.443,792.518,273.067,26,26,25,26,26,25,0,0.0337,324.937,8171.31,8171.31,273.067,3277,31,3276.7,29.1,29.1,30,30,118.515,0.033,233.915,324.937,27,3276,0,25,24,24,0,3276.7,0,80,13/12/2024 14:02
3014,0,11.8515,24.443,792.518,279.551,26,26,25,26,26,25,0,0.0337,330.424,8171.31,8171.31,279.551,3277,31,3276.7,29.1,29.1,30,30,118.515,0.033,242.394,330.424,27,3276,0,25,24,24,0,3276.7,0,80,13/12/2024 14:02
3015,0,11.8515,24.443,793.017,279.301,26,26,25,26,26,25,0,0.0337,330.922,8171.31,8171.31,279.301,3277,31,3276.7,29.1,29.1,30,30,118.515,0.0332,241.895,330.922,27,3276,0,25,24,24,0,3276.7,0,80,13/12/2024 14:02
3016,0,11.8515,24.443,792.518,279.8,26,26,25,26,26,25,0,0.0337,329.426,8171.31,8171.31,279.8,3277,31,3276.7,29.1,29.1,30,30,118.515,0.0336,238.653,329.426,27,3276,0,25,24,24,0,3276.7,0,80,13/12/2024 14:02
3017,0,11.8515,24.443,792.518,284.289,26,26,25,26,26,25,0,0.0337,334.414,8171.31,8171.31,284.289,3277,31,3276.7,29.1,29.1,30,30,118.515,0.0332,246.384,334.414,27,3276,0,25,24,24,0,3276.7,0,80,13/12/2024 14:02
3018,0,11.8515,24.4502,794.264,293.765,26,26,25,26,26,25,0,0.0337,344.638,8171.31,8171.31,293.765,3277,31,3276.7,29.1,29.1,30,30,118.515,0.0333,256.109,344.638,27,3276,0,25,24,24,0,3276.7,0,80,13/12/2024 14:02
3019,0,11.8515,24.4394,792.518,304.987,26,26,25,26,26,25,0,0.0337,356.608,8171.31,8171.31,304.987,3277,31,3276.7,29.1,29.1,30,30,118.515,0.0333,264.588,356.608,27,3276,0,25,24,24,0,3276.7,0,80,13/12/2024 14:02
3020,0,11.8515,24.4394,793.266,316.209,26,26,25,26,26,25,0,0.0337,366.583,8171.31,8171.31,316.209,3277,31,3276.7,29.1,29.1,30,30,118.515,0.0326,280.05,366.583,27,3276,0,25,24,24,0,3276.7,0,80,13/12/2024 14:02
3021,0,11.8515,24.443,793.017,326.683,26,26,25,26,26,25,0,0.0337,376.808,8171.31,8171.31,326.683,3277,31,3276.7,29.1,29.1,30,30,118.515,0.0333,289.526,376.808,27,3276,0,25,24,24,0,3276.7,0,80,13/12/2024 14:02
3022,0,11.8515,24.4538,793.017,334.414,26,26,25,26,26,25,0,0.0337,382.793,8171.31,8171.31,334.414,3277,31,3276.7,29.1,29.1,30,30,118.515,0.0333,295.511,382.793,27,3276,0,25,24,24,0,3276.7,0,80,13/12/2024 14:02
3023,0,11.8515,24.4321,792.518,334.663,26,26,25,26,26,25,0,0.0337,384.289,8171.31,8171.31,334.663,3277,31,3276.7,29.1,29.1,30,30,118.515,0.0332,298.753,384.289,27,3276,0,25,24,24,0,3276.7,0,80,13/12/2024 14:02
3024,0,11.8515,24.443,793.266,334.414,26,26,25,26,26,25,0,0.0337,384.289,8171.31,8171.31,334.414,3277,31,3276.7,29.1,29.1,30,30,118.515,0.0325,294.763,384.289,27,3276,0,25,24,24,0,3276.7,0,80,13/12/2024 14:02
3025,0,11.8515,24.443,793.266,333.416,26,26,25,26,26,25,0,0.0337,384.04,8171.31,8171.31,333.416,3277,31,3276.7,29.1,29.1,30,30,118.515,0.0325,295.511,384.04,27,3276,0,25,24,24,0,3276.7,0,80,13/12/2024 14:02
3026,0,11.8515,24.4394,793.266,331.92,26,26,25,26,26,25,0,0.0337,384.04,8171.31,8171.31,331.92,3277,31,3276.7,29.1,29.1,30,30,118.515,0.0311,296.01,384.04,27,3276,0,25,24,24,0,3276.7,0,80,13/12/2024 14:02
3027,0,11.8515,24.4502,792.518,333.416,26,26,25,26,26,25,0,0.0337,384.289,8171.31,8171.31,333.416,3277,31,3276.7,29.1,29.1,30,30,118.515,0.0311,294.264,384.289,27,3276,0,25,24,24,0,3276.7,0,80,13/12/2024 14:02
3028,0,11.8515,24.4502,793.765,341.646,26,26,25,26,26,25,0,0.0337,390.523,8171.31,8171.31,341.646,3277,31,3276.7,29.1,29.1,30,30,118.515,0.0333,303.74,390.523,27,3276,0,25,24,24,0,3276.7,0,80,13/12/2024 14:02
3029,0,11.8515,24.443,794.264,351.87,26,26,25,26,26,25,0,0.0337,401.995,8171.31,8171.31,351.87,3277,31,3276.7,29.1,29.1,30,30,118.515,0.0332,314.464,401.995,27,3276,0,25,24,24,0,3276.7,0,80,13/12/2024 14:02
3030,0,11.8515,24.443,793.516,363.591,26,26,25,26,26,25,0,0.0337,414.464,8171.31,8171.31,363.591,3277,31,3276.7,29.1,29.1,30,30,118.515,0.0332,324.189,414.464,27,3276,0,25,24,24,0,3276.7,0,80,13/12/2024 14:02
3031,0,11.8515,24.4394,793.765,374.314,26,26,25,26,26,25,0,0.0337,426.683,8171.31,8171.31,374.314,3277,31,3276.7,29.1,29.1,30,30,118.515,0.0332,338.404,426.683,27,3276,0,25,24,24,0,3276.7,0,80,13/12/2024 14:02
3032,0,11.8515,24.4394,794.264,384.04,26,26,25,26,26,25,0,0.0337,436.658,8171.31,8171.31,384.04,3277,31,3276.7,29.1,29.1,30,30,118.515,0.0333,346.633,436.658,27,3276,0,25,24,24,0,3276.7,0,80,13/12/2024 14:02
3033,0,11.8515,24.4502,794.264,388.279,26,26,25,26,26,25,0,0.0337,440.897,8171.31,8171.31,388.279,3277,31,3276.7,29.1,29.1,30,30,118.515,0.0331,350.374,440.897,27,3276,0,25,24,24,0,3276.7,0,80,13/12/2024 14:02
3034,0,11.8515,24.4538,793.765,386.783,26,26,25,26,26,25,0,0.0341,438.902,8171.31,8171.31,386.783,3277,31,3276.7,29.1,29.1,30,30,118.515,0.0334,350.623,438.902,27,3276,0,25,24,24,0,3276.7,0,80,13/12/2024 14:02
3035,0,11.8515,24.4538,794.264,387.78,26,26,25,26,26,25,0,0.0341,438.902,8171.31,8171.31,387.78,3277,31,3276.7,29.1,29.1,30,30,118.515,0.0334,347.132,438.902,27,3276,0,25,24,24,0,3276.7,0,80,13/12/2024 14:02
3036,0,11.8515,24.443,794.264,394.513,26,26,25,26,26,25,0,0.0341,445.386,8171.31,8171.31,394.513,3277,31,3276.7,29.1,29.1,30,30,118.515,0.0334,356.858,445.386,27,3276,0,25,24,24,0,3276.7,0,80,13/12/2024 14:02
3037,0,11.8515,24.443,793.266,405.237,26,26,25,26,26,25,0,0.0341,455.86,8171.31,8171.31,405.237,3277,31,3276.7,29.1,29.1,30,30,118.515,0.0331,366.583,455.86,27,3276,0,25,24,24,0,3276.7,0,80,13/12/2024 14:02
3038,0,11.8515,24.4502,794.762,416.957,26,26,25,26,26,25,0,0.0341,468.329,8171.31,8171.31,416.957,3277,31,3276.7,29.1,29.1,30,30,118.515,0.0331,372.069,468.329,27,3276,0,25,24,24,0,3276.7,0,80,13/12/2024 14:02
3039,0,11.8515,24.4394,794.762,427.182,26,26,25,26,26,25,0,0.0341,480.798,8171.31,8171.31,427.182,3277,31,3276.7,29.1,29.1,30,30,118.515,0.0333,384.538,480.798,27,3276,0,25,24,24,0,3276.7,0,80,13/12/2024 14:02
3040,0,11.8515,24.443,794.513,436.907,26,26,25,26,26,25,0,0.0341,491.271,8171.31,8171.31,436.907,3277,31,3276.7,29.1,29.1,30,30,118.515,0.0331,391.77,491.271,27,3276,0,25,24,24,0,3276.7,0,80,13/12/2024 14:02
3041,0,11.8515,24.4502,794.762,440.897,26,26,25,26,26,25,0,0.0341,495.012,8171.31,8171.31,440.897,3277,31,3276.7,29.1,29.1,30,30,118.515,0.0331,397.755,495.012,27,3276,0,25,24,24,0,3276.7,0,80,13/12/2024 14:02
3042,0,11.8515,24.4502,794.762,440.648,26,26,25,26,26,25,0,0.0341,493.765,8171.31,8171.31,440.648,3277,31,3276.7,29.1,29.1,30,30,118.515,0.0331,394.513,493.765,27,3276,0,25,24,24,0,3276.7,0,80,13/12/2024 14:02
3043,0,11.8515,24.4502,794.762,439.152,26,26,25,26,26,25,0,0.0341,491.271,8171.31,8171.31,439.152,3277,31,3276.7,29.1,29.1,30,30,118.515,0.0331,393.516,491.271,27,3276,0,25,24,24,0,3276.7,0,80,13/12/2024 14:02
3044,0,11.8515,24.4611,795.012,438.404,26,26,25,26,26,25,0,0.0341,489.027,8171.31,8171.31,438.404,3277,31,3276.7,29.1,29.1,30,30,118.515,0.0307,394.513,489.027,27,3276,0,25,24,24,0,3276.7,0,80,13/12/2024 14:02
3045,0,11.8515,24.4502,795.012,437.157,26,26,25,26,26,25,0,0.0341,490.025,8171.31,8171.31,437.157,3277,31,3276.7,29.1,29.1,30,30,118.515,0.0312,390.773,490.025,27,3276,0,25,24,24,0,3276.7,0,80,13/12/2024 14:02
3046,0,11.8515,24.4575,795.012,436.409,26,26,25,26,26,25,0,0.0341,489.526,8171.31,8171.31,436.409,3277,31,3276.7,29.1,29.1,30,30,118.515,0.0312,391.77,489.526,27,3276,0,25,24,24,0,3276.7,0,80,13/12/2024 14:03
3047,0,11.8515,24.4358,795.012,436.658,26,26,25,26,26,25,0,0.0341,490.773,8171.31,8171.31,436.658,3277,31,3276.7,29.1,29.1,30,30,118.515,0.0317,391.022,490.773,27,3276,0,25,24,24,0,3276.7,0,80,13/12/2024 14:03
3048,0,11.8515,24.4538,795.012,442.643,26,26,25,26,26,25,0,0.0341,496.508,8171.31,8171.31,442.643,3277,31,3276.7,29.1,29.1,30,30,118.515,0.0333,395.76,496.508,27,3276,0,25,24,24,0,3276.7,0,80,13/12/2024 14:03
3049,0,11.8515,24.4502,795.51,453.865,26,26,25,26,26,25,0,0.0341,506.234,8171.31,8171.31,453.865,3277,31,3276.7,29.1,29.1,30,30,118.515,0.0333,408.977,506.234,27,3276,0,25,24,24,0,3276.7,0,80,13/12/2024 14:03
3050,0,11.8515,24.443,795.012,466.833,26,26,25,26,26,25,0,0.0341,516.957,8171.31,8171.31,466.833,3277,31,3276.7,29.1,29.1,30,30,118.515,0.0331,417.207,516.957,27,3276,0,25,24,24,0,3276.7,0,80,13/12/2024 14:03
3051,0,11.8515,24.4538,795.012,477.057,26,26,25,26,26,25,0,0.0341,527.68,8171.31,8171.31,477.057,3277,31,3276.7,29.1,29.1,30,30,118.515,0.0331,430.424,527.68,27,3276,0,25,24,24,0,3276.7,0,80,13/12/2024 14:03
3052,0,11.8515,24.4502,795.51,486.284,26,26,25,26,26,25,0,0.0341,537.406,8171.31,8171.31,486.284,3277,31,3276.7,29.1,29.1,30,30,118.515,0.0331,441.396,537.406,27,3276,0,25,24,24,0,3276.7,0,80,13/12/2024 14:03
3053,0,11.8515,24.4502,795.76,491.271,26,26,25,26,26,25,0,0.0341,543.142,8171.31,8171.31,491.271,3277,31,3276.7,29.1,29.1,30,30,118.515,0.0327,443.89,543.142,27,3276,0,25,24,24,0,3276.7,0,80,13/12/2024 14:03
3054,0,11.8515,24.4502,795.76,491.271,26,26,25,26,26,25,0,0.0341,544.887,8171.31,8171.31,491.271,3277,31,3276.7,29.1,29.1,30,30,118.515,0.0327,446.384,544.887,27,3276,0,25,24,24,0,3276.7,0,80,13/12/2024 14:03
3055,0,11.8515,24.4394,795.012,491.271,26,26,25,26,26,25,0,0.0341,542.892,8171.31,8171.31,491.271,3277,31,3276.7,29.1,29.1,30,30,118.515,0.0329,444.139,542.892,27,3276,0,25,24,24,0,3276.7,0,80,13/12/2024 14:03
3056,0,11.8515,24.4394,795.76,496.259,26,26,25,26,26,25,0,0.0341,547.88,8171.31,8171.31,496.259,3277,31,3276.7,29.1,29.1,30,30,118.515,0.0332,446.882,547.88,27,3276,0,25,24,24,0,3276.7,0,80,13/12/2024 14:03
3057,0,11.8515,24.4502,795.76,506.234,26,26,25,26,26,25,0,0.0341,556.857,8171.31,8171.31,506.234,3277,31,3276.7,29.1,29.1,30,30,118.515,0.0332,460.349,556.857,27,3276,0,25,24,24,0,3276.7,0,80,13/12/2024 14:03
3058,0,11.8515,24.4538,796.009,517.705,26,26,25,26,26,25,0,0.0341,569.825,8171.31,8171.31,517.705,3277,31,3276.7,29.1,29.1,30,30,118.515,0.0332,469.576,569.825,27,3276,0,25,24,24,0,3276.7,0,80,13/12/2024 14:03
3059,0,11.8515,24.4394,795.51,528.927,26,26,25,26,26,25,0,0.0341,583.042,8171.31,8171.31,528.927,3277,31,3276.7,29.1,29.1,30,30,118.515,0.0332,483.291,583.042,27,3276,0,25,24,24,0,3276.7,0,80,13/12/2024 14:03
3060,0,11.8515,24.443,796.757,540.648,26,26,25,26,26,25,0,0.0341,594.264,8171.31,8171.31,540.648,3277,31,3276.7,29.1,29.1,30,30,118.515,0.0327,495.511,594.264,27,3276,0,25,24,24,0,3276.7,0,80,13/12/2024 14:03
3061,0,11.8515,24.443,796.009,545.635,26,26,25,26,26,25,0,0.0341,599.002,8171.31,8171.31,545.635,3277,31,3276.7,29.1,29.1,30,30,118.515,0.0332,498.005,599.002,27,3276,0,25,24,24,0,3276.7,0,80,13/12/2024 14:03
3062,0,11.8515,24.443,797.007,546.134,26,26,25,26,26,25,0,0.0341,600.249,8171.31,8171.31,546.134,3277,31,3276.7,29.1,29.1,30,30,118.515,0.0332,500.498,600.249,27,3276,0,25,24,24,0,3276.7,0,80,13/12/2024 14:03
3063,0,11.8515,24.4358,796.009,547.63,26,26,25,26,26,25,0,0.0341,600.249,8171.31,8171.31,547.63,3277,31,3276.7,29.1,29.1,30,30,118.515,0.0314,501.745,600.249,27,3276,0,25,24,24,0,3276.7,0,80,13/12/2024 14:03
3064,0,11.8515,24.443,797.007,547.63,26,26,25,26,26,25,0,0.0341,600.249,8171.31,8171.31,547.63,3277,31,3276.7,29.1,29.1,30,30,118.515,0.0317,500.249,600.249,27,3276,0,25,24,24,0,3276.7,0,80,13/12/2024 14:03
3065,0,11.8515,24.4538,797.007,549.376,26,26,25,26,26,25,0,0.0338,602.244,8171.31,8171.31,549.376,3277,31,3276.7,29.1,29.1,30,30,118.515,0.0311,504.488,602.244,27,3276,0,25,24,24,0,3276.7,0,80,13/12/2024 14:03
3066,0,11.8515,24.4575,796.259,550.374,26,26,25,26,26,25,0,0.0338,603.99,8171.31,8171.31,550.374,3277,31,3276.7,29.1,29.1,30,30,118.515,0.0314,504.987,603.99,27,3276,0,25,24,24,0,3276.7,0,80,13/12/2024 14:03
3067,0,11.8515,24.4502,797.007,551.122,26,26,25,26,26,25,0,0.0338,606.483,8171.31,8171.31,551.122,3277,31,3276.7,29.1,29.1,30,30,118.515,0.0314,503.74,606.483,27,3276,0,25,24,24,0,3276.7,0,80,13/12/2024 14:03
3068,0,11.8515,24.4394,798.004,553.615,26,26,25,26,26,25,0,0.0338,607.98,8171.31,8171.31,553.615,3277,31,3276.7,29.1,29.1,30,30,118.515,0.0312,506.982,607.98,27,3276,0,25,24,24,0,3276.7,0,80,13/12/2024 14:03
3069,0,11.8515,24.4394,797.256,555.112,26,26,25,26,26,25,0,0.0338,608.478,8171.31,8171.31,555.112,3277,31,3276.7,29.1,29.1,30,30,118.515,0.0313,506.982,608.478,27,3276,0,25,24,24,0,3276.7,0,80,13/12/2024 14:03
3070,0,11.8515,24.4502,796.757,556.109,26,26,25,26,26,25,0,0.0338,608.728,8171.31,8171.31,556.109,3277,31,3276.7,29.1,29.1,30,30,118.515,0.0313,506.733,608.728,27,3276,0,25,24,24,0,3276.7,0,80,13/12/2024 14:03
3071,0,11.8515,24.4358,797.506,558.603,26,26,25,26,26,25,0,0.0338,609.974,8171.31,8171.31,558.603,3277,31,3276.7,29.1,29.1,30,30,118.515,0.0333,511.221,609.974,27,3276,0,25,24,24,0,3276.7,0,80,13/12/2024 14:03
3072,0,11.8515,24.4394,797.506,565.087,26,26,25,26,26,25,0,0.0338,617.955,8171.31,8171.31,565.087,3277,31,3276.7,29.1,29.1,30,30,118.515,0.0332,515.71,617.955,27,3276,0,25,24,24,0,3276.7,0,80,13/12/2024 14:03
3073,0,11.8515,24.443,797.506,576.059,26,26,25,26,26,25,0,0.0338,630.423,8171.31,8171.31,576.059,3277,31,3276.7,29.1,29.1,30,30,118.515,0.0332,528.678,630.423,27,3276,0,25,24,24,0,3276.7,0,80,13/12/2024 14:03
3074,0,11.8515,24.4538,797.007,588.528,26,26,25,26,26,25,0,0.0338,642.643,8171.31,8171.31,588.528,3277,31,3276.7,29.1,29.1,30,30,118.515,0.0334,542.892,642.643,27,3276,0,25,24,24,0,3276.7,0,80,13/12/2024 14:03
3075,0,11.8515,24.4394,797.506,599.75,26,26,25,26,26,25,0,0.0338,653.366,8171.31,8171.31,599.75,3277,31,3276.7,29.1,29.1,30,30,118.515,0.0334,551.87,653.366,27,3276,0,25,24,24,0,3276.7,0,80,13/12/2024 14:03
3076,0,11.8515,24.4575,797.007,609.725,26,26,25,26,26,25,0,0.0338,662.094,8171.31,8171.31,609.725,3277,31,3276.7,29.1,29.1,30,30,118.515,0.0335,563.092,662.094,27,3276,0,25,24,24,0,3276.7,0,80,13/12/2024 14:03
3077,0,11.8515,24.443,797.506,614.214,26,26,25,26,26,25,0,0.0338,665.835,8171.31,8171.31,614.214,3277,31,3276.7,29.1,29.1,30,30,118.515,0.0329,568.079,665.835,27,3276,0,25,24,24,0,3276.7,0,80,13/12/2024 14:03
3078,0,11.8515,24.443,797.256,615.211,26,26,25,26,26,25,0,0.0338,667.58,8171.31,8171.31,615.211,3277,31,3276.7,29.1,29.1,30,30,118.515,0.0329,566.084,667.58,27,3276,0,25,24,24,0,3276.7,0,80,13/12/2024 14:03
3079,0,11.8515,24.4502,797.506,616.458,26,26,25,26,26,25,0,0.0338,670.822,8171.31,8171.31,616.458,3277,31,3276.7,29.1,29.1,30,30,118.515,0.0331,569.077,670.822,27,3276,0,25,24,24,0,3276.7,0,80,13/12/2024 14:03
3080,0,11.8515,24.4502,797.506,622.942,26,26,25,26,26,25,0,0.0338,676.309,8171.31,8171.31,622.942,3277,31,3276.7,29.1,29.1,30,30,118.515,0.0328,574.812,676.309,27,3276,0,25,24,24,0,3276.7,0,80,13/12/2024 14:03
3081,0,11.8515,24.443,797.506,632.917,26,26,25,26,26,25,0,0.0338,686.034,8171.31,8171.31,632.917,3277,31,3276.7,29.1,29.1,30,30,118.515,0.0336,583.042,686.034,27,3276,0,25,24,24,0,3276.7,0,80,13/12/2024 14:03
3082,0,11.8515,24.4394,798.004,643.89,26,26,25,26,26,25,0,0.0338,694.763,8171.31,8171.31,643.89,3277,31,3276.7,29.1,29.1,30,30,118.515,0.0332,596.508,694.763,27,3276,0,25,24,24,0,3276.7,0,80,13/12/2024 14:03
3083,0,11.8515,24.443,797.506,653.865,26,26,25,26,26,25,0,0.0338,705.735,8171.31,8171.31,653.865,3277,31,3276.7,29.1,29.1,30,30,118.515,0.0332,605.486,705.735,27,3276,0,25,24,24,0,3276.7,0,80,13/12/2024 14:03
3084,0,11.8515,24.4394,797.506,661.595,26,26,25,26,26,25,0,0.0338,714.463,8171.31,8171.31,661.595,3277,31,3276.7,29.1,29.1,30,30,118.515,0.0335,612.718,714.463,27,3276,0,25,24,24,0,3276.7,0,80,13/12/2024 14:03
3085,0,11.8515,24.443,797.506,665.336,26,26,25,26,26,25,0,0.0338,718.703,8171.31,8171.31,665.336,3277,31,3276.7,29.1,29.1,30,30,118.515,0.0324,617.955,718.703,27,3276,0,25,24,24,0,3276.7,0,80,13/12/2024 14:03
3086,0,11.8515,24.4502,798.004,665.835,26,26,25,26,26,25,0,0.0338,720.199,8171.31,8171.31,665.835,3277,31,3276.7,29.1,29.1,30,30,118.515,0.0324,615.461,720.199,27,3276,0,25,24,24,0,3276.7,0,80,13/12/2024 14:03
3087,0,11.8515,24.4502,798.004,665.336,26,26,25,26,26,25,0,0.0338,719.95,8171.31,8171.31,665.336,3277,31,3276.7,29.1,29.1,30,30,118.515,0.0316,617.955,719.95,27,3276,0,25,24,24,0,3276.7,0,80,13/12/2024 14:03
3088,0,11.8515,24.4538,798.254,665.835,26,26,25,26,26,25,0,0.0338,719.95,8171.31,8171.31,665.835,3277,31,3276.7,29.1,29.1,30,30,118.515,0.031,618.453,719.95,27,3276,0,25,24,24,0,3276.7,0,80,13/12/2024 14:03
3089,0,11.8515,24.4538,798.254,668.827,26,26,25,26,26,25,0,0.0338,722.194,8171.31,8171.31,668.827,3277,31,3276.7,29.1,29.1,30,30,118.515,0.0331,617.955,722.194,27,3276,0,25,24,24,0,3276.7,0,80,13/12/2024 14:03
3090,0,11.8515,24.4538,798.503,675.062,26,26,25,26,26,25,0,0.0338,728.678,8171.31,8171.31,675.062,3277,31,3276.7,29.1,29.1,30,30,118.515,0.0329,627.68,728.678,27,3276,0,25,24,24,0,3276.7,0,80,13/12/2024 14:03
3091,0,11.8515,24.4502,798.004,683.541,26,26,25,26,26,25,0,0.0338,738.154,8171.31,8171.31,683.541,3277,30,3276.7,29.1,29.1,30,30,118.515,0.0329,636.159,738.154,27,3276,0,25,24,24,0,3276.7,0,80,13/12/2024 14:03
3092,0,11.8515,24.4575,798.752,692.767,26,26,25,26,26,25,0,0.0338,748.378,8171.31,8171.31,692.767,3277,30,3276.7,29.1,29.1,30,30,118.515,0.0329,644.638,748.378,27,3276,0,25,24,24,0,3276.7,0,80,13/12/2024 14:03
3093,0,11.8515,24.4394,799.501,701.994,26,26,25,26,26,25,0,0.0338,757.107,8171.31,8171.31,701.994,3277,31,3276.7,29.1,29.1,30,30,118.515,0.0332,655.361,757.107,27,3276,0,25,24,24,0,3276.7,0,80,13/12/2024 14:03
3094,0,11.8515,24.4394,798.503,707.481,26,26,25,26,26,25,0,0.0338,763.092,8171.31,8171.31,707.481,3277,30,3276.7,29.1,29.1,30,30,118.515,0.0332,658.354,763.092,27,3276,0,25,24,24,0,3276.7,0,80,13/12/2024 14:03
3095,0,11.8515,24.4502,799.251,709.476,26,26,25,26,26,25,0,0.0338,764.837,8171.31,8171.31,709.476,3277,30,3276.7,29.1,29.1,30,30,118.515,0.0325,662.344,764.837,27,3276,0,25,24,24,0,3276.7,0,80,13/12/2024 14:03
3096,0,11.8515,24.443,798.752,710.723,26,26,25,26,26,25,0,0.0338,764.338,8171.31,8171.31,710.723,3277,30,3276.7,29.1,29.1,30,30,118.515,0.0332,662.593,764.338,27,3276,0,25,24,24,0,3276.7,0,80,13/12/2024 14:03
3097,0,11.8515,24.4502,799.251,712.718,26,26,25,26,26,25,0,0.0338,765.835,8171.31,8171.31,712.718,3277,30,3276.7,29.1,29.1,30,30,118.515,0.0332,661.346,765.835,27,3276,0,25,24,24,0,3276.7,0,80,13/12/2024 14:03
3098,0,11.8515,24.4502,798.752,717.456,26,26,25,26,26,25,0,0.0338,773.316,8171.31,8171.31,717.456,3277,30,3276.7,29.1,29.1,30,30,118.515,0.0332,669.825,773.316,27,3276,0,25,24,24,0,3276.7,0,80,13/12/2024 14:03
3099,0,11.8515,24.4394,799.75,725.685,26,26,25,26,26,25,0,0.0338,779.8,8171.31,8171.31,725.685,3277,30,3276.7,29.1,29.1,30,30,118.515,0.0332,675.311,779.8,27,3276,0,25,24,24,0,3276.7,0,80,13/12/2024 14:03
3100,0,11.8515,24.4394,798.752,733.166,26,26,25,26,26,25,0,0.0338,788.029,8171.31,8171.31,733.166,3277,30,3276.7,29.1,29.1,30,30,118.515,0.0332,683.291,788.029,27,3276,0,25,24,24,0,3276.7,0,80,13/12/2024 14:03
3101,0,11.8515,24.4538,799.501,740.149,26,26,25,26,26,25,0,0.0338,795.76,8171.31,8171.31,740.149,3277,30,3276.7,29.1,29.1,30,30,118.515,0.0335,692.269,795.76,27,3276,0,25,24,24,0,3276.7,0,80,13/12/2024 14:03
3102,0,11.8515,24.4538,799.501,743.89,26,26,25,26,26,25,0,0.0338,799.75,8171.31,8171.31,743.89,3277,30,3276.7,29.1,29.1,30,30,118.515,0.0335,694.014,799.75,27,3276,0,25,24,24,0,3276.7,0,80,13/12/2024 14:03
3103,0,11.8515,24.4502,799.251,745.136,26,26,25,26,26,25,0,0.0338,799.501,8171.31,8171.31,745.136,3277,30,3276.7,29.1,29.1,30,30,118.515,0.0327,695.76,799.501,27,3276,0,25,24,24,0,3276.7,0,80,13/12/2024 14:03
3104,0,11.8515,24.4538,799.501,744.887,26,26,25,26,26,25,0,0.0338,798.752,8171.31,8171.31,744.887,3277,30,3276.7,29.1,29.1,30,30,118.515,0.0318,695.261,798.752,27,3276,0,25,24,24,0,3276.7,0,80,13/12/2024 14:03
3105,0,11.8515,24.4538,799.75,745.635,26,26,25,26,26,25,0,0.0338,799.999,8171.31,8171.31,745.635,3277,30,3276.7,29.1,29.1,30,30,118.515,0.0313,695.261,799.999,27,3276,0,25,24,24,0,3276.7,0,80,13/12/2024 14:03
3106,0,11.8515,24.4538,799.75,746.383,26,26,25,26,26,25,0,0.0338,801.745,8171.31,8171.31,746.383,3277,30,3276.7,29.1,29.1,30,30,118.515,0.0313,697.256,801.745,27,3276,0,25,24,24,0,3276.7,0,80,13/12/2024 14:04
3107,0,11.8515,24.4538,799.75,748.129,26,26,25,26,26,25,0,0.0338,803.241,8171.31,8171.31,748.129,3277,30,3276.7,29.1,29.1,30,30,118.515,0.0313,697.506,803.241,27,3276,0,25,24,24,0,3276.7,0,80,13/12/2024 14:04
3108,0,11.8515,24.4394,799.999,753.615,26,26,25,26,26,25,0,0.0338,809.974,8171.31,8171.31,753.615,3277,30,3276.7,29.1,29.1,30,30,118.515,0.0333,704.987,809.974,27,3276,0,25,24,24,0,3276.7,0,80,13/12/2024 14:04
3109,0,11.8515,24.4502,800.997,759.6,26,26,25,26,26,25,0,0.0338,815.461,8171.31,8171.31,759.6,3277,30,3276.7,29.1,29.1,30,30,118.515,0.0332,711.221,815.461,27,3276,0,25,24,24,0,3276.7,0,80,13/12/2024 14:04
3110,0,11.8515,24.4358,799.251,765.087,26,26,25,26,26,25,0,0.0338,820.448,8171.31,8171.31,765.087,3277,30,3276.7,29.1,29.1,30,30,118.515,0.0332,713.715,820.448,27,3276,0,25,24,24,0,3276.7,0,80,13/12/2024 14:04
3111,0,11.8515,24.4394,799.251,769.825,26,26,25,26,26,25,0,0.0338,824.937,8171.31,8171.31,769.825,3277,30,3276.7,29.1,29.1,30,30,118.515,0.0334,720.947,824.937,27,3276,0,25,24,24,0,3276.7,0,80,13/12/2024 14:04
3112,0,11.8515,24.4394,799.999,772.568,26,26,25,26,26,25,0,0.0338,826.184,8171.31,8171.31,772.568,3277,30,3276.7,29.1,29.1,30,30,118.515,0.0332,722.443,826.184,27,3276,0,25,24,24,0,3276.7,0,80,13/12/2024 14:04
3113,0,11.8515,24.443,799.999,773.067,26,26,25,26,26,25,0,0.0338,827.181,8171.31,8171.31,773.067,3277,30,3276.7,29.1,29.1,30,30,118.515,0.0332,723.441,827.181,27,3276,0,25,24,24,0,3276.7,0,80,13/12/2024 14:04
3114,0,11.8515,24.4502,801.246,773.565,26,26,25,26,26,25,0,0.0338,827.181,8171.31,8171.31,773.565,3277,30,3276.7,29.1,29.1,30,30,118.515,0.0337,725.685,827.181,27,3276,0,25,24,24,0,3276.7,0,80,13/12/2024 14:04
3115,0,11.8515,24.443,799.999,774.812,26,26,25,26,26,25,0,0.0338,830.922,8171.31,8171.31,774.812,3277,30,3276.7,29.1,29.1,30,30,118.515,0.0337,722.693,830.922,27,3276,0,25,24,24,0,3276.7,0,80,13/12/2024 14:04
3116,0,11.8515,24.4538,800.498,778.553,26,26,25,26,26,25,0,0.0338,833.665,8171.31,8171.31,778.553,3277,30,3276.7,29.1,29.1,30,30,118.515,0.0339,729.426,833.665,27,3276,0,25,24,24,0,3276.7,0,80,13/12/2024 14:04
3117,0,11.8515,24.443,800.747,783.042,26,26,25,26,26,25,0,0.0338,837.904,8171.31,8171.31,783.042,3277,30,3276.7,29.1,29.1,30,30,118.515,0.0333,732.668,837.904,27,3276,0,25,24,24,0,3276.7,0,80,13/12/2024 14:04
3118,0,11.8515,24.349,800.747,786.034,26,26,25,26,26,25,0,0.0339,841.895,8171.31,8171.31,786.034,3277,30,3276.7,29.1,29.1,30,30,118.515,0.0333,737.406,841.895,27,3276,0,25,24,24,0,3276.7,0,80,13/12/2024 14:04
3119,0,11.8515,24.3526,800.747,790.024,26,26,25,26,26,25,0,0.0339,843.141,8171.31,8171.31,790.024,3277,30,3276.7,29.1,29.1,30,30,118.515,0.0332,740.648,843.141,27,3276,0,25,24,24,0,3276.7,0,80,13/12/2024 14:04
3120,0,11.8515,24.3598,801.745,791.022,26,26,25,26,26,25,0,0.0339,844.887,8171.31,8171.31,791.022,3277,30,3276.7,29.1,29.1,30,30,118.515,0.033,740.149,844.887,27,3276,0,25,24,24,0,3276.7,0,80,13/12/2024 14:04
3121,0,11.8515,24.4502,802.244,791.271,26,26,25,26,26,25,0,0.0339,845.386,8171.31,8171.31,791.271,3277,30,3276.7,29.1,29.1,30,30,118.515,0.033,743.141,845.386,27,3276,0,25,24,24,0,3276.7,0,80,13/12/2024 14:04
3122,0,11.8515,24.4538,802.244,792.019,26,26,25,26,26,25,0,0.0339,845.635,8171.31,8171.31,792.019,3277,30,3276.7,29.1,29.1,30,30,118.515,0.0319,740.149,845.635,27,3276,0,25,24,24,0,3276.7,0,80,13/12/2024 14:04
3123,0,11.8515,24.4502,802.992,792.019,26,26,25,26,26,25,0,0.0339,846.633,8171.31,8171.31,792.019,3277,30,3276.7,29.1,29.1,30,30,118.515,0.0319,742.144,846.633,27,3276,0,25,24,24,0,3276.7,0,80,13/12/2024 14:04
3124,0,11.8515,24.4538,802.992,792.019,26,26,25,26,26,25,0,0.0339,847.131,8171.31,8171.31,792.019,3277,30,3276.7,29.1,29.1,30,30,118.515,0.0315,742.393,847.131,27,3276,0,25,24,24,0,3276.7,0,80,13/12/2024 14:04
3125,0,11.8515,24.4502,803.74,792.518,26,26,25,26,26,25,0,0.0339,847.88,8171.31,8171.31,792.518,3277,30,3276.7,29.1,29.1,30,30,118.515,0.0324,742.144,847.88,27,3276,0,25,24,24,0,3276.7,0,80,13/12/2024 14:04
3126,0,11.8515,24.4502,804.488,795.51,26,26,25,26,26,25,0,0.0339,849.625,8171.31,8171.31,795.51,3277,30,3276.7,29.1,29.1,30,30,118.515,0.0324,747.381,849.625,27,3276,0,25,24,24,0,3276.7,0,80,13/12/2024 14:04
3127,0,11.8515,24.4394,804.239,797.506,26,26,25,26,26,25,0,0.0339,852.119,8171.31,8171.31,797.506,3277,30,3276.7,29.1,29.1,30,30,118.515,0.0332,745.635,852.119,27,3276,0,25,24,24,0,3276.7,0,80,13/12/2024 14:04
3128,0,11.8515,24.4394,804.987,799.75,26,26,25,26,26,25,0,0.0339,853.615,8171.31,8171.31,799.75,3277,30,3276.7,29.1,29.1,30,30,118.515,0.0336,750.623,853.615,27,3276,0,25,24,24,0,3276.7,0,80,13/12/2024 14:04
3129,0,11.8515,24.4538,804.987,801.745,26,26,25,26,26,25,0,0.0339,853.615,8171.31,8171.31,801.745,3277,30,3276.7,29.1,29.1,30,30,118.515,0.0331,750.623,853.615,27,3276,0,25,24,24,0,3276.7,0,80,13/12/2024 14:04
3130,0,11.8515,24.4502,806.234,802.493,26,26,25,26,26,25,0,0.0339,856.109,8171.31,8171.31,802.493,3277,30,3276.7,29.1,29.1,30,30,118.515,0.0334,750.124,856.109,27,3276,0,25,24,24,0,3276.7,0,80,13/12/2024 14:04
3131,0,11.8515,24.4538,806.732,802.493,26,26,25,26,26,25,0,0.0339,857.107,8171.31,8171.31,802.493,3277,30,3276.7,29.1,29.1,30,30,118.515,0.0334,753.865,857.107,27,3276,0,25,24,24,0,3276.7,0,80,13/12/2024 14:04
3132,0,11.8515,24.4502,806.982,802.493,26,26,25,26,26,25,0,0.0339,857.107,8171.31,8171.31,802.493,3277,30,3276.7,29.1,29.1,30,30,118.515,0.0332,750.623,857.107,27,3276,0,25,24,24,0,3276.7,0,80,13/12/2024 14:04
3133,0,11.8515,24.4502,807.979,803.74,26,26,25,26,26,25,0,0.0339,858.104,8171.31,8171.31,803.74,3277,30,3276.7,29.1,29.1,30,30,118.515,0.0327,753.615,858.104,27,3276,0,25,24,24,0,3276.7,0,80,13/12/2024 14:04
3134,0,11.8515,24.4538,808.478,803.241,26,26,25,26,26,25,0,0.0339,858.603,8171.31,8171.31,803.241,3277,30,3276.7,29.1,29.1,30,30,118.515,0.0327,754.862,858.603,27,3276,0,25,24,24,0,3276.7,0,80,13/12/2024 14:04
3135,0,11.8515,24.443,808.478,804.987,26,26,25,26,26,25,0,0.0339,859.6,8171.31,8171.31,804.987,3277,30,3276.7,29.1,29.1,30,30,118.515,0.0332,752.618,859.6,27,3276,0,25,24,24,0,3276.7,0,80,13/12/2024 14:04
3136,0,11.8515,24.4394,809.725,805.486,26,26,25,26,26,25,0,0.0339,859.6,8171.31,8171.31,805.486,3277,30,3276.7,29.1,29.1,30,30,118.515,0.0333,755.112,859.6,27,3276,0,25,24,24,0,3276.7,0,80,13/12/2024 14:04
3137,0,11.8515,24.4538,809.974,804.987,26,26,25,26,26,25,0,0.0339,859.6,8171.31,8171.31,804.987,3277,30,3276.7,29.1,29.1,30,30,118.515,0.0332,753.117,859.6,27,3276,0,25,24,24,0,3276.7,0,80,13/12/2024 14:04
3138,0,11.8515,24.4502,810.972,806.732,26,26,25,26,26,25,0,0.0339,859.6,8171.31,8171.31,806.732,3277,30,3276.7,29.1,29.1,30,30,118.515,0.0334,756.358,859.6,27,3276,0,25,24,24,0,3276.7,0,80,13/12/2024 14:04
3139,0,11.8515,24.4502,810.723,804.987,26,26,25,26,26,25,0,0.0339,859.85,8171.31,8171.31,804.987,3277,30,3276.7,29.1,29.1,30,30,118.515,0.0334,755.112,859.85,27,3276,0,25,24,24,0,3276.7,0,80,13/12/2024 14:04
3140,0,11.8515,24.443,811.221,806.234,26,26,25,26,26,25,0,0.0339,859.85,8171.31,8171.31,806.234,3277,30,3276.7,29.1,29.1,30,30,118.515,0.0334,754.363,859.85,27,3276,0,25,24,24,0,3276.7,0,80,13/12/2024 14:04
3141,0,11.8515,24.4502,809.974,805.486,26,26,25,26,26,25,0,0.0339,860.598,8171.31,8171.31,805.486,3277,30,3276.7,29.1,29.1,30,30,118.515,0.0334,756.109,860.598,27,3276,0,25,24,24,0,3276.7,0,80,13/12/2024 14:04
3142,0,11.8515,24.443,810.972,805.735,26,26,25,26,26,25,0,0.0339,859.85,8171.31,8171.31,805.735,3277,30,3276.7,29.1,29.1,30,30,118.515,0.0312,751.87,859.85,27,3276,0,25,24,24,0,3276.7,0,80,13/12/2024 14:04
3143,0,11.8515,24.4502,810.473,804.987,26,26,25,26,26,25,0,0.0339,861.595,8171.31,8171.31,804.987,3277,30,3276.7,29.1,29.1,30,30,118.515,0.033,756.358,861.595,27,3276,0,25,24,24,0,3276.7,0,80,13/12/2024 14:04
3144,0,11.8515,24.443,810.473,806.732,26,26,25,26,26,25,0,0.0339,861.595,8171.31,8171.31,806.732,3277,30,3276.7,29.1,29.1,30,30,118.515,0.0336,754.613,861.595,27,3276,0,25,24,24,0,3276.7,0,80,13/12/2024 14:04
3145,0,11.8515,24.443,810.723,806.732,26,26,25,26,26,25,0,0.0339,860.598,8171.31,8171.31,806.732,3277,30,3276.7,29.1,29.1,30,30,118.515,0.0336,756.109,860.598,27,3276,0,25,24,24,0,3276.7,0,80,13/12/2024 14:04
3146,0,11.8515,24.4394,809.974,806.982,26,26,25,26,26,25,0,0.0339,860.348,8171.31,8171.31,806.982,3277,30,3276.7,29.1,29.1,30,30,118.515,0.0338,756.358,860.348,27,3276,0,25,24,24,0,3276.7,0,80,13/12/2024 14:04
3147,0,11.8515,24.4358,810.723,805.735,26,26,25,26,26,25,0,0.0339,860.348,8171.31,8171.31,805.735,3277,30,3276.7,29.1,29.1,30,30,118.515,0.0329,752.618,860.348,27,3276,0,25,24,24,0,3276.7,0,80,13/12/2024 14:04
3148,0,11.8515,24.3526,810.723,805.735,26,26,25,26,26,25,0,0.0339,859.351,8171.31,8171.31,805.735,3277,30,3276.7,29.1,29.1,30,30,118.515,0.0334,756.109,859.351,27,3276,0,25,24,24,0,3276.7,0,80,13/12/2024 14:04
3149,0,11.8515,24.3453,811.221,806.732,26,26,25,26,26,25,0,0.0339,859.85,8171.31,8171.31,806.732,3277,30,3276.7,29.1,29.1,30,30,118.515,0.0331,752.618,859.85,27,3276,0,25,24,24,0,3276.7,0,80,13/12/2024 14:04
3150,0,11.8515,24.4394,811.72,806.234,26,26,25,26,26,25,0,0.0339,861.096,8171.31,8171.31,806.234,3277,30,3276.7,29.1,29.1,30,30,118.515,0.0331,755.112,861.096,27,3276,0,25,24,24,0,3276.7,0,80,13/12/2024 14:04
3151,0,11.8515,24.443,811.221,805.735,26,26,25,26,26,25,0,0.0339,861.595,8171.31,8171.31,805.735,3277,30,3276.7,29.1,29.1,30,30,118.515,0.0338,754.613,861.595,27,3276,0,25,24,24,0,3276.7,0,80,13/12/2024 14:04
3152,0,11.8515,24.4502,812.468,807.231,26,26,25,26,26,25,0,0.0339,861.845,8171.31,8171.31,807.231,3277,30,3276.7,29.1,29.1,30,30,118.515,0.0334,754.363,861.845,27,3276,0,25,24,24,0,3276.7,0,80,13/12/2024 14:04
3153,0,11.8515,24.4394,813.466,806.732,26,26,25,26,26,25,0,0.0339,861.845,8171.31,8171.31,806.732,3277,30,3276.7,29.1,29.1,30,30,118.515,0.0329,757.107,861.845,27,3276,0,25,24,24,0,3276.7,0,80,13/12/2024 14:04
3154,0,11.8515,24.4394,812.468,806.732,26,26,25,26,26,25,0,0.0339,861.595,8171.31,8171.31,806.732,3277,30,3276.7,29.1,29.1,30,30,118.515,0.0331,752.368,861.595,27,3276,0,25,24,24,0,3276.7,0,80,13/12/2024 14:04
3155,0,11.8515,24.443,812.468,806.732,26,26,25,26,26,25,0,0.0339,861.595,8171.31,8171.31,806.732,3277,30,3276.7,29.1,29.1,30,30,118.515,0.0331,756.109,861.595,27,3276,0,25,24,24,0,3276.7,0,80,13/12/2024 14:04
3156,0,11.8515,24.4502,812.219,806.234,26,26,25,26,26,25,0,0.0339,862.094,8171.31,8171.31,806.234,3277,30,3276.7,29.1,29.1,30,30,118.515,0.033,752.618,862.094,27,3276,0,25,24,24,0,3276.7,0,80,13/12/2024 14:04
3157,0,11.8515,24.4394,812.967,807.231,26,26,25,26,26,25,0,0.0339,860.348,8171.31,8171.31,807.231,3277,30,3276.7,29.1,29.1,30,30,118.515,0.0332,756.358,860.348,27,3276,0,25,24,24,0,3276.7,0,80,13/12/2024 14:04
3158,0,11.8515,24.4538,812.468,806.234,26,26,25,26,26,25,0,0.0339,859.351,8171.31,8171.31,806.234,3277,30,3276.7,29.1,29.1,30,30,118.515,0.0332,753.117,859.351,27,3276,0,25,24,24,0,3276.7,0,80,13/12/2024 14:04
3159,0,11.8515,24.443,812.468,806.982,26,26,25,26,26,25,0,0.0339,859.6,8171.31,8171.31,806.982,3277,30,3276.7,29.1,29.1,30,30,118.515,0.0313,755.112,859.6,27,3276,0,25,24,24,0,3276.7,0,80,13/12/2024 14:04
3160,0,11.8515,24.4575,812.468,806.234,26,26,25,26,26,25,0,0.0339,859.6,8171.31,8171.31,806.234,3277,30,3276.7,29.1,29.1,30,30,118.515,0.0312,753.117,859.6,27,3276,0,25,24,24,0,3276.7,0,80,13/12/2024 14:04
3161,0,11.8515,24.4538,812.967,806.234,26,26,25,26,26,25,0,0.0339,859.6,8171.31,8171.31,806.234,3277,30,3276.7,29.1,29.1,30,30,118.515,0.0309,755.112,859.6,27,3276,0,25,24,24,0,3276.7,0,80,13/12/2024 14:04
3162,0,11.8515,24.4358,812.468,805.735,26,26,25,26,26,25,0,0.0339,860.598,8171.31,8171.31,805.735,3277,30,3276.7,29.1,29.1,30,30,118.515,0.0313,753.117,860.598,27,3276,0,25,24,24,0,3276.7,0,80,13/12/2024 14:04
3163,0,11.8515,24.4502,813.216,806.234,26,26,25,26,26,25,0,0.0339,860.348,8171.31,8171.31,806.234,3277,30,3276.7,29.1,29.1,30,30,118.515,0.0313,754.613,860.348,27,3276,0,25,24,24,0,3276.7,0,80,13/12/2024 14:04
3164,0,11.8515,24.443,812.967,805.486,26,26,25,26,26,25,0,0.0339,860.348,8171.31,8171.31,805.486,3277,30,3276.7,29.1,29.1,30,30,118.515,0.0307,754.363,860.348,27,3276,0,25,24,24,0,3276.7,0,80,13/12/2024 14:04
3165,0,11.8515,24.4394,813.216,805.486,26,26,25,26,26,25,0,0.0339,860.598,8171.31,8171.31,805.486,3277,30,3276.7,29.1,29.1,30,30,118.515,0.0309,753.366,860.598,27,3276,0,25,24,24,0,3276.7,0,80,13/12/2024 14:04
3166,0,11.8515,24.4575,808.478,805.984,26,26,25,26,26,25,0,0.0339,859.85,8171.31,8171.31,805.984,3277,30,3276.7,29.1,29.1,30,30,118.515,0.0309,755.112,859.85,27,3276,0,25,24,24,0,3276.7,0,80,13/12/2024 14:05
3167,0,11.8515,24.443,804.987,806.234,26,26,25,26,26,25,0,0.0339,860.847,8171.31,8171.31,806.234,3277,30,3276.7,29.1,29.1,30,30,118.515,0.0313,753.117,860.847,27,3276,0,25,24,24,0,3276.7,0,80,13/12/2024 14:05
3168,0,11.8515,24.4394,803.491,805.735,26,26,25,26,26,25,0,0.0339,861.595,8171.31,8171.31,805.735,3277,30,3276.7,29.1,29.1,30,30,118.515,0.0313,755.112,861.595,27,3276,0,25,24,24,0,3276.7,0,80,13/12/2024 14:05
3169,0,11.8515,24.4358,803.491,806.732,26,26,25,26,26,25,0,0.0339,861.845,8171.31,8171.31,806.732,3277,30,3276.7,29.1,29.1,30,30,118.515,0.0313,752.618,861.845,27,3276,0,25,24,24,0,3276.7,0,80,13/12/2024 14:05
3170,0,11.8515,24.3417,802.493,805.486,26,26,25,26,26,25,0,0.0339,861.595,8171.31,8171.31,805.486,3277,30,3276.7,29.1,29.1,30,30,118.515,0.0313,755.112,861.595,27,3276,0,25,24,24,0,3276.7,0,80,13/12/2024 14:05
3171,0,11.8515,24.3417,802.244,805.486,26,26,25,26,26,25,0,0.0339,860.847,8171.31,8171.31,805.486,3277,30,3276.7,29.1,29.1,30,30,118.515,0.0313,752.119,860.847,27,3276,0,25,24,24,0,3276.7,0,80,13/12/2024 14:05
3172,0,11.8515,24.4358,802.493,805.984,26,26,25,26,26,25,0,0.0339,861.595,8171.31,8171.31,805.984,3277,30,3276.7,29.1,29.1,30,30,118.515,0.0312,755.112,861.595,27,3276,0,25,24,24,0,3276.7,0,80,13/12/2024 14:05
3173,0,11.8515,24.4502,802.493,805.984,26,26,25,26,26,25,0,0.0341,861.595,8171.31,8171.31,805.984,3277,30,3276.7,29.1,29.1,30,30,118.515,0.031,752.368,861.595,27,3276,0,25,24,24,0,3276.7,0,80,13/12/2024 14:05
3174,0,11.8515,24.3417,802.493,806.234,26,26,25,26,26,25,0,0.0341,862.343,8171.31,8171.31,806.234,3277,30,3276.7,29.1,29.1,30,30,118.515,0.031,755.112,862.343,27,3276,0,25,24,24,0,3276.7,0,80,13/12/2024 14:05
3175,0,11.8515,24.3417,802.493,805.735,26,26,25,26,26,25,0,0.0341,862.343,8171.31,8171.31,805.735,3277,30,3276.7,29.1,29.1,30,30,118.515,0.0312,751.371,862.343,27,3276,0,25,24,24,0,3276.7,0,80,13/12/2024 14:05
3176,0,11.8515,24.3453,802.493,806.732,26,26,25,26,26,25,0,0.0341,862.094,8171.31,8171.31,806.732,3277,30,3276.7,29.1,29.1,30,30,118.515,0.0316,755.61,862.094,27,3276,0,25,24,24,0,3276.7,0,80,13/12/2024 14:05
3177,0,11.8515,24.3453,802.493,807.231,26,26,25,26,26,25,0,0.0341,862.094,8171.31,8171.31,807.231,3277,30,3276.7,29.1,29.1,30,30,118.515,0.0312,751.371,862.094,27,3276,0,25,24,24,0,3276.7,0,80,13/12/2024 14:05
3178,0,11.8515,24.4358,802.493,806.982,26,26,25,26,26,25,0,0.0341,861.845,8171.31,8171.31,806.982,3277,30,3276.7,29.1,29.1,30,30,118.515,0.0313,755.112,861.845,27,3276,0,25,24,24,0,3276.7,0,80,13/12/2024 14:05
3179,0,11.8515,24.4575,802.493,806.982,26,26,25,26,26,25,0,0.0341,861.845,8171.31,8171.31,806.982,3277,30,3276.7,29.1,29.1,30,30,118.515,0.0313,750.124,861.845,27,3276,0,25,24,24,0,3276.7,0,80,13/12/2024 14:05
3180,0,11.8515,24.4538,802.493,805.735,26,26,25,26,26,25,0,0.0341,861.845,8171.31,8171.31,805.735,3277,30,3276.7,29.1,29.1,30,30,118.515,0.0313,755.112,861.845,27,3276,0,25,24,24,0,3276.7,0,80,13/12/2024 14:05
3181,0,11.8515,24.4502,802.493,805.984,26,26,25,26,26,25,0,0.0341,862.094,8171.31,8171.31,805.984,3277,30,3276.7,29.1,29.1,30,30,118.515,0.032,751.122,862.094,27,3276,0,25,24,24,0,3276.7,0,80,13/12/2024 14:05
3182,0,11.8515,24.4502,802.493,805.486,26,26,25,26,26,25,0,0.0341,861.845,8171.31,8171.31,805.486,3277,30,3276.7,29.1,29.1,30,30,118.515,0.032,755.61,861.845,27,3276,0,25,24,24,0,3276.7,0,80,13/12/2024 14:05
3183,0,11.8515,24.4502,801.994,806.234,26,26,25,26,26,25,0,0.0341,860.348,8171.31,8171.31,806.234,3277,30,3276.7,29.1,29.1,30,30,118.515,0.0312,751.87,860.348,27,3276,0,25,24,24,0,3276.7,0,80,13/12/2024 14:05
3184,0,11.8515,24.4358,802.493,806.234,26,26,25,26,26,25,0,0.0341,860.598,8171.31,8171.31,806.234,3277,30,3276.7,29.1,29.1,30,30,118.515,0.032,755.112,860.598,27,3276,0,25,24,24,0,3276.7,0,80,13/12/2024 14:05
3185,0,11.8515,24.4502,802.992,805.984,26,26,25,26,26,25,0,0.0341,859.85,8171.31,8171.31,805.984,3277,30,3276.7,29.1,29.1,30,30,118.515,0.0312,750.623,859.85,27,3276,0,25,24,24,0,3276.7,0,80,13/12/2024 14:05
3186,0,11.8515,24.443,802.992,806.234,26,26,25,26,26,25,0,0.0341,859.85,8171.31,8171.31,806.234,3277,30,3276.7,29.1,29.1,30,30,118.515,0.0315,754.613,859.85,27,3276,0,25,24,24,0,3276.7,0,80,13/12/2024 14:05
3187,0,11.8515,24.4394,802.244,805.735,26,26,25,26,26,25,0,0.0341,859.6,8171.31,8171.31,805.735,3277,30,3276.7,29.1,29.1,30,30,118.515,0.0315,752.618,859.6,27,3276,0,25,24,24,0,3276.7,0,80,13/12/2024 14:05
3188,0,11.8515,24.443,802.493,806.234,26,26,25,26,26,25,0,0.0341,860.598,8171.31,8171.31,806.234,3277,30,3276.7,29.1,29.1,30,30,118.515,0.0313,754.613,860.598,27,3276,0,25,24,24,0,3276.7,0,80,13/12/2024 14:05
3189,0,11.8515,24.4502,802.493,806.982,26,26,25,26,26,25,0,0.0341,859.6,8171.31,8171.31,806.982,3277,30,3276.7,29.1,29.1,30,30,118.515,0.0311,752.368,859.6,27,3276,0,25,24,24,0,3276.7,0,80,13/12/2024 14:05
3190,0,11.8515,24.4502,802.493,806.234,26,26,25,26,26,25,0,0.0341,860.598,8171.31,8171.31,806.234,3277,30,3276.7,29.1,29.1,30,30,118.515,0.0311,753.117,860.598,27,3276,0,25,24,24,0,3276.7,0,80,13/12/2024 14:05
3191,0,11.8515,24.4538,802.493,806.234,26,26,25,26,26,25,0,0.0341,859.85,8171.31,8171.31,806.234,3277,30,3276.7,29.1,29.1,30,30,118.515,0.0318,753.366,859.85,27,3276,0,25,24,24,0,3276.7,0,80,13/12/2024 14:05
3192,0,11.8515,24.443,802.493,805.984,26,26,25,26,26,25,0,0.0341,861.096,8171.31,8171.31,805.984,3277,30,3276.7,29.1,29.1,30,30,118.515,0.0314,751.87,861.096,27,3276,0,25,24,24,0,3276.7,0,80,13/12/2024 14:05
3193,0,11.8515,24.443,802.493,807.231,26,26,25,26,26,25,0,0.0341,861.595,8171.31,8171.31,807.231,3277,30,3276.7,29.1,29.1,30,30,118.515,0.0314,754.363,861.595,27,3276,0,25,24,24,0,3276.7,0,80,13/12/2024 14:05
3194,0,11.8515,24.4538,802.992,805.735,26,26,25,26,26,25,0,0.0341,860.598,8171.31,8171.31,805.735,3277,30,3276.7,29.1,29.1,30,30,118.515,0.0314,751.87,860.598,27,3276,0,25,24,24,0,3276.7,0,80,13/12/2024 14:05
3195,0,11.8515,24.4502,802.493,805.486,26,26,25,26,26,25,0,0.0341,861.096,8171.31,8171.31,805.486,3277,30,3276.7,29.1,29.1,30,30,118.515,0.0314,754.613,861.096,27,3276,0,25,24,24,0,3276.7,0,80,13/12/2024 14:05
3196,0,11.8515,24.3453,802.493,806.732,26,26,25,26,26,25,0,0.0341,861.845,8171.31,8171.31,806.732,3277,30,3276.7,29.1,29.1,30,30,118.515,0.0315,750.872,861.845,27,3276,0,25,24,24,0,3276.7,0,80,13/12/2024 14:05
3197,0,11.8515,24.3309,801.745,806.732,26,26,25,26,26,25,0,0.0341,862.094,8171.31,8171.31,806.732,3277,30,3276.7,29.1,29.1,30,30,118.515,0.0315,754.862,862.094,27,3276,0,25,24,24,0,3276.7,0,80,13/12/2024 14:05
3198,0,11.8515,24.3526,802.493,805.984,26,26,25,26,26,25,0,0.0341,862.094,8171.31,8171.31,805.984,3277,30,3276.7,29.1,29.1,30,30,118.515,0.0315,751.122,862.094,27,3276,0,25,24,24,0,3276.7,0,80,13/12/2024 14:05
3199,0,11.8515,24.349,802.493,805.984,26,26,25,26,26,25,0,0.0341,862.094,8171.31,8171.31,805.984,3277,30,3276.7,29.1,29.1,30,30,118.515,0.0313,753.615,862.094,27,3276,0,25,24,24,0,3276.7,0,80,13/12/2024 14:05
3200,0,11.8515,24.349,802.244,806.234,26,26,25,26,26,25,0,0.0341,861.845,8171.31,8171.31,806.234,3277,30,3276.7,29.1,29.1,30,30,118.515,0.0313,749.625,861.845,27,3276,0,25,24,24,0,3276.7,0,80,13/12/2024 14:05
3201,0,11.8515,24.3526,802.244,805.735,26,26,25,26,26,25,0,0.0341,862.094,8171.31,8171.31,805.735,3277,30,3276.7,29.1,29.1,30,30,118.515,0.0313,754.862,862.094,27,3276,0,25,24,24,0,3276.7,0,80,13/12/2024 14:05
3202,0,11.8515,24.443,802.493,805.486,26,26,25,26,26,25,0,0.0342,862.094,8171.31,8171.31,805.486,3277,30,3276.7,29.1,29.1,30,30,118.515,0.0315,749.875,862.094,27,3276,0,25,24,24,0,3276.7,0,80,13/12/2024 14:05
3203,0,11.8515,24.4502,802.493,806.732,26,26,25,26,26,25,0,0.034,862.094,8171.31,8171.31,806.732,3277,30,3276.7,29.1,29.1,30,30,118.515,0.0315,754.862,862.094,27,3276,0,25,24,24,0,3276.7,0,80,13/12/2024 14:05
3204,0,11.8515,24.4502,802.244,805.735,26,26,25,26,26,25,0,0.034,861.845,8171.31,8171.31,805.735,3277,30,3276.7,29.1,29.1,30,30,118.515,0.0318,749.875,861.845,27,3276,0,25,24,24,0,3276.7,0,80,13/12/2024 14:05
3205,0,11.8515,24.4502,801.994,805.984,26,26,25,26,26,25,0,0.034,861.595,8171.31,8171.31,805.984,3277,30,3276.7,29.1,29.1,30,30,118.515,0.0312,753.615,861.595,27,3276,0,25,24,24,0,3276.7,0,80,13/12/2024 14:05
3206,0,11.8515,24.349,802.244,806.234,26,26,25,26,26,25,0,0.034,861.595,8171.31,8171.31,806.234,3277,30,3276.7,29.1,29.1,30,30,118.515,0.0312,749.875,861.595,27,3276,0,25,24,24,0,3276.7,0,80,13/12/2024 14:05
3207,0,11.8515,24.3453,802.493,806.234,26,26,25,26,26,25,0,0.034,861.595,8171.31,8171.31,806.234,3277,30,3276.7,29.1,29.1,30,30,118.515,0.0316,753.615,861.595,27,3276,0,25,24,24,0,3276.7,0,80,13/12/2024 14:05
3208,0,11.8515,24.443,801.994,805.486,26,26,25,26,26,25,0,0.034,861.595,8171.31,8171.31,805.486,3277,30,3276.7,29.1,29.1,30,30,118.515,0.0314,750.623,861.595,27,3276,0,25,24,24,0,3276.7,0,80,13/12/2024 14:05
3209,0,11.8515,24.4358,802.493,805.984,26,26,25,26,26,25,0,0.034,861.096,8171.31,8171.31,805.984,3277,30,3276.7,29.1,29.1,30,30,118.515,0.0314,753.366,861.096,27,3276,0,25,24,24,0,3276.7,0,80,13/12/2024 14:05
3210,0,11.8515,24.349,802.493,806.234,26,26,25,26,26,25,0,0.034,861.096,8171.31,8171.31,806.234,3277,30,3276.7,29.1,29.1,30,30,118.515,0.0314,752.119,861.096,27,3276,0,25,24,24,0,3276.7,0,80,13/12/2024 14:05
3211,0,11.8515,24.3417,802.493,805.486,26,26,25,26,26,25,0,0.034,862.094,8171.31,8171.31,805.486,3277,30,3276.7,29.1,29.1,30,30,118.515,0.0314,751.371,862.094,27,3276,0,25,24,24,0,3276.7,0,80,13/12/2024 14:05
3212,0,11.8515,24.3453,802.493,805.735,26,26,25,26,26,25,0,0.034,862.094,8171.31,8171.31,805.735,3277,30,3276.7,29.1,29.1,30,30,118.515,0.0314,752.368,862.094,27,3276,0,25,24,24,0,3276.7,0,80,13/12/2024 14:05
3213,0,11.8515,24.349,802.244,805.486,26,26,25,26,26,25,0,0.034,862.094,8171.31,8171.31,805.486,3277,30,3276.7,29.1,29.1,30,30,118.515,0.0309,750.872,862.094,27,3276,0,25,24,24,0,3276.7,0,80,13/12/2024 14:05
3214,0,11.8515,24.4394,802.493,804.987,26,26,25,26,26,25,0,0.034,861.845,8171.31,8171.31,804.987,3277,30,3276.7,29.1,29.1,30,30,118.515,0.0309,752.618,861.845,27,3276,0,25,24,24,0,3276.7,0,80,13/12/2024 14:05
3215,0,11.8515,24.443,802.493,805.984,26,26,25,26,26,25,0,0.034,861.845,8171.31,8171.31,805.984,3277,30,3276.7,29.1,29.1,30,30,118.515,0.0425,749.625,861.845,27,3276,0,25,24,24,0,3276.7,0,80,13/12/2024 14:05
3216,0,11.8515,24.3453,802.244,804.987,26,26,25,26,26,25,0,0.034,861.845,8171.31,8171.31,804.987,3277,30,3276.7,29.1,29.1,30,30,118.515,0.045,751.122,861.845,27,3276,0,25,24,24,0,3276.7,0,80,13/12/2024 14:05
3217,0,11.8515,24.3598,802.493,801.994,26,26,25,26,26,25,0,0.034,859.6,8171.31,8171.31,801.994,3277,30,3276.7,29.1,29.1,30,30,118.515,0.045,745.885,859.6,27,3276,0,25,24,24,0,3276.7,0,80,13/12/2024 14:05
3218,0,11.8515,24.3453,802.493,802.493,26,26,25,26,26,25,0,0.034,858.104,8171.31,8171.31,802.493,3277,30,3276.7,29.1,29.1,30,30,118.515,0.0467,750.623,858.104,27,3276,0,25,24,24,0,3276.7,0,80,13/12/2024 14:05
3219,0,11.8515,24.3417,802.493,802.493,26,26,25,26,26,25,0,0.034,857.107,8171.31,8171.31,802.493,3277,30,3276.7,29.1,29.1,30,30,118.515,0.0467,746.882,857.107,27,3276,0,25,24,24,0,3276.7,0,80,13/12/2024 14:05
3220,0,11.8515,24.3598,802.493,802.992,26,26,25,26,26,25,0,0.034,858.353,8171.31,8171.31,802.992,3277,30,3276.7,29.1,29.1,30,30,118.515,0.0464,750.124,858.353,27,3276,0,25,24,24,0,3276.7,0,80,13/12/2024 14:05
3221,0,11.8515,24.3526,802.244,802.493,26,26,25,26,26,25,0,0.034,857.855,8171.31,8171.31,802.493,3277,30,3276.7,29.1,29.1,30,30,118.515,0.0465,747.63,857.855,27,3276,0,25,24,24,0,3276.7,0,80,13/12/2024 14:05
3222,0,11.8515,24.4502,802.992,802.992,26,26,25,26,26,25,0,0.034,857.107,8171.31,8171.31,802.992,3277,30,3276.7,29.1,29.1,30,30,118.515,0.0465,750.124,857.107,27,3276,0,25,24,24,0,3276.7,0,80,13/12/2024 14:05
3223,0,11.8515,24.443,802.992,802.493,26,26,25,26,26,25,0,0.034,857.356,8171.31,8171.31,802.493,3277,30,3276.7,29,29,30,30,118.515,0.0473,747.63,857.356,27,3276,0,25,24,24,0,3276.7,0,80,13/12/2024 14:05
3224,0,11.8515,24.443,802.493,802.493,26,26,25,26,26,25,0,0.034,858.104,8171.31,8171.31,802.493,3277,30,3276.7,29.1,29.1,30,30,118.515,0.0464,747.63,858.104,27,3276,0,25,24,24,0,3276.7,0,80,13/12/2024 14:05
3225,0,11.8515,24.4394,802.493,802.244,26,26,25,26,26,25,0,0.034,857.855,8171.31,8171.31,802.244,3277,30,3276.7,29.1,29.1,30,30,118.515,0.0327,748.628,857.855,27,3276,0,25,24,24,0,3276.7,0,80,13/12/2024 14:05
3226,0,11.8515,24.3417,802.493,802.493,26,26,25,26,26,25,0,0.034,858.104,8171.31,8171.31,802.493,3277,30,3276.7,29,29,30,30,118.515,0.0322,749.625,858.104,27,3276,0,25,24,24,0,3276.7,0,80,13/12/2024 14:06
3227,0,11.8515,24.349,802.493,802.992,26,26,25,26,26,25,0,0.034,858.353,8171.31,8171.31,802.992,3277,30,3276.7,29,29,30,30,118.515,0.0322,747.63,858.353,27,3276,0,25,24,24,0,3276.7,0,80,13/12/2024 14:06
3228,0,11.8515,24.4502,802.493,802.493,26,26,25,26,26,25,0,0.034,859.351,8171.31,8171.31,802.493,3277,30,3276.7,29.1,29.1,30,30,118.515,0.0322,748.628,859.351,27,3276,0,25,24,24,0,3276.7,0,80,13/12/2024 14:06
3229,0,11.8515,24.4575,802.493,802.493,26,26,25,26,26,25,0,0.034,859.101,8171.31,8171.31,802.493,3277,30,3276.7,29.1,29.1,30,30,118.515,0.0322,746.383,859.101,27,3276,0,25,24,24,0,3276.7,0,80,13/12/2024 14:06
3230,0,11.8515,24.4502,802.493,657.855,26,26,25,26,26,25,0,0.034,849.875,8171.31,8171.31,657.855,3277,30,3276.7,29.1,29.1,30,30,118.515,0.0322,741.146,849.875,27,3276,0,25,24,24,0,3276.7,0,80,13/12/2024 14:06
3231,0,11.8515,24.4394,802.493,642.393,26,26,25,26,26,25,0,0.034,829.924,8171.31,8171.31,642.393,3277,30,3276.7,29,29,30,30,118.515,0.0319,717.705,829.924,27,3276,0,25,24,24,0,3276.7,0,80,13/12/2024 14:06
3232,0,11.8515,24.4502,802.992,625.935,26,26,25,26,26,25,0,6.0656,812.468,8171.31,8171.31,625.935,3277,30,3276.7,29,29,30,30,118.515,0.0321,701.994,812.468,27,3276,0,25,24,24,0,3276.7,0,80,13/12/2024 14:06
3233,0,11.8515,24.443,802.244,611.221,26,26,25,26,26,25,0,6.1681,793.017,8171.31,8171.31,611.221,3277,30,3276.7,29,29,30,30,118.515,0.0319,679.8,793.017,27,3276,0,25,24,24,0,3276.7,0,80,13/12/2024 14:06
3234,0,11.8515,24.3598,802.992,597.755,26,26,25,26,26,25,0,6.1681,775.56,8171.31,8171.31,597.755,3277,30,3276.7,29,29,30,30,118.515,0.0323,666.334,775.56,27,3276,0,25,24,24,0,3276.7,0,80,13/12/2024 14:06
3235,0,11.8515,24.3526,801.994,584.039,26,26,25,26,26,25,0,6.1681,758.353,8171.31,8171.31,584.039,3277,30,3276.7,29,29,30,30,118.515,0.0323,646.383,758.353,27,3276,0,25,24,24,0,3276.7,0,80,13/12/2024 14:06
3236,0,11.8515,24.3417,802.244,571.321,26,26,25,26,26,25,0,6.1681,742.144,8171.31,8171.31,571.321,3277,30,3276.7,29,29,30,30,118.515,0.0325,634.164,742.144,27,3276,0,25,24,24,0,3276.7,0,80,13/12/2024 14:06
3237,0,11.8515,24.349,801.994,558.852,26,26,25,26,26,25,0,6.1681,727.68,8171.31,8171.31,558.852,3277,30,3276.7,29,29,30,30,118.515,0.0323,614.962,727.68,27,3276,0,25,24,24,0,3276.7,0,80,13/12/2024 14:06
3238,0,11.8515,24.349,801.246,546.633,26,26,25,26,26,25,0,6.1681,712.718,8171.31,8171.31,546.633,3277,30,3276.7,29,29,30,30,118.515,0.0323,605.236,712.718,27,3276,0,25,24,24,0,3276.7,0,80,13/12/2024 14:06
3239,0,11.8515,24.349,801.994,534.912,26,26,25,26,26,25,0,6.1681,697.506,8171.31,8171.31,534.912,3277,30,3276.7,29,29,30,30,118.515,0.0323,586.034,697.506,27,3276,0,25,24,24,0,3276.7,0,80,13/12/2024 14:06
3240,0,11.8515,24.4502,802.992,522.942,26,26,25,26,26,25,0,6.1681,683.541,8171.31,8171.31,522.942,3277,30,3276.7,29,29,30,30,118.515,0.0323,576.309,683.541,27,3276,0,25,24,24,0,3276.7,0,80,13/12/2024 14:06
3241,0,11.8515,24.443,802.493,511.471,26,26,25,26,26,25,0,6.1681,670.324,8171.31,8171.31,511.471,3277,30,3276.7,29,29,30,30,118.515,0.0324,558.603,670.324,27,3276,0,25,24,24,0,3276.7,0,80,13/12/2024 14:06
3242,0,11.8515,24.349,801.994,501.745,26,26,25,26,26,25,0,6.1681,657.356,8171.31,8171.31,501.745,3277,30,3276.7,29,29,30,30,118.515,0.0322,550.124,657.356,27,3276,0,25,24,24,0,3276.7,0,80,13/12/2024 14:06
3243,0,11.8515,24.349,801.246,491.271,26,26,25,26,26,25,0,6.1681,643.64,8171.31,8171.31,491.271,3277,30,3276.7,29,29,30,30,118.515,0.0322,531.92,643.64,27,3276,0,25,24,24,0,3276.7,0,80,13/12/2024 14:06
3244,0,11.8515,24.3453,802.244,481.296,26,26,25,26,26,25,0,6.1681,631.67,8171.31,8171.31,481.296,3277,30,3276.7,29,29,30,30,118.515,0.0328,524.189,631.67,27,3276,0,25,24,24,0,3276.7,0,80,13/12/2024 14:06
3245,0,11.8515,24.3453,801.994,470.823,26,26,25,26,26,25,0,6.1681,618.952,8171.31,8171.31,470.823,3277,30,3276.7,29,29,30,30,118.515,0.0324,507.98,618.952,27,3276,0,25,24,24,0,3276.7,0,80,13/12/2024 14:06
3246,0,11.8515,24.4502,802.244,461.346,26,26,25,26,26,25,0,6.1681,607.231,8171.31,8171.31,461.346,3277,30,3276.7,29,29,30,30,118.515,0.0324,500.249,607.231,27,3276,0,25,24,24,0,3276.7,0,80,13/12/2024 14:06
3247,0,11.8515,24.443,802.244,450.623,26,26,25,26,26,25,0,6.1681,595.511,8171.31,8171.31,450.623,3277,30,3276.7,29,29,30,30,118.515,0.0323,485.536,595.511,27,3276,0,25,24,24,0,3276.7,0,80,13/12/2024 14:06
3248,0,11.8515,24.4394,802.493,440.897,26,26,25,26,26,25,0,6.1681,583.541,8171.31,8171.31,440.897,3277,30,3276.7,29,29,30,30,118.515,0.0323,475.81,583.541,27,3276,0,25,24,24,0,3276.7,0,80,13/12/2024 14:06
3249,0,11.8515,24.4502,802.992,431.421,26,26,25,26,26,25,0,6.1681,573.067,8171.31,8171.31,431.421,3277,30,3276.7,29,29,30,30,118.515,0.0324,463.092,573.067,27,3276,0,25,24,24,0,3276.7,0,80,13/12/2024 14:06
3250,0,11.8515,24.4394,801.994,422.693,26,26,25,26,26,25,0,6.1681,563.591,8171.31,8171.31,422.693,3277,30,3276.7,29,29,30,30,118.515,0.0323,451.621,563.591,27,3276,0,25,24,24,0,3276.7,0,80,13/12/2024 14:06
3251,0,11.8515,24.4394,801.745,414.214,26,26,25,26,26,25,0,6.1681,553.117,8171.31,8171.31,414.214,3277,30,3276.7,29,29,30,30,118.515,0.0323,443.89,553.117,27,3276,0,25,24,24,0,3276.7,0,80,13/12/2024 14:06
3252,0,11.8515,24.3417,801.246,404.488,26,26,25,26,26,25,0,6.1681,542.643,8171.31,8171.31,404.488,3277,30,3276.7,29,29,30,30,118.515,0.0329,429.177,542.643,27,3276,0,25,24,24,0,3276.7,0,80,13/12/2024 14:06
3253,0,11.8515,24.3453,800.747,396.508,26,26,25,26,26,25,0,6.1681,531.172,8171.31,8171.31,396.508,3277,30,3276.7,29,29,30,30,118.515,0.0319,423.441,531.172,27,3276,0,25,24,24,0,3276.7,0,80,13/12/2024 14:06
3254,0,11.8515,24.443,799.999,387.032,26,26,25,26,26,25,0,6.1681,519.95,8171.31,8171.31,387.032,3277,30,3276.7,29,29,30,30,118.515,0.0319,411.471,519.95,27,3276,0,25,24,24,0,3276.7,0,80,13/12/2024 14:06
3255,0,11.8515,24.4538,797.506,379.551,26,26,25,26,26,25,0,6.1681,509.476,8171.31,8171.31,379.551,3277,30,3276.7,29,29,30,30,118.515,0.0324,400.498,509.476,27,3276,0,25,24,24,0,3276.7,0,80,13/12/2024 14:06
3256,0,11.8515,24.3453,796.259,371.571,26,26,25,26,26,25,0,6.1681,501.246,8171.31,8171.31,371.571,3277,30,3276.7,29,29,30,30,118.515,0.0318,392.768,501.246,27,3276,0,25,24,24,0,3276.7,0,80,13/12/2024 14:06
3257,0,11.8515,24.349,795.012,364.089,26,26,25,26,26,25,0,6.1681,492.768,8171.31,8171.31,364.089,3277,30,3276.7,29,29,30,30,118.515,0.0326,381.047,492.768,27,3276,0,25,24,24,0,3276.7,0,80,13/12/2024 14:06
3258,0,11.8515,24.3453,792.518,356.858,26,26,25,26,26,25,0,6.1681,483.291,8171.31,8171.31,356.858,3277,30,3276.7,29,29,30,30,118.515,0.0323,372.069,483.291,27,3276,0,25,24,24,0,3276.7,0,80,13/12/2024 14:06
3259,0,11.8515,24.349,792.019,349.376,26,26,25,26,26,25,0,6.1681,475.311,8171.31,8171.31,349.376,3277,30,3276.7,29,29,30,30,118.515,0.0323,364.838,475.311,27,3276,0,25,24,24,0,3276.7,0,80,13/12/2024 14:06
3260,0,11.8515,24.4502,792.019,342.394,26,26,25,26,26,25,0,6.1681,463.84,8171.31,8171.31,342.394,3277,30,3276.7,29,29,30,30,118.515,0.0325,354.364,463.84,27,3276,0,25,24,24,0,3276.7,0,80,13/12/2024 14:06
3261,0,11.8515,24.4394,791.77,334.912,26,26,25,26,26,25,0,6.1681,455.361,8171.31,8171.31,334.912,3277,30,3276.7,29,29,30,30,118.515,0.032,346.633,455.361,27,3276,0,25,24,24,0,3276.7,0,80,13/12/2024 14:06
3262,0,11.8515,24.3453,790.523,328.179,26,26,25,26,26,25,0,6.1681,446.633,8171.31,8171.31,328.179,3277,30,3276.7,29,29,30,30,118.515,0.032,339.9,446.633,27,3276,0,25,24,24,0,3276.7,0,80,13/12/2024 14:06
3263,0,11.8515,24.3453,791.022,321.945,26,26,25,26,26,25,0,6.1681,440.399,8171.31,8171.31,321.945,3277,30,3276.7,29,29,30,30,118.515,0.0318,329.925,440.399,27,3276,0,25,24,24,0,3276.7,0,80,13/12/2024 14:06
3264,0,11.8515,24.4502,792.518,314.464,26,26,25,26,26,25,0,6.1681,430.922,8171.31,8171.31,314.464,3277,30,3276.7,29,29,30,30,118.515,0.0322,321.197,430.922,27,3276,0,25,24,24,0,3276.7,0,80,13/12/2024 14:06
3265,0,11.8515,24.4502,793.266,307.481,26,26,25,26,26,25,0,6.1681,421.446,8171.31,8171.31,307.481,3277,30,3276.7,29,29,30,30,118.515,0.0322,314.962,421.446,27,3276,0,25,24,24,0,3276.7,0,80,13/12/2024 14:06
3266,0,11.8515,24.3453,793.516,301.247,26,26,25,26,26,25,0,6.1681,414.464,8171.31,8171.31,301.247,3277,30,3276.7,29,29,30,30,118.515,0.0327,306.982,414.464,27,3276,0,25,24,24,0,3276.7,0,80,13/12/2024 14:06
3267,0,11.8515,24.349,794.264,294.513,26,26,25,26,26,25,0,6.1681,407.98,8171.31,8171.31,294.513,3277,30,3276.7,29,29,30,30,118.515,0.0327,297.506,407.98,27,3276,0,25,24,24,0,3276.7,0,80,13/12/2024 14:06
3268,0,11.8515,24.443,794.762,288.778,26,26,25,26,26,25,0,6.1681,400.249,8171.31,8171.31,288.778,3277,30,3276.7,29,29,30,30,118.515,0.0324,291.77,400.249,27,3276,0,25,24,24,0,3276.7,0,80,13/12/2024 14:06
3269,0,11.8515,24.443,793.765,282.045,26,26,25,26,26,25,0,6.1681,391.77,8171.31,8171.31,282.045,3277,30,3276.7,29,29,30,30,118.515,0.0323,285.785,391.77,27,3276,0,25,24,24,0,3276.7,0,80,13/12/2024 14:06
3270,0,11.8515,24.443,794.513,276.309,26,26,25,26,26,25,0,6.1681,384.04,8171.31,8171.31,276.309,3277,30,3276.7,29,29,30,30,118.515,0.0323,275.561,384.04,27,3276,0,25,24,24,0,3276.7,0,80,13/12/2024 14:06
3271,0,11.8515,24.443,794.513,269.825,26,26,25,26,26,25,0,6.1681,377.057,8171.31,8171.31,269.825,3277,30,3276.7,29,29,30,30,118.515,0.0323,269.326,377.057,27,3276,0,25,24,24,0,3276.7,0,80,13/12/2024 14:06
3272,0,11.8515,24.3453,793.765,264.339,26,26,25,26,26,25,0,6.1681,371.571,8171.31,8171.31,264.339,3277,30,3276.7,29,29,30,30,118.515,0.0323,264.339,371.571,27,3276,0,25,24,24,0,3276.7,0,80,13/12/2024 14:06
3273,0,11.8515,24.3453,793.266,258.354,26,26,25,26,26,25,0,6.1681,364.339,8171.31,8171.31,258.354,3277,30,3276.7,29,29,30,30,118.515,0.032,254.863,364.339,27,3276,0,25,24,24,0,3276.7,0,80,13/12/2024 14:06
3274,0,11.8515,24.443,793.266,252.119,26,26,25,26,26,25,0,6.1681,356.858,8171.31,8171.31,252.119,3277,30,3276.7,29,29,30,30,118.515,0.0327,248.129,356.858,27,3276,0,25,24,24,0,3276.7,0,80,13/12/2024 14:06
3275,0,11.8515,24.4394,793.017,246.883,26,26,25,26,26,25,0,6.1681,350.374,8171.31,8171.31,246.883,3277,30,3276.7,29,29,30,30,118.515,0.0327,243.89,350.374,27,3276,0,25,24,24,0,3276.7,0,80,13/12/2024 14:06
3276,0,11.8515,24.4538,792.518,242.643,26,26,25,26,26,25,0,6.1681,345.386,8171.31,8171.31,242.643,3277,30,3276.7,29,29,30,30,118.515,0.0319,235.91,345.386,27,3276,0,25,24,24,0,3276.7,0,80,13/12/2024 14:06
3277,0,11.8515,24.4538,792.269,236.159,26,26,25,26,26,25,0,6.1681,340.648,8171.31,8171.31,236.159,3277,30,3276.7,29,29,30,30,118.515,0.0323,229.676,340.648,27,3276,0,25,24,24,0,3276.7,0,80,13/12/2024 14:06
3278,0,11.8515,24.4358,792.518,232.169,26,26,25,26,26,25,0,6.1681,333.167,8171.31,8171.31,232.169,3277,30,3276.7,29,29,30,30,118.515,0.0323,225.935,333.167,27,3276,0,25,24,24,0,3276.7,0,80,13/12/2024 14:06
3279,0,11.8515,24.4394,792.269,227.182,26,26,25,26,26,25,0,6.1681,327.431,8171.31,8171.31,227.182,3277,30,3276.7,29,29,30,30,118.515,0.0321,217.207,327.431,27,3276,0,25,24,24,0,3276.7,0,80,13/12/2024 14:06
3280,0,11.8515,24.3417,792.269,221.945,26,26,25,26,26,25,0,6.1681,319.7,8171.31,8171.31,221.945,3277,30,3276.7,29,29,30,30,118.515,0.0322,211.222,319.7,27,3276,0,25,24,24,0,3276.7,0,80,13/12/2024 14:06
3281,0,11.8515,24.3707,792.269,217.207,26,26,25,26,26,25,0,6.1681,314.713,8171.31,8171.31,217.207,3277,30,3276.7,29,29,30,30,118.515,0.0322,207.232,314.713,27,3276,0,25,24,24,0,3276.7,0,80,13/12/2024 14:06
3282,0,11.8515,24.4394,792.269,212.718,26,26,25,26,26,25,0,6.1681,308.728,8171.31,8171.31,212.718,3277,30,3276.7,29,29,30,30,118.515,0.0322,198.753,308.728,27,3276,0,25,24,24,0,3276.7,0,80,13/12/2024 14:06
3283,0,11.8515,24.443,791.022,208.728,26,26,25,26,26,25,0,6.1681,304.738,8171.31,8171.31,208.728,3277,30,3276.7,29,29,30,30,118.515,0.0322,195.012,304.738,27,3276,0,25,24,24,0,3276.7,0,80,13/12/2024 14:06
3284,0,11.8515,24.443,791.022,203.74,26,26,25,26,26,25,0,6.1681,299.252,8171.31,8171.31,203.74,3277,30,3276.7,29,29,30,30,118.515,0.0326,192.269,299.252,27,3276,0,25,24,24,0,3276.7,0,80,13/12/2024 14:06
3285,0,11.8515,24.4394,790.772,199.75,26,26,25,26,26,25,0,6.1681,293.516,8171.31,8171.31,199.75,3277,30,3276.7,29,29,30,30,118.515,0.0319,183.79,293.516,27,3276,0,25,24,24,0,3276.7,0,80,13/12/2024 14:06
3286,0,11.8515,24.3526,791.022,194.763,26,26,25,26,26,25,0,5.122,286.783,8171.31,8171.31,194.763,3277,30,3276.7,29,29,30,30,118.515,0.0319,182.294,286.783,27,3276,0,25,24,24,0,3276.7,0,80,13/12/2024 14:07
3287,0,11.8515,24.3309,791.271,190.773,26,26,25,26,26,25,0,5.0968,281.297,8171.31,8171.31,190.773,3277,30,3276.7,29,29,30,30,118.515,0.0328,174.813,281.297,27,3276,0,25,24,24,0,3276.7,0,80,13/12/2024 14:07
3288,0,11.8515,24.349,792.019,187.282,26,26,25,26,26,25,0,5.0968,276.06,8171.31,8171.31,187.282,3277,30,3276.7,29,29,30,30,118.515,0.0326,169.825,276.06,27,3276,0,25,24,24,0,3276.7,0,80,13/12/2024 14:07
3289,0,11.8515,24.3453,791.77,183.541,26,26,25,26,26,25,0,5.0968,271.82,8171.31,8171.31,183.541,3277,30,3276.7,29,29,30,30,118.515,0.0326,167.581,271.82,27,3276,0,25,24,24,0,3276.7,0,80,13/12/2024 14:07
3290,0,11.8515,24.4502,792.019,179.8,26,26,25,26,26,25,0,5.0968,267.581,8171.31,8171.31,179.8,3277,30,3276.7,29,29,30,30,118.515,0.0324,158.354,267.581,27,3276,0,25,24,24,0,3276.7,0,80,13/12/2024 14:07
3291,0,11.8515,24.4538,791.271,174.813,26,26,25,26,26,25,0,5.0968,265.087,8171.31,8171.31,174.813,3277,30,3276.7,29,29,30,30,118.515,0.0324,157.107,265.087,27,3276,0,25,24,24,0,3276.7,0,80,13/12/2024 14:07
3292,0,11.8515,24.3526,791.77,171.322,26,26,25,26,26,25,0,5.0968,259.601,8171.31,8171.31,171.322,3277,30,3276.7,29,29,30,30,118.515,0.0318,150.873,259.601,27,3276,0,25,24,24,0,3276.7,0,80,13/12/2024 14:07
3293,0,11.8515,24.349,791.022,167.83,26,26,25,26,26,25,0,5.0968,254.613,8171.31,8171.31,167.83,3277,30,3276.7,29,29,30,30,118.515,0.0318,147.381,254.613,27,3276,0,25,24,24,0,3276.7,0,80,13/12/2024 14:07
3294,0,11.8515,24.3417,791.022,163.342,26,26,25,26,26,25,0,5.0968,249.626,8171.31,8171.31,163.342,3277,30,3276.7,29,29,30,30,118.515,0.0318,143.641,249.626,27,3276,0,25,24,24,0,3276.7,0,80,13/12/2024 14:07
3295,0,11.8515,24.349,790.772,160.349,26,26,25,26,26,25,0,5.0968,243.89,8171.31,8171.31,160.349,3277,30,3276.7,29,29,30,30,118.515,0.0325,135.91,243.89,27,3276,0,25,24,24,0,3276.7,0,80,13/12/2024 14:07
3296,0,11.8515,24.349,791.022,156.608,26,26,25,26,26,25,0,5.0968,239.651,8171.31,8171.31,156.608,3277,30,3276.7,29,29,30,30,118.515,0.0323,135.91,239.651,27,3276,0,25,24,24,0,3276.7,0,80,13/12/2024 14:07
3297,0,11.8515,24.349,791.022,152.618,26,26,25,26,26,25,0,5.0968,235.661,8171.31,8171.31,152.618,3277,30,3276.7,29,29,30,30,118.515,0.0318,128.678,235.661,27,3276,0,25,24,24,0,3276.7,0,80,13/12/2024 14:07
3298,0,11.8515,24.349,790.772,149.626,26,26,25,26,26,25,0,5.0968,232.169,8171.31,8171.31,149.626,3277,30,3276.7,29,29,30,30,118.515,0.032,126.434,232.169,27,3276,0,25,24,24,0,3276.7,0,80,13/12/2024 14:07
3299,0,11.8515,24.3417,791.271,146.384,26,26,25,26,26,25,0,5.0968,228.678,8171.31,8171.31,146.384,3277,30,3276.7,29,29,30,30,118.515,0.032,122.943,228.678,27,3276,0,25,24,24,0,3276.7,0,80,13/12/2024 14:07
3300,0,11.8515,24.4502,792.518,142.643,26,26,25,26,26,25,0,5.0968,225.686,8171.31,8171.31,142.643,3277,30,3276.7,29,29,30,30,118.515,0.0323,116.708,225.686,27,3276,0,25,24,24,0,3276.7,0,80,13/12/2024 14:07
3301,0,11.8515,24.3598,791.77,140.898,26,26,25,26,26,25,0,5.0968,220.947,8171.31,8171.31,140.898,3277,30,3276.7,29,29,30,30,118.515,0.0323,115.461,220.947,27,3276,0,25,24,24,0,3276.7,0,80,13/12/2024 14:07
3302,0,11.8515,24.349,792.019,136.658,26,26,25,26,26,25,0,5.0968,218.204,8171.31,8171.31,136.658,3277,30,3276.7,29,29,30,30,118.515,0.0323,107.98,218.204,27,3276,0,25,24,24,0,3276.7,0,80,13/12/2024 14:07
3303,0,11.8515,24.349,792.019,133.666,26,26,25,26,26,25,0,5.0968,214.464,8171.31,8171.31,133.666,3277,30,3276.7,29,29,30,30,118.515,0.0319,107.731,214.464,27,3276,0,25,24,24,0,3276.7,0,80,13/12/2024 14:07
3304,0,11.8515,24.3453,791.77,130.424,26,26,25,26,26,25,0,5.0968,209.725,8171.31,8171.31,130.424,3277,30,3276.7,29,29,30,30,118.515,0.0321,101.746,209.725,27,3276,0,25,24,24,0,3276.7,0,80,13/12/2024 14:07
3305,0,11.8515,24.3453,792.019,127.681,26,26,25,26,26,25,0,5.0968,206.484,8171.31,8171.31,127.681,3277,30,3276.7,29,29,30,30,118.515,0.0323,100.997,206.484,27,3276,0,25,24,24,0,3276.7,0,80,13/12/2024 14:07
3306,0,11.8515,24.349,792.019,124.938,26,26,25,26,26,25,0,5.0968,201.496,8171.31,8171.31,124.938,3277,30,3276.7,29,29,30,30,118.515,0.0323,95.5111,201.496,27,3276,0,25,24,24,0,3276.7,0,80,13/12/2024 14:07
3307,0,11.8515,24.4141,791.77,122.444,26,26,25,26,26,25,0,5.0968,198.254,8171.31,8171.31,122.444,3277,30,3276.7,29,29,30,30,118.515,0.0323,92.5186,198.254,27,3276,0,25,24,24,0,3276.7,0,80,13/12/2024 14:07
3308,0,11.8515,24.443,791.271,120.199,26,26,25,26,26,25,0,5.0968,193.765,8171.31,8171.31,120.199,3277,30,3276.7,29,29,30,30,118.515,0.0324,90.2742,193.765,27,3276,0,25,24,24,0,3276.7,0,80,13/12/2024 14:07
3309,0,11.8515,24.443,790.772,115.96,26,26,25,26,26,25,0,5.0968,191.272,8171.31,8171.31,115.96,3277,30,3276.7,29,29,30,30,118.515,0.0321,84.0398,191.272,27,3276,0,25,24,24,0,3276.7,0,80,13/12/2024 14:07
3310,0,11.8515,24.443,791.271,113.965,26,26,25,26,26,25,0,5.0968,188.529,8171.31,8171.31,113.965,3277,30,3276.7,29,29,30,30,118.515,0.0321,85.0373,188.529,27,3276,0,25,24,24,0,3276.7,0,80,13/12/2024 14:07
3311,0,11.8515,24.443,791.271,111.222,26,26,25,26,26,25,0,5.0968,187.032,8171.31,8171.31,111.222,3277,30,3276.7,29,29,30,30,118.515,0.0322,78.5536,187.032,27,3276,0,25,24,24,0,3276.7,0,80,13/12/2024 14:07
3312,0,11.8515,24.3526,791.77,108.728,26,26,25,26,26,25,0,5.0968,184.538,8171.31,8171.31,108.728,3277,30,3276.7,29,29,30,30,118.515,0.0326,79.0523,184.538,27,3276,0,25,24,24,0,3276.7,0,80,13/12/2024 14:07
3313,0,11.8515,24.3996,791.022,107.232,26,26,25,26,26,25,0,5.0968,182.045,8171.31,8171.31,107.232,3277,30,3276.7,29,29,30,30,118.515,0.0326,74.0648,182.045,27,3276,0,25,24,24,0,3276.7,0,80,13/12/2024 14:07
3314,0,11.8515,24.4502,790.024,103.99,26,26,25,26,26,25,0,5.0968,178.553,8171.31,8171.31,103.99,3277,30,3276.7,29,29,30,30,118.515,0.0323,71.3216,178.553,27,3276,0,25,24,24,0,3276.7,0,80,13/12/2024 14:07
3315,0,11.8515,24.4538,790.772,101.247,26,26,25,26,26,25,0,5.0968,176.309,8171.31,8171.31,101.247,3277,30,3276.7,29,29,30,30,118.515,0.0323,69.0772,176.309,27,3276,0,25,24,24,0,3276.7,0,80,13/12/2024 14:07
3316,0,11.8515,24.3417,791.271,99.2518,26,26,25,26,26,25,0,4.6433,172.568,8171.31,8171.31,99.2518,3277,30,3276.7,29,29,30,30,118.515,0.0326,65.3366,172.568,27,3276,0,25,24,24,0,3276.7,0,80,13/12/2024 14:07
3317,0,11.8515,24.3345,791.77,96.5086,26,26,25,26,26,25,0,4.6233,169.825,8171.31,8171.31,96.5086,3277,30,3276.7,29,29,30,30,118.515,0.0328,64.3391,169.825,27,3276,0,25,24,24,0,3276.7,0,80,13/12/2024 14:07
3318,0,11.8515,24.4394,790.523,93.5161,26,26,25,26,26,25,0,4.6233,166.334,8171.31,8171.31,93.5161,3277,30,3276.7,29,29,30,30,118.515,0.0328,58.1047,166.334,27,3276,0,25,24,24,0,3276.7,0,80,13/12/2024 14:07
3319,0,11.8515,24.4611,790.024,92.768,26,26,25,26,26,25,0,4.6233,162.843,8171.31,8171.31,92.768,3277,30,3276.7,29,29,30,30,118.515,0.0395,59.8503,162.843,27,3276,0,25,24,24,0,3276.7,0,80,13/12/2024 14:07
3320,0,11.8515,24.4502,790.024,90.2742,26,26,25,26,26,25,0,4.6233,160.1,8171.31,8171.31,90.2742,3277,30,3276.7,29,29,30,30,118.515,0.0458,52.6184,160.1,27,3276,0,25,24,24,0,3276.7,0,80,13/12/2024 14:07
3321,0,11.8515,24.4358,790.024,89.0274,26,26,25,26,26,25,0,4.6233,157.356,8171.31,8171.31,89.0274,3277,30,3276.7,29,29,30,30,118.515,0.0458,55.3615,157.356,27,3276,0,25,24,24,0,3276.7,0,80,13/12/2024 14:07
3322,0,11.8515,24.4502,791.271,90.5236,26,26,25,26,26,25,0,4.6233,154.863,8171.31,8171.31,90.5236,3277,30,3276.7,29,29,30,30,118.515,0.0461,49.1271,154.863,27,3276,0,25,24,24,0,3276.7,0,80,13/12/2024 14:07
3323,0,11.8515,24.4394,790.523,92.768,26,26,25,26,26,25,0,4.6233,152.618,8171.31,8171.31,92.768,3277,30,3276.7,29,29,30,30,118.515,0.0461,49.8753,152.618,27,3276,0,25,24,24,0,3276.7,0,80,13/12/2024 14:07
3324,0,11.8515,24.4502,790.024,96.2593,26,26,25,26,26,25,0,4.6233,151.621,8171.31,8171.31,96.2593,3277,30,3276.7,29,29,30,30,118.515,0.0466,46.1346,151.621,27,3276,0,25,24,24,0,3276.7,0,80,13/12/2024 14:07
3325,0,11.8515,24.4394,790.024,100.249,26,26,25,26,26,25,0,4.6233,152.12,8171.31,8171.31,100.249,3277,30,3276.7,29,29,30,30,118.515,0.0466,47.6309,152.12,27,3276,0,25,24,24,0,3276.7,0,80,13/12/2024 14:07
3326,0,11.8515,24.443,790.024,100.499,26,26,25,26,26,25,0,4.6233,152.12,8171.31,8171.31,100.499,3277,30,3276.7,29,29,30,30,118.515,0.0466,45.6359,152.12,27,3276,0,25,24,24,0,3276.7,0,80,13/12/2024 14:07
3327,0,11.8515,24.3598,790.772,101.746,26,26,25,26,26,25,0,4.6233,151.621,8171.31,8171.31,101.746,3277,30,3276.7,29,29,30,30,118.515,0.0458,46.384,151.621,27,3276,0,25,24,24,0,3276.7,0,80,13/12/2024 14:07
3328,0,11.8515,24.3526,791.022,102.494,26,26,25,26,26,25,0,4.6233,152.369,8171.31,8171.31,102.494,3277,30,3276.7,29,29,30,30,118.515,0.0465,47.6309,152.369,27,3276,0,25,24,24,0,3276.7,0,80,13/12/2024 14:07
3329,0,11.8515,24.3453,790.772,102.743,26,26,25,26,26,25,0,4.6233,152.618,8171.31,8171.31,102.743,3277,30,3276.7,29,29,30,30,118.515,0.0465,45.3865,152.618,27,3276,0,25,24,24,0,3276.7,0,80,13/12/2024 14:07
3330,0,11.8515,24.443,790.024,102.743,26,26,25,26,26,25,0,4.6233,152.369,8171.31,8171.31,102.743,3277,30,3276.7,29,29,30,30,118.515,0.0314,48.6284,152.369,27,3276,0,25,24,24,0,3276.7,0,80,13/12/2024 14:07
3331,0,11.8515,24.4575,790.024,102.743,26,26,25,26,26,25,0,4.6233,152.618,8171.31,8171.31,102.743,3277,30,3276.7,29,29,30,30,118.515,0.0314,45.3865,152.618,27,3276,0,25,24,24,0,3276.7,0,80,13/12/2024 14:07
3332,0,11.8515,24.443,791.271,102.743,26,26,25,26,26,25,0,4.6233,152.369,8171.31,8171.31,102.743,3277,30,3276.7,29,29,30,30,118.515,0.0312,48.6284,152.369,27,3276,0,25,24,24,0,3276.7,0,80,13/12/2024 14:07
3333,0,11.8515,24.4502,791.271,102.743,26,26,25,26,26,25,0,4.6233,152.868,8171.31,8171.31,102.743,3277,30,3276.7,29,29,30,30,118.515,0.0307,45.3865,152.868,27,3276,0,25,24,24,0,3276.7,0,80,13/12/2024 14:07
3334,0,11.8515,24.443,791.022,102.494,26,26,25,26,26,25,0,4.6233,152.868,8171.31,8171.31,102.494,3277,30,3276.7,29,29,30,30,118.515,0.0307,50.1246,152.868,27,3276,0,25,24,24,0,3276.7,0,80,13/12/2024 14:07
3335,0,11.8515,24.4394,790.772,102.743,26,26,25,26,26,25,0,4.6233,152.618,8171.31,8171.31,102.743,3277,30,3276.7,29,29,30,30,118.515,0.031,44.8877,152.618,27,3276,0,25,24,24,0,3276.7,0,80,13/12/2024 14:07
3336,0,11.8515,24.349,790.523,103.491,26,26,25,26,26,25,0,4.6233,152.618,8171.31,8171.31,103.491,3277,30,3276.7,29,29,30,30,118.515,0.031,50.1246,152.618,27,3276,0,25,24,24,0,3276.7,0,80,13/12/2024 14:07
3337,0,11.8515,24.3417,790.024,103.491,26,26,25,26,26,25,0,4.6233,152.618,8171.31,8171.31,103.491,3277,30,3276.7,29,29,30,30,118.515,0.0316,45.3865,152.618,27,3276,0,25,24,24,0,3276.7,0,80,13/12/2024 14:07
3338,0,11.8515,24.3453,790.772,102.992,26,26,25,26,26,25,0,4.6233,152.369,8171.31,8171.31,102.992,3277,30,3276.7,29,29,30,30,118.515,0.0309,49.8753,152.369,27,3276,0,25,24,24,0,3276.7,0,80,13/12/2024 14:07
3339,0,11.8515,24.3453,791.022,102.992,26,26,25,26,26,25,0,4.6233,152.369,8171.31,8171.31,102.992,3277,30,3276.7,29,29,30,30,118.515,0.0309,46.6334,152.369,27,3276,0,25,24,24,0,3276.7,0,80,13/12/2024 14:07
3340,0,11.8515,24.3526,790.772,102.992,26,26,25,26,26,25,0,4.6233,152.618,8171.31,8171.31,102.992,3277,30,3276.7,29,29,30,30,118.515,0.0314,50.374,152.618,27,3276,0,25,24,24,0,3276.7,0,80,13/12/2024 14:07
3341,0,11.8515,24.3417,790.772,103.491,26,26,25,26,26,25,0,4.6233,152.12,8171.31,8171.31,103.491,3277,30,3276.7,29,29,30,30,118.515,0.0311,46.6334,152.12,27,3276,0,25,24,24,0,3276.7,0,80,13/12/2024 14:07
3342,0,11.8515,24.349,790.024,103.491,26,26,25,26,26,25,0,4.6233,152.12,8171.31,8171.31,103.491,3277,30,3276.7,29,29,30,30,118.515,0.0311,49.8753,152.12,27,3276,0,25,24,24,0,3276.7,0,80,13/12/2024 14:07
3343,0,11.8515,24.3453,790.024,103.491,26,26,25,26,26,25,0,4.6233,152.369,8171.31,8171.31,103.491,3277,30,3276.7,29,29,30,30,118.515,0.0311,47.3815,152.369,27,3276,0,25,24,24,0,3276.7,0,80,13/12/2024 14:07
3344,0,11.8515,24.443,790.523,103.491,26,26,25,26,26,25,0,4.6233,152.369,8171.31,8171.31,103.491,3277,30,3276.7,29,29,30,30,118.515,0.0316,50.1246,152.369,27,3276,0,25,24,24,0,3276.7,0,80,13/12/2024 14:07
3345,0,11.8515,24.4394,790.772,103.99,26,26,25,26,26,25,0,4.6233,152.369,8171.31,8171.31,103.99,3277,30,3276.7,29,29,30,30,118.515,0.0314,48.1296,152.369,27,3276,0,25,24,24,0,3276.7,0,80,13/12/2024 14:07
3346,0,11.8515,24.4502,790.024,103.491,26,26,25,26,26,25,0,4.1103,153.366,8171.31,8171.31,103.491,3277,30,3276.7,29,29,30,30,118.515,0.0314,50.374,153.366,27,3276,0,25,24,24,0,3276.7,0,80,13/12/2024 14:08
3347,0,11.8515,24.4502,790.523,102.992,26,26,25,26,26,25,0,4.1061,152.618,8171.31,8171.31,102.992,3277,30,3276.7,29,29,30,30,118.515,0.0314,47.8803,152.618,27,3276,0,25,24,24,0,3276.7,0,80,13/12/2024 14:08
3348,0,11.8515,24.4538,790.024,103.741,26,26,25,26,26,25,0,4.1061,152.618,8171.31,8171.31,103.741,3277,30,3276.7,29,29,30,30,118.515,0.0315,50.1246,152.618,27,3276,0,25,24,24,0,3276.7,0,80,13/12/2024 14:08
3349,0,11.8515,24.4538,790.523,103.491,26,26,25,26,26,25,0,4.1061,153.366,8171.31,8171.31,103.491,3277,30,3276.7,29,29,30,30,118.515,0.0311,47.8803,153.366,27,3276,0,25,24,24,0,3276.7,0,80,13/12/2024 14:08
3350,0,11.8515,24.4502,790.523,104.239,26,26,25,26,26,25,0,4.1061,153.616,8171.31,8171.31,104.239,3277,30,3276.7,29,29,30,30,118.515,0.0311,50.1246,153.616,27,3276,0,25,24,24,0,3276.7,0,80,13/12/2024 14:08
3351,0,11.8515,24.3815,790.523,104.239,26,26,25,26,26,25,0,4.1061,153.616,8171.31,8171.31,104.239,3277,30,3276.7,29,29,30,30,118.515,0.0311,48.8778,153.616,27,3276,0,25,24,24,0,3276.7,0,80,13/12/2024 14:08
3352,0,11.8515,24.3417,790.772,103.99,26,26,25,26,26,25,0,4.1061,154.115,8171.31,8171.31,103.99,3277,30,3276.7,29,29,30,30,118.515,0.0314,50.374,154.115,27,3276,0,25,24,24,0,3276.7,0,80,13/12/2024 14:08
3353,0,11.8515,24.4538,790.024,104.239,26,26,25,26,26,25,0,4.1061,154.613,8171.31,8171.31,104.239,3277,30,3276.7,29,29,30,30,118.515,0.0306,50.374,154.613,27,3276,0,25,24,24,0,3276.7,0,80,13/12/2024 14:08
3354,0,11.8515,24.4394,790.024,103.99,26,26,25,26,26,25,0,4.1061,154.613,8171.31,8171.31,103.99,3277,30,3276.7,29,29,30,30,118.515,0.0311,50.1246,154.613,27,3276,0,25,24,24,0,3276.7,0,80,13/12/2024 14:08
3355,0,11.8515,24.4394,790.024,104.239,26,26,25,26,26,25,0,4.1061,155.361,8171.31,8171.31,104.239,3277,30,3276.7,29,29,30,30,118.515,0.0311,50.1246,155.361,27,3276,0,25,24,24,0,3276.7,0,80,13/12/2024 14:08
3356,0,11.8515,24.443,790.024,104.738,26,26,25,26,26,25,0,4.1061,154.863,8171.31,8171.31,104.738,3277,30,3276.7,29,29,30,30,118.515,0.0315,50.374,154.863,27,3276,0,25,24,24,0,3276.7,0,80,13/12/2024 14:08
3357,0,11.8515,24.4394,790.024,105.237,26,26,25,26,26,25,0,4.1061,154.863,8171.31,8171.31,105.237,3277,30,3276.7,29,29,30,30,118.515,0.0308,50.6234,154.863,27,3276,0,25,24,24,0,3276.7,0,80,13/12/2024 14:08
3358,0,11.8515,24.443,790.772,104.239,26,26,25,26,26,25,0,4.1061,154.613,8171.31,8171.31,104.239,3277,30,3276.7,29,29,30,30,118.515,0.0308,50.1246,154.613,27,3276,0,25,24,24,0,3276.7,0,80,13/12/2024 14:08
3359,0,11.8515,24.4502,790.523,104.987,26,26,25,26,26,25,0,4.1061,154.863,8171.31,8171.31,104.987,3277,30,3276.7,29,29,30,30,118.515,0.0312,50.6234,154.863,27,3276,0,25,24,24,0,3276.7,0,80,13/12/2024 14:08
3360,0,11.8515,24.443,790.772,104.738,26,26,25,26,26,25,0,4.1061,154.863,8171.31,8171.31,104.738,3277,30,3276.7,29,29,30,30,118.515,0.0313,48.6284,154.863,27,3276,0,25,24,24,0,3276.7,0,80,13/12/2024 14:08
3361,0,11.8515,24.4502,790.523,104.239,26,26,25,26,26,25,0,4.1061,154.863,8171.31,8171.31,104.239,3277,30,3276.7,29,29,30,30,118.515,0.0313,51.8703,154.863,27,3276,0,25,24,24,0,3276.7,0,80,13/12/2024 14:08
3362,0,11.8515,24.349,790.024,104.987,26,26,25,26,26,25,0,4.1061,154.863,8171.31,8171.31,104.987,3277,30,3276.7,29,29,30,30,118.515,0.0309,47.8803,154.863,27,3276,0,25,24,24,0,3276.7,0,80,13/12/2024 14:08
3363,0,11.8515,24.3598,790.024,105.237,26,26,25,26,26,25,0,4.1061,154.863,8171.31,8171.31,105.237,3277,30,3276.7,29,29,30,30,118.515,0.0309,51.3715,154.863,27,3276,0,25,24,24,0,3276.7,0,80,13/12/2024 14:08
3364,0,11.8515,24.4394,790.024,104.738,26,26,25,26,26,25,0,4.1061,154.613,8171.31,8171.31,104.738,3277,30,3276.7,29,29,30,30,118.515,0.0317,49.1271,154.613,27,3276,0,25,24,24,0,3276.7,0,80,13/12/2024 14:08
3365,0,11.8515,24.349,790.024,105.237,26,26,25,26,26,25,0,4.1061,153.616,8171.31,8171.31,105.237,3277,30,3276.7,29,29,30,30,118.515,0.0314,52.369,153.616,27,3276,0,25,24,24,0,3276.7,0,80,13/12/2024 14:08
3366,0,11.8515,24.349,790.523,105.237,26,26,25,26,26,25,0,4.1061,153.366,8171.31,8171.31,105.237,3277,30,3276.7,29,29,30,30,118.515,0.0314,48.1296,153.366,27,3276,0,25,24,24,0,3276.7,0,80,13/12/2024 14:08
3367,0,11.8515,24.349,789.775,104.738,26,26,25,26,26,25,0,4.1061,152.868,8171.31,8171.31,104.738,3277,30,3276.7,29,29,30,30,118.515,0.031,52.369,152.868,27,3276,0,25,24,24,0,3276.7,0,80,13/12/2024 14:08
3368,0,11.8515,24.443,790.772,105.237,26,26,25,26,26,25,0,4.1061,153.865,8171.31,8171.31,105.237,3277,30,3276.7,29,29,30,30,118.515,0.031,47.8803,153.865,27,3276,0,25,24,24,0,3276.7,0,80,13/12/2024 14:08
3369,0,11.8515,24.4538,790.523,105.237,26,26,25,26,26,25,0,4.1061,153.616,8171.31,8171.31,105.237,3277,30,3276.7,29,29,30,30,118.515,0.031,51.3715,153.616,27,3276,0,25,24,24,0,3276.7,0,80,13/12/2024 14:08
3370,0,11.8515,24.4394,790.024,105.237,26,26,25,26,26,25,0,4.1061,153.616,8171.31,8171.31,105.237,3277,30,3276.7,29,29,30,30,118.515,0.0312,50.1246,153.616,27,3276,0,25,24,24,0,3276.7,0,80,13/12/2024 14:08
3371,0,11.8515,24.349,790.024,105.237,26,26,25,26,26,25,0,4.1061,154.613,8171.31,8171.31,105.237,3277,30,3276.7,29,29,30,30,118.515,0.0312,51.8703,154.613,27,3276,0,25,24,24,0,3276.7,0,80,13/12/2024 14:08
3372,0,11.8515,24.3453,790.024,105.486,26,26,25,26,26,25,0,4.1061,154.613,8171.31,8171.31,105.486,3277,30,3276.7,29,29,30,30,118.515,0.0309,50.6234,154.613,27,3276,0,25,24,24,0,3276.7,0,80,13/12/2024 14:08
3373,0,11.8515,24.443,790.024,104.987,26,26,25,26,26,25,0,4.1061,154.863,8171.31,8171.31,104.987,3277,30,3276.7,29,29,30,30,118.515,0.0309,49.8753,154.863,27,3276,0,25,24,24,0,3276.7,0,80,13/12/2024 14:08
3374,0,11.8515,24.4502,790.024,104.987,26,26,25,26,26,25,0,4.1061,155.361,8171.31,8171.31,104.987,3277,30,3276.7,29,29,30,30,118.515,0.0309,52.6184,155.361,27,3276,0,25,24,24,0,3276.7,0,80,13/12/2024 14:08
3375,0,11.8515,24.443,789.775,105.237,26,26,25,26,26,25,0,4.1061,155.112,8171.31,8171.31,105.237,3277,30,3276.7,29,29,30,30,118.515,0.0312,49.8753,155.112,27,3276,0,25,24,24,0,3276.7,0,80,13/12/2024 14:08
3376,0,11.8515,24.4394,790.024,105.237,26,26,25,26,26,25,0,4.0983,156.359,8171.31,8171.31,105.237,3277,30,3276.7,29,29,30,30,118.515,0.0312,52.8678,156.359,27,3276,0,25,24,24,0,3276.7,0,80,13/12/2024 14:08
3377,0,11.8515,24.4502,790.024,105.486,26,26,25,26,26,25,0,4.1054,155.361,8171.31,8171.31,105.486,3277,30,3276.7,29,29,30,30,118.515,0.0312,49.3765,155.361,27,3276,0,25,24,24,0,3276.7,0,80,13/12/2024 14:08
3378,0,11.8515,24.443,790.523,105.985,26,26,25,26,26,25,0,4.1054,155.361,8171.31,8171.31,105.985,3277,30,3276.7,29,29,30,30,118.515,0.0314,52.369,155.361,27,3276,0,25,24,24,0,3276.7,0,80,13/12/2024 14:08
3379,0,11.8515,24.3526,791.022,105.237,26,26,25,26,26,25,0,4.1054,155.112,8171.31,8171.31,105.237,3277,30,3276.7,29,29,30,30,118.515,0.0314,50.1246,155.112,27,3276,0,25,24,24,0,3276.7,0,80,13/12/2024 14:08
3380,0,11.8515,24.3309,790.024,105.237,26,26,25,26,26,25,0,4.1054,154.863,8171.31,8171.31,105.237,3277,30,3276.7,29,29,30,30,118.515,0.0311,52.8678,154.863,27,3276,0,25,24,24,0,3276.7,0,80,13/12/2024 14:08
3381,0,11.8515,24.3526,790.024,105.486,26,26,25,26,26,25,0,4.1054,154.115,8171.31,8171.31,105.486,3277,30,3276.7,29,29,30,30,118.515,0.0308,50.374,154.115,27,3276,0,25,24,24,0,3276.7,0,80,13/12/2024 14:08
3382,0,11.8515,24.3417,790.024,105.237,26,26,25,26,26,25,0,4.1054,153.616,8171.31,8171.31,105.237,3277,30,3276.7,29,29,30,30,118.515,0.0308,50.6234,153.616,27,3276,0,25,24,24,0,3276.7,0,80,13/12/2024 14:08
3383,0,11.8515,24.3417,790.024,105.985,26,26,25,26,26,25,0,4.1054,153.865,8171.31,8171.31,105.985,3277,30,3276.7,29,29,30,30,118.515,0.0308,52.8678,153.865,27,3276,0,25,24,24,0,3276.7,0,80,13/12/2024 14:08
3384,0,11.8515,24.349,790.024,104.987,26,26,25,26,26,25,0,4.1054,154.863,8171.31,8171.31,104.987,3277,30,3276.7,29,29,30,30,118.515,0.0312,48.8778,154.863,27,3276,0,25,24,24,0,3276.7,0,80,13/12/2024 14:08
3385,0,11.8515,24.3453,790.024,105.237,26,26,25,26,26,25,0,4.1054,155.112,8171.31,8171.31,105.237,3277,30,3276.7,29,29,30,30,118.515,0.0312,52.6184,155.112,27,3276,0,25,24,24,0,3276.7,0,80,13/12/2024 14:08
3386,0,11.8515,24.3453,790.024,105.985,26,26,25,26,26,25,0,4.1054,156.11,8171.31,8171.31,105.985,3277,30,3276.7,29,29,30,30,118.515,0.0312,50.374,156.11,27,3276,0,25,24,24,0,3276.7,0,80,13/12/2024 14:08
3387,0,11.8515,24.3453,790.024,104.738,26,26,25,26,26,25,0,4.1054,155.112,8171.31,8171.31,104.738,3277,30,3276.7,29,29,30,30,118.515,0.0312,53.1172,155.112,27,3276,0,25,24,24,0,3276.7,0,80,13/12/2024 14:08
3388,0,11.8515,24.3345,790.024,105.985,26,26,25,26,26,25,0,4.1054,156.11,8171.31,8171.31,105.985,3277,30,3276.7,29,29,30,30,118.515,0.0318,51.6209,156.11,27,3276,0,25,24,24,0,3276.7,0,80,13/12/2024 14:08
3389,0,11.8515,24.4213,790.024,105.486,26,26,25,26,26,25,0,4.1054,155.86,8171.31,8171.31,105.486,3277,30,3276.7,29,29,30,30,118.515,0.0313,50.374,155.86,27,3276,0,25,24,24,0,3276.7,0,80,13/12/2024 14:08
3390,0,11.8515,24.443,790.024,105.486,26,26,25,26,26,25,0,4.1054,155.112,8171.31,8171.31,105.486,3277,30,3276.7,29,29,30,30,118.515,0.0313,52.8678,155.112,27,3276,0,25,24,24,0,3276.7,0,80,13/12/2024 14:08
3391,0,11.8515,24.3417,790.024,105.237,26,26,25,26,26,25,0,4.1054,154.613,8171.31,8171.31,105.237,3277,30,3276.7,29,29,30,30,118.515,0.0313,50.374,154.613,27,3276,0,25,24,24,0,3276.7,0,80,13/12/2024 14:08
3392,0,11.8515,24.349,790.024,105.486,26,26,25,26,26,25,0,4.1054,153.865,8171.31,8171.31,105.486,3277,30,3276.7,29,29,30,30,118.515,0.0307,53.6159,153.865,27,3276,0,25,24,24,0,3276.7,0,80,13/12/2024 14:08
3393,0,11.8515,24.3417,790.024,105.486,26,26,25,26,26,25,0,4.1054,154.613,8171.31,8171.31,105.486,3277,30,3276.7,29,29,30,30,118.515,0.0312,50.6234,154.613,27,3276,0,25,24,24,0,3276.7,0,80,13/12/2024 14:08
3394,0,11.8515,24.3887,790.024,105.486,26,26,25,26,26,25,0,4.1054,154.863,8171.31,8171.31,105.486,3277,30,3276.7,29,29,30,30,118.515,0.0313,51.3715,154.863,27,3276,0,25,24,24,0,3276.7,0,80,13/12/2024 14:08
3395,0,11.8515,24.443,790.024,105.486,26,26,25,26,26,25,0,4.1054,154.863,8171.31,8171.31,105.486,3277,30,3276.7,29,29,30,30,118.515,0.0307,52.369,154.863,27,3276,0,25,24,24,0,3276.7,0,80,13/12/2024 14:08
3396,0,11.8515,24.443,790.024,105.237,26,26,25,26,26,25,0,4.1054,155.112,8171.31,8171.31,105.237,3277,30,3276.7,29,29,30,30,118.515,0.0307,53.1172,155.112,27,3276,0,25,24,24,0,3276.7,0,80,13/12/2024 14:08
3397,0,11.8515,24.443,790.024,105.237,26,26,25,26,26,25,0,4.1054,155.361,8171.31,8171.31,105.237,3277,30,3276.7,29,29,30,30,118.515,0.0307,50.374,155.361,27,3276,0,25,24,24,0,3276.7,0,80,13/12/2024 14:08
3398,0,11.8515,24.4502,790.024,106.234,26,26,25,26,26,25,0,4.1054,156.359,8171.31,8171.31,106.234,3277,30,3276.7,29,29,30,30,118.515,0.031,53.6159,156.359,27,3276,0,25,24,24,0,3276.7,0,80,13/12/2024 14:08
3399,0,11.8515,24.4575,790.024,105.237,26,26,25,26,26,25,0,4.1054,156.11,8171.31,8171.31,105.237,3277,30,3276.7,29,29,30,30,118.515,0.031,50.374,156.11,27,3276,0,25,24,24,0,3276.7,0,80,13/12/2024 14:08
3400,0,11.8515,24.4358,790.024,105.486,26,26,25,26,26,25,0,4.1054,156.608,8171.31,8171.31,105.486,3277,30,3276.7,29,29,30,30,118.515,0.0312,54.8628,156.608,27,3276,0,25,24,24,0,3276.7,0,80,13/12/2024 14:08
3401,0,11.8515,24.443,790.024,105.486,26,26,25,26,26,25,0,4.1054,156.359,8171.31,8171.31,105.486,3277,30,3276.7,29,29,30,30,118.515,0.0314,50.1246,156.359,27,3276,0,25,24,24,0,3276.7,0,80,13/12/2024 14:08
3402,0,11.8515,24.3453,790.024,105.237,26,26,25,26,26,25,0,4.1054,155.361,8171.31,8171.31,105.237,3277,30,3276.7,29,29,30,30,118.515,0.0314,53.6159,155.361,27,3276,0,25,24,24,0,3276.7,0,80,13/12/2024 14:08
3403,0,11.8515,24.3417,790.024,105.985,26,26,25,26,26,25,0,4.1054,154.863,8171.31,8171.31,105.985,3277,30,3276.7,29,29,30,30,118.515,0.0321,52.8678,154.863,27,3276,0,25,24,24,0,3276.7,0,80,13/12/2024 14:08
3404,0,11.8515,24.3417,789.775,105.486,26,26,25,26,26,25,0,4.1054,154.863,8171.31,8171.31,105.486,3277,30,3276.7,29,29,30,30,118.515,0.0309,52.8678,154.863,27,3276,0,25,24,24,0,3276.7,0,80,13/12/2024 14:08
3405,0,11.8515,24.3417,790.523,105.486,26,26,25,26,26,25,0,4.083,154.863,8171.31,8171.31,105.486,3277,30,3276.7,29,29,30,30,118.515,0.0309,53.1172,154.863,27,3276,0,25,24,24,0,3276.7,0,80,13/12/2024 14:08
3406,0,11.8515,24.3453,790.523,105.486,26,26,25,26,26,25,0,4.0828,154.863,8171.31,8171.31,105.486,3277,30,3276.7,29,29,30,30,118.515,0.0311,50.374,154.863,27,3276,0,25,24,24,0,3276.7,0,80,13/12/2024 14:09
3407,0,11.8515,24.3453,790.772,104.987,26,26,25,26,26,25,0,4.0828,154.863,8171.31,8171.31,104.987,3277,30,3276.7,29,29,30,30,118.515,0.0313,53.6159,154.863,27,3276,0,25,24,24,0,3276.7,0,80,13/12/2024 14:09
3408,0,11.8515,24.3526,790.523,105.486,26,26,25,26,26,25,0,4.0828,155.361,8171.31,8171.31,105.486,3277,30,3276.7,29,29,30,30,118.515,0.0313,50.374,155.361,27,3276,0,25,24,24,0,3276.7,0,80,13/12/2024 14:09
3409,0,11.8515,24.3417,790.772,106.234,26,26,25,26,26,25,0,4.0828,156.11,8171.31,8171.31,106.234,3277,30,3276.7,29,29,30,30,118.515,0.0311,53.8653,156.11,27,3276,0,25,24,24,0,3276.7,0,80,13/12/2024 14:09
3410,0,11.8515,24.4394,790.523,106.484,26,26,25,26,26,25,0,4.0828,156.608,8171.31,8171.31,106.484,3277,30,3276.7,29,29,30,30,118.515,0.0311,51.1222,156.608,27,3276,0,25,24,24,0,3276.7,0,80,13/12/2024 14:09
3411,0,11.8515,24.443,789.775,105.985,26,26,25,26,26,25,0,4.0828,156.359,8171.31,8171.31,105.985,3277,30,3276.7,29,29,30,30,118.515,0.0313,52.8678,156.359,27,3276,0,25,24,24,0,3276.7,0,80,13/12/2024 14:09
3412,0,11.8515,24.4502,790.024,106.234,26,26,25,26,26,25,0,4.0828,156.608,8171.31,8171.31,106.234,3277,30,3276.7,29,29,30,30,118.515,0.0313,53.1172,156.608,27,3276,0,25,24,24,0,3276.7,0,80,13/12/2024 14:09
3413,0,11.8515,24.443,790.024,105.985,26,26,25,26,26,25,0,4.0828,156.359,8171.31,8171.31,105.985,3277,30,3276.7,29,29,30,30,118.515,0.0313,50.374,156.359,27,3276,0,25,24,24,0,3276.7,0,80,13/12/2024 14:09
3414,0,11.8515,24.4538,790.024,106.234,26,26,25,26,26,25,0,4.0828,155.112,8171.31,8171.31,106.234,3277,30,3276.7,29,29,30,30,118.515,0.0315,54.1147,155.112,27,3276,0,25,24,24,0,3276.7,0,80,13/12/2024 14:09
3415,0,11.8515,24.4394,790.024,105.486,26,26,25,26,26,25,0,4.0828,154.863,8171.31,8171.31,105.486,3277,30,3276.7,29,29,30,30,118.515,0.0315,51.3715,154.863,27,3276,0,25,24,24,0,3276.7,0,80,13/12/2024 14:09
3416,0,11.8515,24.4394,790.024,106.234,26,26,25,26,26,25,0,4.0828,154.863,8171.31,8171.31,106.234,3277,30,3276.7,29,29,30,30,118.515,0.0313,53.1172,154.863,27,3276,0,25,24,24,0,3276.7,0,80,13/12/2024 14:09
3417,0,11.8515,24.4394,790.772,105.985,26,26,25,26,26,25,0,4.0828,155.361,8171.31,8171.31,105.985,3277,30,3276.7,29,29,30,30,118.515,0.0312,52.369,155.361,27,3276,0,25,24,24,0,3276.7,0,80,13/12/2024 14:09
3418,0,11.8515,24.443,790.024,106.484,26,26,25,26,26,25,0,4.0828,155.86,8171.31,8171.31,106.484,3277,30,3276.7,29,29,30,30,118.515,0.0312,51.1222,155.86,27,3276,0,25,24,24,0,3276.7,0,80,13/12/2024 14:09
3419,0,11.8515,24.443,790.024,106.733,26,26,25,26,26,25,0,4.0828,155.86,8171.31,8171.31,106.733,3277,30,3276.7,29,29,30,30,118.515,0.0312,54.8628,155.86,27,3276,0,25,24,24,0,3276.7,0,80,13/12/2024 14:09
3420,0,11.8515,24.4502,790.523,106.484,26,26,25,26,26,25,0,4.0828,157.107,8171.31,8171.31,106.484,3277,30,3276.7,29,29,30,30,118.515,0.0312,50.6234,157.107,27,3276,0,25,24,24,0,3276.7,0,80,13/12/2024 14:09
3421,0,11.8515,24.4394,790.024,107.481,26,26,25,26,26,25,0,4.0828,156.359,8171.31,8171.31,107.481,3277,30,3276.7,29,29,30,30,118.515,0.0312,54.364,156.359,27,3276,0,25,24,24,0,3276.7,0,80,13/12/2024 14:09
3422,0,11.8515,24.4394,789.775,107.481,26,26,25,26,26,25,0,4.0828,156.11,8171.31,8171.31,107.481,3277,30,3276.7,29,29,30,30,118.515,0.0312,52.8678,156.11,27,3276,0,25,24,24,0,3276.7,0,80,13/12/2024 14:09
3423,0,11.8515,24.4358,790.523,105.985,26,26,25,26,26,25,0,4.0828,155.112,8171.31,8171.31,105.985,3277,30,3276.7,29,29,30,30,118.515,0.0312,53.1172,155.112,27,3276,0,25,24,24,0,3276.7,0,80,13/12/2024 14:09
3424,0,11.8515,24.4502,789.775,105.486,26,26,25,26,26,25,0,4.0828,154.613,8171.31,8171.31,105.486,3277,30,3276.7,29,29,30,30,118.515,0.0312,54.364,154.613,27,3276,0,25,24,24,0,3276.7,0,80,13/12/2024 14:09
3425,0,11.8515,24.4394,789.526,106.733,26,26,25,26,26,25,0,4.0828,155.361,8171.31,8171.31,106.733,3277,30,3276.7,29,29,30,30,118.515,0.0315,50.6234,155.361,27,3276,0,25,24,24,0,3276.7,0,80,13/12/2024 14:09
3426,0,11.8515,24.443,791.022,106.733,26,26,25,26,26,25,0,4.0828,156.11,8171.31,8171.31,106.733,3277,30,3276.7,29,29,30,30,118.515,0.0315,54.8628,156.11,27,3276,0,25,24,24,0,3276.7,0,80,13/12/2024 14:09
3427,0,11.8515,24.4321,790.024,106.484,26,26,25,26,26,25,0,4.0828,155.361,8171.31,8171.31,106.484,3277,30,3276.7,29,29,30,30,118.515,0.031,51.1222,155.361,27,3276,0,25,24,24,0,3276.7,0,80,13/12/2024 14:09
3428,0,11.8515,24.443,789.775,106.234,26,26,25,26,26,25,0,4.0828,155.86,8171.31,8171.31,106.234,3277,30,3276.7,29,29,30,30,118.515,0.031,54.1147,155.86,27,3276,0,25,24,24,0,3276.7,0,80,13/12/2024 14:09
3429,0,11.8515,24.4502,789.775,105.985,26,26,25,26,26,25,0,4.0828,156.11,8171.31,8171.31,105.985,3277,30,3276.7,29,29,30,30,118.515,0.031,52.8678,156.11,27,3276,0,25,24,24,0,3276.7,0,80,13/12/2024 14:09
3430,0,11.8515,24.443,790.024,106.733,26,26,25,26,26,25,0,4.0828,156.608,8171.31,8171.31,106.733,3277,30,3276.7,29,29,30,30,118.515,0.0312,53.1172,156.608,27,3276,0,25,24,24,0,3276.7,0,80,13/12/2024 14:09
3431,0,11.8515,24.4394,790.024,106.484,26,26,25,26,26,25,0,4.0828,157.107,8171.31,8171.31,106.484,3277,30,3276.7,29,29,30,30,118.515,0.0312,55.3615,157.107,27,3276,0,25,24,24,0,3276.7,0,80,13/12/2024 14:09
3432,0,11.8515,24.443,790.024,106.484,26,26,25,26,26,25,0,4.0828,156.608,8171.31,8171.31,106.484,3277,30,3276.7,29,29,30,30,118.515,0.0312,51.1222,156.608,27,3276,0,25,24,24,0,3276.7,0,80,13/12/2024 14:09
3433,0,11.8515,24.443,790.772,106.733,26,26,25,26,26,25,0,4.0828,156.359,8171.31,8171.31,106.733,3277,30,3276.7,29,29,30,30,118.515,0.0313,55.1122,156.359,27,3276,0,25,24,24,0,3276.7,0,80,13/12/2024 14:09
3434,0,11.8515,24.4394,790.024,105.985,26,26,25,26,26,25,0,4.0828,156.608,8171.31,8171.31,105.985,3277,30,3276.7,29,29,30,30,118.515,0.0313,51.1222,156.608,27,3276,0,25,24,24,0,3276.7,0,80,13/12/2024 14:09
3435,0,11.8515,24.4358,790.024,106.733,26,26,25,26,26,25,0,4.0828,154.863,8171.31,8171.31,106.733,3277,30,3276.7,29,29,30,30,118.515,0.0313,54.8628,154.863,27,3276,0,25,24,24,0,3276.7,0,80,13/12/2024 14:09
3436,0,11.8515,24.3417,790.024,106.733,26,26,25,26,26,25,0,4.0828,154.863,8171.31,8171.31,106.733,3277,30,3276.7,29,29,30,30,118.515,0.0311,52.6184,154.863,27,3276,0,25,24,24,0,3276.7,0,80,13/12/2024 14:09
3437,0,11.8515,24.3417,790.523,107.481,26,26,25,26,26,25,0,4.0828,155.112,8171.31,8171.31,107.481,3277,30,3276.7,29,29,30,30,118.515,0.0311,52.8678,155.112,27,3276,0,25,24,24,0,3276.7,0,80,13/12/2024 14:09
3438,0,11.8515,24.3779,790.024,105.486,26,26,25,26,26,25,0,4.0828,155.86,8171.31,8171.31,105.486,3277,30,3276.7,29,29,30,30,118.515,0.0311,54.364,155.86,27,3276,0,25,24,24,0,3276.7,0,80,13/12/2024 14:09
3439,0,11.8515,24.4538,790.024,106.733,26,26,25,26,26,25,0,4.0828,155.361,8171.31,8171.31,106.733,3277,30,3276.7,29,29,30,30,118.515,0.0313,51.3715,155.361,27,3276,0,25,24,24,0,3276.7,0,80,13/12/2024 14:09
3440,0,11.8515,24.4394,790.024,105.985,26,26,25,26,26,25,0,4.0828,156.359,8171.31,8171.31,105.985,3277,30,3276.7,29,29,30,30,118.515,0.0313,55.3615,156.359,27,3276,0,25,24,24,0,3276.7,0,80,13/12/2024 14:09
3441,0,11.8515,24.443,790.523,106.733,26,26,25,26,26,25,0,4.0828,157.356,8171.31,8171.31,106.733,3277,30,3276.7,29,29,30,30,118.515,0.0311,51.8703,157.356,27,3276,0,25,24,24,0,3276.7,0,80,13/12/2024 14:09
3442,0,11.8515,24.443,790.024,106.733,26,26,25,26,26,25,0,4.0828,157.107,8171.31,8171.31,106.733,3277,30,3276.7,29,29,30,30,118.515,0.0311,54.364,157.107,27,3276,0,25,24,24,0,3276.7,0,80,13/12/2024 14:09
3443,0,11.8515,24.4502,790.024,106.234,26,26,25,26,26,25,0,4.0828,157.356,8171.31,8171.31,106.234,3277,30,3276.7,29,29,30,30,118.515,0.0311,52.8678,157.356,27,3276,0,25,24,24,0,3276.7,0,80,13/12/2024 14:09
3444,0,11.8515,24.3453,790.024,106.484,26,26,25,26,26,25,0,4.0828,157.107,8171.31,8171.31,106.484,3277,30,3276.7,29,29,30,30,118.515,0.0314,52.8678,157.107,27,3276,0,25,24,24,0,3276.7,0,80,13/12/2024 14:09
3445,0,11.8515,24.349,789.775,107.232,26,26,25,26,26,25,0,4.0828,156.608,8171.31,8171.31,107.232,3277,30,3276.7,29,29,30,30,118.515,0.0314,55.1122,156.608,27,3276,0,25,24,24,0,3276.7,0,80,13/12/2024 14:09
3446,0,11.8515,24.443,790.024,107.481,26,26,25,26,26,25,0,4.0828,155.86,8171.31,8171.31,107.481,3277,30,3276.7,29,29,30,30,118.515,0.0314,51.3715,155.86,27,3276,0,25,24,24,0,3276.7,0,80,13/12/2024 14:09
3447,0,11.8515,24.4502,790.024,107.232,26,26,25,26,26,25,0,4.0828,155.112,8171.31,8171.31,107.232,3277,30,3276.7,29,29,30,30,118.515,0.0314,55.3615,155.112,27,3276,0,25,24,24,0,3276.7,0,80,13/12/2024 14:09
3448,0,11.8515,24.4394,790.523,107.232,26,26,25,26,26,25,0,4.0828,155.361,8171.31,8171.31,107.232,3277,30,3276.7,29,29,30,30,118.515,0.0312,51.8703,155.361,27,3276,0,25,24,24,0,3276.7,0,80,13/12/2024 14:09
3449,0,11.8515,24.4394,790.024,107.232,26,26,25,26,26,25,0,4.0828,155.361,8171.31,8171.31,107.232,3277,30,3276.7,29,29,30,30,118.515,0.0314,55.1122,155.361,27,3276,0,25,24,24,0,3276.7,0,80,13/12/2024 14:09
3450,0,11.8515,24.3417,790.024,107.98,26,26,25,26,26,25,0,4.0828,156.11,8171.31,8171.31,107.98,3277,30,3276.7,29,29,30,30,118.515,0.0314,53.1172,156.11,27,3276,0,25,24,24,0,3276.7,0,80,13/12/2024 14:09
3451,0,11.8515,24.349,790.523,106.484,26,26,25,26,26,25,0,4.0828,157.107,8171.31,8171.31,106.484,3277,30,3276.7,29,29,30,30,118.515,0.0312,52.369,157.107,27,3276,0,25,24,24,0,3276.7,0,80,13/12/2024 14:09
3452,0,11.8515,24.4358,790.024,106.234,26,26,25,26,26,25,0,4.0828,157.606,8171.31,8171.31,106.234,3277,30,3276.7,29,29,30,30,118.515,0.0313,55.1122,157.606,27,3276,0,25,24,24,0,3276.7,0,80,13/12/2024 14:09
3453,0,11.8515,24.4502,790.024,106.484,26,26,25,26,26,25,0,4.0828,157.356,8171.31,8171.31,106.484,3277,30,3276.7,29,29,30,30,118.515,0.0313,52.6184,157.356,27,3276,0,25,24,24,0,3276.7,0,80,13/12/2024 14:09
3454,0,11.8515,24.349,789.775,107.232,26,26,25,26,26,25,0,4.0828,156.608,8171.31,8171.31,107.232,3277,30,3276.7,29,29,30,30,118.515,0.0308,55.1122,156.608,27,3276,0,25,24,24,0,3276.7,0,80,13/12/2024 14:09
3455,0,11.8515,24.3526,790.024,107.731,26,26,25,26,26,25,0,4.0828,156.11,8171.31,8171.31,107.731,3277,30,3276.7,29,29,30,30,118.515,0.0314,52.369,156.11,27,3276,0,25,24,24,0,3276.7,0,80,13/12/2024 14:09
3456,0,11.8515,24.3453,790.024,106.733,26,26,25,26,26,25,0,4.0828,155.112,8171.31,8171.31,106.733,3277,30,3276.7,29,29,30,30,118.515,0.0314,53.1172,155.112,27,3276,0,25,24,24,0,3276.7,0,80,13/12/2024 14:09
3457,0,11.8515,24.349,790.523,107.232,26,26,25,26,26,25,0,4.0828,155.112,8171.31,8171.31,107.232,3277,30,3276.7,29,29,30,30,118.515,0.0315,55.1122,155.112,27,3276,0,25,24,24,0,3276.7,0,80,13/12/2024 14:09
3458,0,11.8515,24.4394,790.024,107.481,26,26,25,26,26,25,0,4.0828,155.361,8171.31,8171.31,107.481,3277,30,3276.7,29,29,30,30,118.515,0.0315,51.8703,155.361,27,3276,0,25,24,24,0,3276.7,0,80,13/12/2024 14:09
3459,0,11.8515,24.4394,790.024,107.481,26,26,25,26,26,25,0,4.0673,156.11,8171.31,8171.31,107.481,3277,30,3276.7,29,29,30,30,118.515,0.0312,55.6109,156.11,27,3276,0,25,24,24,0,3276.7,0,80,13/12/2024 14:09
3460,0,11.8515,24.3417,790.024,106.733,26,26,25,26,26,25,0,4.0689,157.107,8171.31,8171.31,106.733,3277,30,3276.7,29,29,30,30,118.515,0.0314,52.8678,157.107,27,3276,0,25,24,24,0,3276.7,0,80,13/12/2024 14:09
3461,0,11.8515,24.3417,790.024,107.232,26,26,25,26,26,25,0,4.0689,157.855,8171.31,8171.31,107.232,3277,30,3276.7,29,29,30,30,118.515,0.0314,53.8653,157.855,27,3276,0,25,24,24,0,3276.7,0,80,13/12/2024 14:09
3462,0,11.8515,24.4502,790.024,106.733,26,26,25,26,26,25,0,4.0689,157.356,8171.31,8171.31,106.733,3277,30,3276.7,29,29,30,30,118.515,0.0318,55.3615,157.356,27,3276,0,25,24,24,0,3276.7,0,80,13/12/2024 14:09
3463,0,11.8515,24.4394,790.024,107.481,26,26,25,26,26,25,0,4.0689,157.107,8171.31,8171.31,107.481,3277,30,3276.7,29,29,30,30,118.515,0.0313,52.6184,157.107,27,3276,0,25,24,24,0,3276.7,0,80,13/12/2024 14:09
3464,0,11.8515,24.3598,790.024,106.733,26,26,25,26,26,25,0,4.0689,155.86,8171.31,8171.31,106.733,3277,30,3276.7,29,29,30,30,118.515,0.0313,55.3615,155.86,27,3276,0,25,24,24,0,3276.7,0,80,13/12/2024 14:09
3465,0,11.8515,24.349,790.024,107.232,26,26,25,26,26,25,0,4.0689,155.112,8171.31,8171.31,107.232,3277,30,3276.7,29,29,30,30,118.515,0.0315,53.1172,155.112,27,3276,0,25,24,24,0,3276.7,0,80,13/12/2024 14:09
3466,0,11.8515,24.443,791.022,107.232,26,26,25,26,26,25,0,4.0689,157.107,8171.31,8171.31,107.232,3277,30,3276.7,29,29,30,30,118.515,0.0315,52.8678,157.107,27,3276,0,25,24,24,0,3276.7,0,80,13/12/2024 14:10
3467,0,11.8515,24.4358,790.024,107.232,26,26,25,26,26,25,0,4.0689,156.608,8171.31,8171.31,107.232,3277,30,3276.7,29,29,30,30,118.515,0.0312,56.1097,156.608,27,3276,0,25,24,24,0,3276.7,0,80,13/12/2024 14:10
3468,0,11.8515,24.4502,790.523,107.232,26,26,25,26,26,25,0,4.0689,157.356,8171.31,8171.31,107.232,3277,30,3276.7,29,29,30,30,118.515,0.0313,53.1172,157.356,27,3276,0,25,24,24,0,3276.7,0,80,13/12/2024 14:10
3469,0,11.8515,24.4575,789.775,107.731,26,26,25,26,26,25,0,4.0689,157.356,8171.31,8171.31,107.731,3277,31,3276.7,29,29,30,30,118.515,0.0313,54.1147,157.356,27,3276,0,25,24,24,0,3276.7,0,80,13/12/2024 14:10
3470,0,11.8515,24.4502,790.024,107.731,26,26,25,26,26,25,0,4.0689,155.86,8171.31,8171.31,107.731,3277,30,3276.7,29,29,30,30,118.515,0.0313,56.1097,155.86,27,3276,0,25,24,24,0,3276.7,0,80,13/12/2024 14:10
3471,0,11.8515,24.4538,790.024,107.481,26,26,25,26,26,25,0,4.0689,155.112,8171.31,8171.31,107.481,3277,31,3276.7,29,29,30,30,118.515,0.0313,52.8678,155.112,27,3276,0,25,24,24,0,3276.7,0,80,13/12/2024 14:10
3472,0,11.8515,24.443,790.024,107.481,26,26,25,26,26,25,0,4.0689,155.112,8171.31,8171.31,107.481,3277,31,3276.7,29,29,30,30,118.515,0.0304,55.1122,155.112,27,3276,0,25,24,24,0,3276.7,0,80,13/12/2024 14:10
3473,0,11.8515,24.4394,790.772,107.232,26,26,25,26,26,25,0,4.0689,157.107,8171.31,8171.31,107.232,3277,31,3276.7,29,29,30,30,118.515,0.031,55.1122,157.107,27,3276,0,25,24,24,0,3276.7,0,80,13/12/2024 14:10
3474,0,11.8515,24.4538,790.523,107.232,26,26,25,26,26,25,0,4.0689,157.356,8171.31,8171.31,107.232,3277,31,3276.7,29,29,30,30,118.515,0.031,52.8678,157.356,27,3276,0,25,24,24,0,3276.7,0,80,13/12/2024 14:10
3475,0,11.8515,24.443,791.022,107.232,26,26,25,26,26,25,0,4.0689,157.606,8171.31,8171.31,107.232,3277,31,3276.7,29,29,30,30,118.515,0.0316,55.6109,157.606,27,3276,0,25,24,24,0,3276.7,0,80,13/12/2024 14:10
3476,0,11.8515,24.3453,790.024,107.481,26,26,25,26,26,25,0,4.0689,157.356,8171.31,8171.31,107.481,3277,31,3276.7,29,29,30,30,118.515,0.0313,53.1172,157.356,27,3276,0,25,24,24,0,3276.7,0,80,13/12/2024 14:10
3477,0,11.8515,24.3453,790.523,106.484,26,26,25,26,26,25,0,4.0689,157.107,8171.31,8171.31,106.484,3277,31,3276.7,29,29,30,30,118.515,0.0313,53.8653,157.107,27,3276,0,25,24,24,0,3276.7,0,80,13/12/2024 14:10
3478,0,11.8515,24.3453,790.523,107.481,26,26,25,26,26,25,0,4.0689,156.359,8171.31,8171.31,107.481,3277,31,3276.7,29,29,30,30,118.515,0.0313,55.3615,156.359,27,3276,0,25,24,24,0,3276.7,0,80,13/12/2024 14:10
3479,0,11.8515,24.3345,790.024,107.731,26,26,25,26,26,25,0,4.0689,155.86,8171.31,8171.31,107.731,3277,31,3276.7,29,29,30,30,118.515,0.0312,52.6184,155.86,27,3276,0,25,24,24,0,3276.7,0,80,13/12/2024 14:10
3480,0,11.8515,24.4358,790.024,107.731,26,26,25,26,26,25,0,4.0689,155.86,8171.31,8171.31,107.731,3277,31,3276.7,29,29,30,30,118.515,0.0312,55.6109,155.86,27,3276,0,25,24,24,0,3276.7,0,80,13/12/2024 14:10
3481,0,11.8515,24.4502,790.523,107.731,26,26,25,26,26,25,0,4.0689,156.359,8171.31,8171.31,107.731,3277,31,3276.7,29,29,30,30,118.515,0.0309,55.1122,156.359,27,3276,0,25,24,24,0,3276.7,0,80,13/12/2024 14:10
3482,0,11.8515,24.443,790.024,107.481,26,26,25,26,26,25,0,4.0689,157.606,8171.31,8171.31,107.481,3277,31,3276.7,29,29,30,30,118.515,0.0309,52.8678,157.606,27,3276,0,25,24,24,0,3276.7,0,80,13/12/2024 14:10
3483,0,11.8515,24.4394,790.024,107.232,26,26,25,26,26,25,0,4.0689,158.354,8171.31,8171.31,107.232,3277,31,3276.7,29,29,30,30,118.515,0.0313,55.6109,158.354,27,3276,0,25,24,24,0,3276.7,0,80,13/12/2024 14:10
3484,0,11.8515,24.4394,790.772,107.731,26,26,25,26,26,25,0,4.0689,157.606,8171.31,8171.31,107.731,3277,31,3276.7,29,29,30,30,118.515,0.0313,52.8678,157.606,27,3276,0,25,24,24,0,3276.7,0,80,13/12/2024 14:10
3485,0,11.8515,24.4502,790.024,107.731,26,26,25,26,26,25,0,4.0689,156.359,8171.31,8171.31,107.731,3277,31,3276.7,29,29,30,30,118.515,0.0313,55.3615,156.359,27,3276,0,25,24,24,0,3276.7,0,80,13/12/2024 14:10
3486,0,11.8515,24.4394,790.024,107.731,26,26,25,26,26,25,0,4.0689,155.361,8171.31,8171.31,107.731,3277,31,3276.7,29,29,30,30,118.515,0.0315,55.3615,155.361,27,3276,0,25,24,24,0,3276.7,0,80,13/12/2024 14:10
3487,0,11.8515,24.4502,790.523,107.731,26,26,25,26,26,25,0,4.0689,156.359,8171.31,8171.31,107.731,3277,31,3276.7,29,29,30,30,118.515,0.0317,52.8678,156.359,27,3276,0,25,24,24,0,3276.7,0,80,13/12/2024 14:10
3488,0,11.8515,24.4394,790.772,107.481,26,26,25,26,26,25,0,4.0689,157.356,8171.31,8171.31,107.481,3277,31,3276.7,29,29,30,30,118.515,0.0312,55.6109,157.356,27,3276,0,25,24,24,0,3276.7,0,80,13/12/2024 14:10
3489,0,11.8515,24.4502,790.772,107.731,26,26,25,26,26,25,0,0.0342,157.855,8171.31,8171.31,107.731,3277,31,3276.7,29,29,30,30,118.515,0.0314,53.1172,157.855,27,3276,0,25,24,24,0,3276.7,0,80,13/12/2024 14:10
3490,0,11.8515,24.4538,790.772,108.977,26,26,25,26,26,25,0,0.0342,158.853,8171.31,8171.31,108.977,3277,31,3276.7,29,29,30,30,118.515,0.0314,55.6109,158.853,27,3276,0,25,24,24,0,3276.7,0,80,13/12/2024 14:10
3491,0,11.8515,24.4502,790.024,110.972,26,26,25,26,26,25,0,0.0342,160.349,8171.31,8171.31,110.972,3277,31,3276.7,29,29,30,30,118.515,0.0314,60.0997,160.349,27,3276,0,25,24,24,0,3276.7,0,80,13/12/2024 14:10
3492,0,11.8515,24.4538,790.024,113.466,26,26,25,26,26,25,0,0.0342,162.593,8171.31,8171.31,113.466,3277,31,3276.7,29,29,30,30,118.515,0.0305,57.8553,162.593,27,3276,0,25,24,24,0,3276.7,0,80,13/12/2024 14:10
3493,0,11.8515,24.4502,790.523,115.96,26,26,25,26,26,25,0,0.0342,163.84,8171.31,8171.31,115.96,3277,31,3276.7,29,29,30,30,118.515,0.0305,63.8403,163.84,27,3276,0,25,24,24,0,3276.7,0,80,13/12/2024 14:10
3494,0,11.8515,24.4575,790.024,116.708,26,26,25,26,26,25,0,0.0342,165.087,8171.31,8171.31,116.708,3277,31,3276.7,29,29,30,30,118.515,0.0315,62.3441,165.087,27,3276,0,25,24,24,0,3276.7,0,80,13/12/2024 14:10
3495,0,11.8515,24.443,790.523,118.703,26,26,25,26,26,25,0,0.0342,167.581,8171.31,8171.31,118.703,3277,31,3276.7,29,29,30,30,118.515,0.0312,67.3316,167.581,27,3276,0,25,24,24,0,3276.7,0,80,13/12/2024 14:10
3496,0,11.8515,24.3526,790.024,120.948,26,26,25,26,26,25,0,0.0342,170.075,8171.31,8171.31,120.948,3277,31,3276.7,29,29,30,30,118.515,0.0314,68.0797,170.075,27,3276,0,25,24,24,0,3276.7,0,80,13/12/2024 14:10
3497,0,11.8515,24.3526,789.775,122.693,26,26,25,26,26,25,0,0.0342,172.07,8171.31,8171.31,122.693,3277,31,3276.7,29,29,30,30,118.515,0.0309,68.0797,172.07,27,3276,0,25,24,24,0,3276.7,0,80,13/12/2024 14:10
3498,0,11.8515,24.349,790.024,124.688,26,26,25,26,26,25,0,0.0342,174.813,8171.31,8171.31,124.688,3277,31,3276.7,29,29,30,30,118.515,0.0309,73.0673,174.813,27,3276,0,25,24,24,0,3276.7,0,80,13/12/2024 14:10
3499,0,11.8515,24.3417,790.024,126.683,26,26,25,26,26,25,0,0.0342,177.307,8171.31,8171.31,126.683,3277,31,3276.7,29,29,30,30,118.515,0.0312,72.3191,177.307,27,3276,0,25,24,24,0,3276.7,0,80,13/12/2024 14:10
3500,0,11.8515,24.4502,791.271,128.429,26,26,25,26,26,25,0,0.0342,179.052,8171.31,8171.31,128.429,3277,31,3276.7,29,29,30,30,118.515,0.0312,77.556,179.052,27,3276,0,25,24,24,0,3276.7,0,80,13/12/2024 14:10
3501,0,11.8515,24.443,790.024,130.923,26,26,25,26,26,25,0,0.0342,181.546,8171.31,8171.31,130.923,3277,31,3276.7,29,29,30,30,118.515,0.0312,76.3092,181.546,27,3276,0,25,24,24,0,3276.7,0,80,13/12/2024 14:10
3502,0,11.8515,24.4538,790.523,132.419,26,26,25,26,26,25,0,0.0342,182.294,8171.31,8171.31,132.419,3277,31,3276.7,29,29,30,30,118.515,0.0316,80.5486,182.294,27,3276,0,25,24,24,0,3276.7,0,80,13/12/2024 14:10
3503,0,11.8515,24.4538,791.022,133.416,26,26,25,26,26,25,0,0.0342,184.538,8171.31,8171.31,133.416,3277,31,3276.7,29,29,30,30,118.515,0.0313,81.2967,184.538,27,3276,0,25,24,24,0,3276.7,0,80,13/12/2024 14:10
3504,0,11.8515,24.4394,790.024,136.658,26,26,25,26,26,25,0,0.0342,186.284,8171.31,8171.31,136.658,3277,31,3276.7,29,29,30,30,118.515,0.0315,83.7905,186.284,27,3276,0,25,24,24,0,3276.7,0,80,13/12/2024 14:10
3505,0,11.8515,24.443,790.024,137.656,26,26,25,26,26,25,0,0.0342,187.282,8171.31,8171.31,137.656,3277,31,3276.7,29,29,30,30,118.515,0.0315,86.2842,187.282,27,3276,0,25,24,24,0,3276.7,0,80,13/12/2024 14:10
3506,0,11.8515,24.4502,790.523,140.15,26,26,25,26,26,25,0,0.0342,188.529,8171.31,8171.31,140.15,3277,31,3276.7,29,29,30,30,118.515,0.0315,86.5336,188.529,27,3276,0,25,24,24,0,3276.7,0,80,13/12/2024 14:10
3507,0,11.8515,24.4394,790.523,141.646,26,26,25,26,26,25,0,0.0342,190.025,8171.31,8171.31,141.646,3277,31,3276.7,29,29,30,30,118.515,0.0308,90.5236,190.025,27,3276,0,25,24,24,0,3276.7,0,80,13/12/2024 14:10
3508,0,11.8515,24.4538,790.523,144.14,26,26,25,26,26,25,0,0.0342,192.269,8171.31,8171.31,144.14,3277,31,3276.7,29,29,30,30,118.515,0.0315,89.7755,192.269,27,3276,0,25,24,24,0,3276.7,0,80,13/12/2024 14:10
3509,0,11.8515,24.4502,790.024,146.135,26,26,25,26,26,25,0,0.0342,194.015,8171.31,8171.31,146.135,3277,31,3276.7,29,29,30,30,118.515,0.0315,95.0124,194.015,27,3276,0,25,24,24,0,3276.7,0,80,13/12/2024 14:10
3510,0,11.8515,24.4502,790.024,147.88,26,26,25,26,26,25,0,0.0342,196.509,8171.31,8171.31,147.88,3277,31,3276.7,29,29,30,30,118.515,0.0311,92.768,196.509,27,3276,0,25,24,24,0,3276.7,0,80,13/12/2024 14:10
3511,0,11.8515,24.4502,790.523,149.875,26,26,25,26,26,25,0,0.0342,197.506,8171.31,8171.31,149.875,3277,31,3276.7,29,29,30,30,118.515,0.0313,99.0024,197.506,27,3276,0,25,24,24,0,3276.7,0,80,13/12/2024 14:10
3512,0,11.8515,24.3453,791.022,151.122,26,26,25,26,26,25,0,0.0342,200.249,8171.31,8171.31,151.122,3277,31,3276.7,29,29,30,30,118.515,0.0302,96.758,200.249,27,3276,0,25,24,24,0,3276.7,0,80,13/12/2024 14:10
3513,0,11.8515,24.3526,790.024,152.618,26,26,25,26,26,25,0,0.0342,202.244,8171.31,8171.31,152.618,3277,31,3276.7,29,29,30,30,118.515,0.0311,102.743,202.244,27,3276,0,25,24,24,0,3276.7,0,80,13/12/2024 14:10
3514,0,11.8515,24.3417,791.022,155.361,26,26,25,26,26,25,0,0.0342,204.738,8171.31,8171.31,155.361,3277,31,3276.7,29,29,30,30,118.515,0.0311,100.499,204.738,27,3276,0,25,24,24,0,3276.7,0,80,13/12/2024 14:10
3515,0,11.8515,24.3598,790.772,157.107,26,26,25,26,26,25,0,0.0342,207.232,8171.31,8171.31,157.107,3277,31,3276.7,29,29,30,30,118.515,0.0311,107.98,207.232,27,3276,0,25,24,24,0,3276.7,0,80,13/12/2024 14:10
3516,0,11.8515,24.4502,790.523,159.85,26,26,25,26,26,25,0,0.0342,208.479,8171.31,8171.31,159.85,3277,31,3276.7,29,29,30,30,118.515,0.0315,105.237,208.479,27,3276,0,25,24,24,0,3276.7,0,80,13/12/2024 14:10
3517,0,11.8515,24.4502,791.271,162.095,26,26,25,26,26,25,0,0.0342,211.222,8171.31,8171.31,162.095,3277,31,3276.7,29,29,30,30,118.515,0.0315,110.224,211.222,27,3276,0,25,24,24,0,3276.7,0,80,13/12/2024 14:10
3518,0,11.8515,24.443,790.024,162.593,26,26,25,26,26,25,0,0.0342,213.217,8171.31,8171.31,162.593,3277,31,3276.7,29,29,30,30,118.515,0.0315,107.731,213.217,27,3276,0,25,24,24,0,3276.7,0,80,13/12/2024 14:10
3519,0,11.8515,24.4394,791.022,164.588,26,26,25,26,26,25,0,0.0342,214.713,8171.31,8171.31,164.588,3277,31,3276.7,29,29,30,30,118.515,0.0311,113.965,214.713,27,3276,0,25,24,24,0,3276.7,0,80,13/12/2024 14:10
3520,0,11.8515,24.443,790.024,167.082,26,26,25,26,26,25,0,0.0345,217.207,8171.31,8171.31,167.082,3277,31,3276.7,29,29,30,30,118.515,0.0311,112.718,217.207,27,3276,0,25,24,24,0,3276.7,0,80,13/12/2024 14:10
3521,0,11.8515,24.4538,790.772,169.576,26,26,25,26,26,25,0,0.0345,219.701,8171.31,8171.31,169.576,3277,31,3276.7,29,29,30,30,118.515,0.0313,117.955,219.701,27,3276,0,25,24,24,0,3276.7,0,80,13/12/2024 14:10
3522,0,11.8515,24.4358,791.022,171.322,26,26,25,26,26,25,0,0.0345,222.194,8171.31,8171.31,171.322,3277,31,3276.7,29,29,30,30,118.515,0.0313,116.459,222.194,27,3276,0,25,24,24,0,3276.7,0,80,13/12/2024 14:10
3523,0,11.8515,24.4502,791.022,172.818,26,26,25,26,26,25,0,0.0345,223.441,8171.31,8171.31,172.818,3277,31,3276.7,29,29,30,30,118.515,0.0319,121.446,223.441,27,3276,0,25,24,24,0,3276.7,0,80,13/12/2024 14:10
3524,0,11.8515,24.3453,791.271,175.312,26,26,25,26,26,25,0,0.0345,224.937,8171.31,8171.31,175.312,3277,31,3276.7,29,29,30,30,118.515,0.0309,121.696,224.937,27,3276,0,25,24,24,0,3276.7,0,80,13/12/2024 14:10
3525,0,11.8515,24.3453,791.271,176.558,26,26,25,26,26,25,0,0.0345,227.431,8171.31,8171.31,176.558,3277,31,3276.7,29,29,30,30,118.515,0.0309,124.938,227.431,27,3276,0,25,24,24,0,3276.7,0,80,13/12/2024 14:10
3526,0,11.8515,24.4575,790.772,178.803,26,26,25,26,26,25,0,0.0345,229.426,8171.31,8171.31,178.803,3277,31,3276.7,29,29,30,30,118.515,0.0313,125.436,229.426,27,3276,0,25,24,24,0,3276.7,0,80,13/12/2024 14:11
3527,0,11.8515,24.443,791.022,180.299,26,26,25,26,26,25,0,0.0345,231.172,8171.31,8171.31,180.299,3277,31,3276.7,29,29,30,30,118.515,0.0313,129.676,231.172,27,3276,0,25,24,24,0,3276.7,0,80,13/12/2024 14:11
3528,0,11.8515,24.4538,790.772,182.793,26,26,25,26,26,25,0,0.0345,233.167,8171.31,8171.31,182.793,3277,31,3276.7,29,29,30,30,118.515,0.031,129.177,233.167,27,3276,0,25,24,24,0,3276.7,0,80,13/12/2024 14:11
3529,0,11.8515,24.4358,790.772,184.788,26,26,25,26,26,25,0,0.0345,233.915,8171.31,8171.31,184.788,3277,31,3276.7,29,29,30,30,118.515,0.0313,132.918,233.915,27,3276,0,25,24,24,0,3276.7,0,80,13/12/2024 14:11
3530,0,11.8515,24.4502,791.022,186.534,26,26,25,26,26,25,0,0.0345,236.409,8171.31,8171.31,186.534,3277,31,3276.7,29,29,30,30,118.515,0.0313,133.915,236.409,27,3276,0,25,24,24,0,3276.7,0,80,13/12/2024 14:11
3531,0,11.8515,24.443,790.772,187.531,26,26,25,26,26,25,0,0.0345,237.656,8171.31,8171.31,187.531,3277,31,3276.7,29,29,30,30,118.515,0.0313,134.913,237.656,27,3276,0,25,24,24,0,3276.7,0,80,13/12/2024 14:11
3532,0,11.8515,24.443,791.77,189.775,26,26,25,26,26,25,0,0.0345,239.651,8171.31,8171.31,189.775,3277,31,3276.7,29,29,30,30,118.515,0.0318,137.406,239.651,27,3276,0,25,24,24,0,3276.7,0,80,13/12/2024 14:11
3533,0,11.8515,24.4538,791.77,191.272,26,26,25,26,26,25,0,0.0345,241.396,8171.31,8171.31,191.272,3277,31,3276.7,29,29,30,30,118.515,0.0318,137.656,241.396,27,3276,0,25,24,24,0,3276.7,0,80,13/12/2024 14:11
3534,0,11.8515,24.443,791.271,192.768,26,26,25,26,26,25,0,0.0345,242.643,8171.31,8171.31,192.768,3277,31,3276.7,29,29,30,30,118.515,0.0314,142.394,242.643,27,3276,0,25,24,24,0,3276.7,0,80,13/12/2024 14:11
3535,0,11.8515,24.4575,791.271,195.012,26,26,25,26,26,25,0,0.0345,244.389,8171.31,8171.31,195.012,3277,31,3276.7,29,29,30,30,118.515,0.0319,141.147,244.389,27,3276,0,25,24,24,0,3276.7,0,80,13/12/2024 14:11
3536,0,11.8515,24.443,790.772,197.257,26,26,25,26,26,25,0,0.0345,247.132,8171.31,8171.31,197.257,3277,31,3276.7,29,29,30,30,118.515,0.0312,147.132,247.132,27,3276,0,25,24,24,0,3276.7,0,80,13/12/2024 14:11
3537,0,11.8515,24.4538,790.772,199.75,26,26,25,26,26,25,0,0.0345,249.626,8171.31,8171.31,199.75,3277,31,3276.7,29,29,30,30,118.515,0.031,145.137,249.626,27,3276,0,25,24,24,0,3276.7,0,80,13/12/2024 14:11
3538,0,11.8515,24.443,791.022,201.247,26,26,25,26,26,25,0,0.0345,251.122,8171.31,8171.31,201.247,3277,31,3276.7,29,29,30,30,118.515,0.031,149.875,251.122,27,3276,0,25,24,24,0,3276.7,0,80,13/12/2024 14:11
3539,0,11.8515,24.4575,790.523,205.985,26,26,25,26,26,25,0,0.0345,255.611,8171.31,8171.31,205.985,3277,31,3276.7,29,29,30,30,118.515,0.0332,151.621,255.611,27,3276,0,25,24,24,0,3276.7,0,80,13/12/2024 14:11
3540,0,11.8515,24.4538,791.77,217.706,26,26,25,26,26,25,0,0.0345,268.08,8171.31,8171.31,217.706,3277,31,3276.7,29,29,30,30,118.515,0.0332,167.332,268.08,27,3276,0,25,24,24,0,3276.7,0,80,13/12/2024 14:11
3541,0,11.8515,24.4394,790.772,231.92,26,26,25,26,26,25,0,0.0345,282.543,8171.31,8171.31,231.92,3277,31,3276.7,29,29,30,30,118.515,0.0335,177.556,282.543,27,3276,0,25,24,24,0,3276.7,0,80,13/12/2024 14:11
3542,0,11.8515,24.443,791.271,244.888,26,26,25,26,26,25,0,0.0345,296.758,8171.31,8171.31,244.888,3277,31,3276.7,29,29,30,30,118.515,0.0329,191.022,296.758,27,3276,0,25,24,24,0,3276.7,0,80,13/12/2024 14:11
3543,0,11.8515,24.4502,792.019,257.356,26,26,25,26,26,25,0,0.0345,309.476,8171.31,8171.31,257.356,3277,31,3276.7,29,29,30,30,118.515,0.0333,202.494,309.476,27,3276,0,25,24,24,0,3276.7,0,80,13/12/2024 14:11
3544,0,11.8515,24.4394,791.022,267.331,26,26,25,26,26,25,0,0.0345,320.947,8171.31,8171.31,267.331,3277,31,3276.7,29,29,30,30,118.515,0.0335,215.711,320.947,27,3276,0,25,24,24,0,3276.7,0,80,13/12/2024 14:11
3545,0,11.8515,24.4502,792.269,272.319,26,26,25,26,26,25,0,0.0345,324.688,8171.31,8171.31,272.319,3277,31,3276.7,29,29,30,30,118.515,0.0337,219.701,324.688,27,3276,0,25,24,24,0,3276.7,0,80,13/12/2024 14:11
3546,0,11.8515,24.4575,791.022,273.067,26,26,25,26,26,25,0,0.0345,326.184,8171.31,8171.31,273.067,3277,31,3276.7,29,29,30,30,118.515,0.0337,219.451,326.184,27,3276,0,25,24,24,0,3276.7,0,80,13/12/2024 14:11
3547,0,11.8515,24.443,792.269,278.055,26,26,25,26,26,25,0,0.0345,329.426,8171.31,8171.31,278.055,3277,31,3276.7,29,29,30,30,118.515,0.0335,225.187,329.426,27,3276,0,25,24,24,0,3276.7,0,80,13/12/2024 14:11
3548,0,11.8515,24.443,791.022,288.778,26,26,25,26,26,25,0,0.0345,338.653,8171.31,8171.31,288.778,3277,31,3276.7,29,29,30,30,118.515,0.0335,232.419,338.653,27,3276,0,25,24,24,0,3276.7,0,80,13/12/2024 14:11
3549,0,11.8515,24.4538,792.269,300.997,26,26,25,26,26,25,0,0.0341,350.374,8171.31,8171.31,300.997,3277,31,3276.7,29,29,30,30,118.515,0.0335,249.376,350.374,27,3276,0,25,24,24,0,3276.7,0,80,13/12/2024 14:11
3550,0,11.8515,24.3453,792.019,314.713,26,26,25,26,26,25,0,0.0342,364.089,8171.31,8171.31,314.713,3277,31,3276.7,29,29,30,30,118.515,0.0334,260.1,364.089,27,3276,0,25,24,24,0,3276.7,0,80,13/12/2024 14:11
3551,0,11.8515,24.3526,792.019,326.932,26,26,25,26,26,25,0,0.0342,378.304,8171.31,8171.31,326.932,3277,31,3276.7,29,29,30,30,118.515,0.0335,274.314,378.304,27,3276,0,25,24,24,0,3276.7,0,80,13/12/2024 14:11
3552,0,11.8515,24.4502,792.019,339.152,26,26,25,26,26,25,0,0.0342,389.775,8171.31,8171.31,339.152,3277,31,3276.7,29,29,30,30,118.515,0.0329,287.032,389.775,27,3276,0,25,24,24,0,3276.7,0,80,13/12/2024 14:11
3553,0,11.8515,24.443,792.518,342.892,26,26,25,26,26,25,0,0.0342,395.76,8171.31,8171.31,342.892,3277,31,3276.7,29,29,30,30,118.515,0.0335,288.279,395.76,27,3276,0,25,24,24,0,3276.7,0,80,13/12/2024 14:11
3554,0,11.8515,24.3453,792.518,344.389,26,26,25,26,26,25,0,0.0342,396.758,8171.31,8171.31,344.389,3277,31,3276.7,29,29,30,30,118.515,0.0335,292.02,396.758,27,3276,0,25,24,24,0,3276.7,0,80,13/12/2024 14:11
3555,0,11.8515,24.349,792.518,346.633,26,26,25,26,26,25,0,0.0342,397.257,8171.31,8171.31,346.633,3277,31,3276.7,29,29,30,30,118.515,0.0315,292.518,397.257,27,3276,0,25,24,24,0,3276.7,0,80,13/12/2024 14:11
3556,0,11.8515,24.4502,793.017,346.883,26,26,25,26,26,25,0,0.0342,397.257,8171.31,8171.31,346.883,3277,31,3276.7,29,29,30,30,118.515,0.0315,292.269,397.257,27,3276,0,25,24,24,0,3276.7,0,80,13/12/2024 14:11
3557,0,11.8515,24.443,792.269,349.626,26,26,25,26,26,25,0,0.0342,401.496,8171.31,8171.31,349.626,3277,31,3276.7,29,29,30,30,118.515,0.0315,299.501,401.496,27,3276,0,25,24,24,0,3276.7,0,80,13/12/2024 14:11
3558,0,11.8515,24.4502,792.518,360.598,26,26,25,26,26,25,0,0.0342,410.972,8171.31,8171.31,360.598,3277,31,3276.7,29,29,30,30,118.515,0.0338,307.98,410.972,27,3276,0,25,24,24,0,3276.7,0,80,13/12/2024 14:11
3559,0,11.8515,24.4575,792.518,374.065,26,26,25,26,26,25,0,0.0342,426.932,8171.31,8171.31,374.065,3277,31,3276.7,29,29,30,30,118.515,0.0338,322.942,426.932,27,3276,0,25,24,24,0,3276.7,0,80,13/12/2024 14:11
3560,0,11.8515,24.443,792.518,388.279,26,26,25,26,26,25,0,0.0342,441.396,8171.31,8171.31,388.279,3277,31,3276.7,29,29,30,30,118.515,0.0334,336.159,441.396,27,3276,0,25,24,24,0,3276.7,0,80,13/12/2024 14:11
3561,0,11.8515,24.443,792.518,400.498,26,26,25,26,26,25,0,0.0342,454.364,8171.31,8171.31,400.498,3277,31,3276.7,29,29,30,30,118.515,0.0334,346.883,454.364,27,3276,0,25,24,24,0,3276.7,0,80,13/12/2024 14:11
3562,0,11.8515,24.443,793.516,411.471,26,26,25,26,26,25,0,0.0342,464.089,8171.31,8171.31,411.471,3277,31,3276.7,29,29,30,30,118.515,0.0334,359.601,464.089,27,3276,0,25,24,24,0,3276.7,0,80,13/12/2024 14:11
3563,0,11.8515,24.4538,793.017,415.71,26,26,25,26,26,25,0,0.0342,467.082,8171.31,8171.31,415.71,3277,31,3276.7,29,29,30,30,118.515,0.0335,363.341,467.082,27,3276,0,25,24,24,0,3276.7,0,80,13/12/2024 14:11
3564,0,11.8515,24.443,793.017,415.96,26,26,25,26,26,25,0,0.0342,468.828,8171.31,8171.31,415.96,3277,31,3276.7,29,29,30,30,118.515,0.0335,361.845,468.828,27,3276,0,25,24,24,0,3276.7,0,80,13/12/2024 14:11
3565,0,11.8515,24.443,793.017,420.199,26,26,25,26,26,25,0,0.0342,473.316,8171.31,8171.31,420.199,3277,31,3276.7,29,29,30,30,118.515,0.0335,366.833,473.316,27,3276,0,25,24,24,0,3276.7,0,80,13/12/2024 14:11
3566,0,11.8515,24.349,793.765,429.426,26,26,25,26,26,25,0,0.0342,483.79,8171.31,8171.31,429.426,3277,31,3276.7,29,29,30,30,118.515,0.0335,376.06,483.79,27,3276,0,25,24,24,0,3276.7,0,80,13/12/2024 14:11
3567,0,11.8515,24.3453,794.513,443.142,26,26,25,26,26,25,0,0.0342,496.508,8171.31,8171.31,443.142,3277,31,3276.7,29,29,30,30,118.515,0.0332,388.03,496.508,27,3276,0,25,24,24,0,3276.7,0,80,13/12/2024 14:11
3568,0,11.8515,24.443,794.264,455.86,26,26,25,26,26,25,0,0.0342,508.977,8171.31,8171.31,455.86,3277,31,3276.7,29,29,30,30,118.515,0.0333,403.242,508.977,27,3276,0,25,24,24,0,3276.7,0,80,13/12/2024 14:11
3569,0,11.8515,24.443,794.513,469.326,26,26,25,26,26,25,0,0.0342,521.197,8171.31,8171.31,469.326,3277,31,3276.7,29,29,30,30,118.515,0.0333,413.965,521.197,27,3276,0,25,24,24,0,3276.7,0,80,13/12/2024 14:11
3570,0,11.8515,24.443,794.513,479.052,26,26,25,26,26,25,0,0.0342,530.174,8171.31,8171.31,479.052,3277,31,3276.7,29,29,30,30,118.515,0.0333,424.688,530.174,27,3276,0,25,24,24,0,3276.7,0,80,13/12/2024 14:11
3571,0,11.8515,24.4538,794.762,483.291,26,26,25,26,26,25,0,0.0342,536.159,8171.31,8171.31,483.291,3277,31,3276.7,29,29,30,30,118.515,0.0336,431.421,536.159,27,3276,0,25,24,24,0,3276.7,0,80,13/12/2024 14:11
3572,0,11.8515,24.3417,793.516,483.79,26,26,25,26,26,25,0,0.0342,536.658,8171.31,8171.31,483.79,3277,31,3276.7,29,29,30,30,118.515,0.0337,428.429,536.658,27,3276,0,25,24,24,0,3276.7,0,80,13/12/2024 14:11
3573,0,11.8515,24.3526,794.513,484.538,26,26,25,26,26,25,0,0.0342,538.653,8171.31,8171.31,484.538,3277,31,3276.7,29,29,30,30,118.515,0.0337,431.67,538.653,27,3276,0,25,24,24,0,3276.7,0,80,13/12/2024 14:11
3574,0,11.8515,24.443,795.012,486.284,26,26,25,26,26,25,0,0.0342,538.902,8171.31,8171.31,486.284,3277,31,3276.7,29,29,30,30,118.515,0.0321,434.663,538.902,27,3276,0,25,24,24,0,3276.7,0,80,13/12/2024 14:11
3575,0,11.8515,24.443,794.762,491.271,26,26,25,26,26,25,0,0.0342,543.142,8171.31,8171.31,491.271,3277,31,3276.7,29,29,30,30,118.515,0.0339,436.409,543.142,27,3276,0,25,24,24,0,3276.7,0,80,13/12/2024 14:11
3576,0,11.8515,24.4611,795.012,501.995,26,26,25,26,26,25,0,0.0342,554.114,8171.31,8171.31,501.995,3277,31,3276.7,29,29,30,30,118.515,0.0334,449.127,554.114,27,3276,0,25,24,24,0,3276.7,0,80,13/12/2024 14:11
3577,0,11.8515,24.443,795.012,513.715,26,26,25,26,26,25,0,0.0342,566.583,8171.31,8171.31,513.715,3277,31,3276.7,29,29,30,30,118.515,0.0331,461.596,566.583,27,3276,0,25,24,24,0,3276.7,0,80,13/12/2024 14:11
3578,0,11.8515,24.4538,795.012,526.433,26,26,25,26,26,25,0,0.0342,581.047,8171.31,8171.31,526.433,3277,31,3276.7,29,29,30,30,118.515,0.0331,472.069,581.047,27,3276,0,25,24,24,0,3276.7,0,80,13/12/2024 14:11
3579,0,11.8515,24.4538,795.012,538.653,26,26,25,26,26,25,0,0.0339,593.516,8171.31,8171.31,538.653,3277,31,3276.7,29,29,30,30,118.515,0.0334,487.032,593.516,27,3276,0,25,24,24,0,3276.7,0,80,13/12/2024 14:11
3580,0,11.8515,24.443,796.009,546.384,26,26,25,26,26,25,0,0.0339,600.997,8171.31,8171.31,546.384,3277,31,3276.7,29,29,30,30,118.515,0.0334,493.017,600.997,27,3276,0,25,24,24,0,3276.7,0,80,13/12/2024 14:11
3581,0,11.8515,24.4502,795.51,549.127,26,26,25,26,26,25,0,0.0339,602.493,8171.31,8171.31,549.127,3277,31,3276.7,29,29,30,30,118.515,0.0334,495.012,602.493,27,3276,0,25,24,24,0,3276.7,0,80,13/12/2024 14:11
3582,0,11.8515,24.4538,796.757,548.877,26,26,25,26,26,25,0,0.0339,602.493,8171.31,8171.31,548.877,3277,31,3276.7,29,29,30,30,118.515,0.0335,498.254,602.493,27,3276,0,25,24,24,0,3276.7,0,80,13/12/2024 14:11
3583,0,11.8515,24.4394,796.259,553.615,26,26,25,26,26,25,0,0.0339,606.733,8171.31,8171.31,553.615,3277,31,3276.7,29,29,30,30,118.515,0.0338,498.753,606.733,27,3276,0,25,24,24,0,3276.7,0,80,13/12/2024 14:11
3584,0,11.8515,24.4575,796.757,563.092,26,26,25,26,26,25,0,0.0339,617.456,8171.31,8171.31,563.092,3277,31,3276.7,29,29,30,30,118.515,0.0335,510.723,617.456,27,3276,0,25,24,24,0,3276.7,0,80,13/12/2024 14:11
3585,0,11.8515,24.443,797.256,575.311,26,26,25,26,26,25,0,0.0339,630.174,8171.31,8171.31,575.311,3277,31,3276.7,29,29,30,30,118.515,0.0339,522.942,630.174,27,3276,0,25,24,24,0,3276.7,0,80,13/12/2024 14:11
3586,0,11.8515,24.4394,796.757,587.78,26,26,25,26,26,25,0,0.0339,642.393,8171.31,8171.31,587.78,3277,31,3276.7,29,29,30,30,118.515,0.0339,531.421,642.393,27,3276,0,25,24,24,0,3276.7,0,80,13/12/2024 14:12
3587,0,11.8515,24.443,796.757,597.755,26,26,25,26,26,25,0,0.0339,653.366,8171.31,8171.31,597.755,3277,31,3276.7,29,29,30,30,118.515,0.0334,545.386,653.366,27,3276,0,25,24,24,0,3276.7,0,80,13/12/2024 14:12
3588,0,11.8515,24.4394,796.757,605.236,26,26,25,26,26,25,0,0.0339,659.85,8171.31,8171.31,605.236,3277,31,3276.7,29,29,30,30,118.515,0.0339,549.875,659.85,27,3276,0,25,24,24,0,3276.7,0,80,13/12/2024 14:12
3589,0,11.8515,24.4502,797.007,605.486,26,26,25,26,26,25,0,0.0339,661.097,8171.31,8171.31,605.486,3277,31,3276.7,29,29,30,30,118.515,0.0339,554.364,661.097,27,3276,0,25,24,24,0,3276.7,0,80,13/12/2024 14:12
3590,0,11.8515,24.4394,797.256,606.483,26,26,25,26,26,25,0,0.0339,661.346,8171.31,8171.31,606.483,3277,31,3276.7,29,29,30,30,118.515,0.0318,553.117,661.346,27,3276,0,25,24,24,0,3276.7,0,80,13/12/2024 14:12
3591,0,11.8515,24.4502,797.256,607.98,26,26,25,26,26,25,0,0.0339,661.097,8171.31,8171.31,607.98,3277,31,3276.7,29,29,30,30,118.515,0.0314,553.117,661.097,27,3276,0,25,24,24,0,3276.7,0,80,13/12/2024 14:12
3592,0,11.8515,24.349,797.256,611.72,26,26,25,26,26,25,0,0.0339,665.336,8171.31,8171.31,611.72,3277,31,3276.7,29,29,30,30,118.515,0.0326,559.85,665.336,27,3276,0,25,24,24,0,3276.7,0,80,13/12/2024 14:12
3593,0,11.8515,24.4213,797.256,622.194,26,26,25,26,26,25,0,0.0339,675.062,8171.31,8171.31,622.194,3277,31,3276.7,29,29,30,30,118.515,0.0335,565.586,675.062,27,3276,0,25,24,24,0,3276.7,0,80,13/12/2024 14:12
3594,0,11.8515,24.443,797.506,631.421,26,26,25,26,26,25,0,0.0339,686.034,8171.31,8171.31,631.421,3277,31,3276.7,29,29,30,30,118.515,0.0335,579.301,686.034,27,3276,0,25,24,24,0,3276.7,0,80,13/12/2024 14:12
3595,0,11.8515,24.4575,798.004,642.144,26,26,25,26,26,25,0,0.0339,697.256,8171.31,8171.31,642.144,3277,31,3276.7,29,29,30,30,118.515,0.0332,588.528,697.256,27,3276,0,25,24,24,0,3276.7,0,80,13/12/2024 14:12
3596,0,11.8515,24.3453,797.256,651.371,26,26,25,26,26,25,0,0.0339,707.231,8171.31,8171.31,651.371,3277,31,3276.7,29,29,30,30,118.515,0.0337,598.503,707.231,27,3276,0,25,24,24,0,3276.7,0,80,13/12/2024 14:12
3597,0,11.8515,24.3453,797.506,657.356,26,26,25,26,26,25,0,0.0339,712.718,8171.31,8171.31,657.356,3277,31,3276.7,29,29,30,30,118.515,0.0337,605.236,712.718,27,3276,0,25,24,24,0,3276.7,0,80,13/12/2024 14:12
3598,0,11.8515,24.443,798.752,658.852,26,26,25,26,26,25,0,0.0339,713.715,8171.31,8171.31,658.852,3277,31,3276.7,29,29,30,30,118.515,0.0335,603.99,713.715,27,3276,0,25,24,24,0,3276.7,0,80,13/12/2024 14:12
3599,0,11.8515,24.443,798.254,660.099,26,26,25,26,26,25,0,0.0339,714.463,8171.31,8171.31,660.099,3277,31,3276.7,29,29,30,30,118.515,0.0335,607.98,714.463,27,3276,0,25,24,24,0,3276.7,0,80,13/12/2024 14:12
3600,0,11.8515,24.4502,798.004,663.59,26,26,25,26,26,25,0,0.0339,717.456,8171.31,8171.31,663.59,3277,31,3276.7,29,29,30,30,118.515,0.0335,607.481,717.456,27,3276,0,25,24,24,0,3276.7,0,80,13/12/2024 14:12
3601,0,11.8515,24.4538,798.254,671.072,26,26,25,26,26,25,0,0.0339,725.186,8171.31,8171.31,671.072,3277,31,3276.7,29,29,30,30,118.515,0.0335,618.703,725.186,27,3276,0,25,24,24,0,3276.7,0,80,13/12/2024 14:12
3602,0,11.8515,24.4538,798.254,680.049,26,26,25,26,26,25,0,0.0339,733.915,8171.31,8171.31,680.049,3277,31,3276.7,29,29,30,30,118.515,0.0335,625.436,733.915,27,3276,0,25,24,24,0,3276.7,0,80,13/12/2024 14:12
3603,0,11.8515,24.4394,798.254,688.777,26,26,25,26,26,25,0,0.0339,743.141,8171.31,8171.31,688.777,3277,31,3276.7,29.1,29.1,30,30,118.515,0.0332,637.655,743.141,27,3276,0,25,24,24,0,3276.7,0,80,13/12/2024 14:12
3604,0,11.8515,24.443,798.503,697.007,26,26,25,26,26,25,0,0.0339,752.368,8171.31,8171.31,697.007,3277,31,3276.7,29,29,30,30,118.515,0.0336,642.892,752.368,27,3276,0,25,24,24,0,3276.7,0,80,13/12/2024 14:12
3605,0,11.8515,24.4502,798.254,701.994,26,26,25,26,26,25,0,0.0339,756.358,8171.31,8171.31,701.994,3277,31,3276.7,29,29,30,30,118.515,0.0336,649.625,756.358,27,3276,0,25,24,24,0,3276.7,0,80,13/12/2024 14:12
3606,0,11.8515,24.4358,798.752,702.743,26,26,25,26,26,25,0,0.0339,757.356,8171.31,8171.31,702.743,3277,31,3276.7,29,29,30,30,118.515,0.0336,648.877,757.356,27,3276,0,25,24,24,0,3276.7,0,80,13/12/2024 14:12
3607,0,11.8515,24.4394,798.503,702.743,26,26,25,26,26,25,0,0.0339,758.603,8171.31,8171.31,702.743,3277,31,3276.7,29,29,30,30,118.515,0.0312,650.373,758.603,27,3276,0,25,24,24,0,3276.7,0,80,13/12/2024 14:12
3608,0,11.8515,24.4394,799.251,703.241,26,26,25,26,26,25,0,0.0339,759.6,8171.31,8171.31,703.241,3277,31,3276.7,29,29,30,30,118.515,0.0319,651.122,759.6,27,3276,0,25,24,24,0,3276.7,0,80,13/12/2024 14:12
3609,0,11.8515,24.4538,799.251,704.737,26,26,25,26,26,25,0,0.0343,760.099,8171.31,8171.31,704.737,3277,31,3276.7,29,29,30,30,118.515,0.0323,648.877,760.099,27,3276,0,25,24,24,0,3276.7,0,80,13/12/2024 14:12
3610,0,11.8515,24.4502,799.501,707.481,26,26,25,26,26,25,0,0.034,764.588,8171.31,8171.31,707.481,3277,31,3276.7,29,29,30,30,118.515,0.0323,657.107,764.588,27,3276,0,25,24,24,0,3276.7,0,80,13/12/2024 14:12
3611,0,11.8515,24.443,799.501,715.96,26,26,25,26,26,25,0,0.034,772.069,8171.31,8171.31,715.96,3277,31,3276.7,29,29,30,30,118.515,0.0334,661.097,772.069,27,3276,0,25,24,24,0,3276.7,0,80,13/12/2024 14:12
3612,0,11.8515,24.4538,799.999,723.191,26,26,25,26,26,25,0,0.034,780.049,8171.31,8171.31,723.191,3277,31,3276.7,29,29,30,30,118.515,0.0338,671.321,780.049,27,3276,0,25,24,24,0,3276.7,0,80,13/12/2024 14:12
3613,0,11.8515,24.4394,799.75,730.922,26,26,25,26,26,25,0,0.034,788.279,8171.31,8171.31,730.922,3277,31,3276.7,29,29,30,30,118.515,0.0338,674.812,788.279,27,3276,0,25,24,24,0,3276.7,0,80,13/12/2024 14:12
3614,0,11.8515,24.4502,798.752,737.655,26,26,25,26,26,25,0,0.034,794.513,8171.31,8171.31,737.655,3277,31,3276.7,29,29,30,30,118.515,0.0334,685.286,794.513,27,3276,0,25,24,24,0,3276.7,0,80,13/12/2024 14:12
3615,0,11.8515,24.4538,799.75,741.146,26,26,25,26,26,25,0,0.034,797.506,8171.31,8171.31,741.146,3277,31,3276.7,29,29,30,30,118.515,0.0332,684.787,797.506,27,3276,0,25,24,24,0,3276.7,0,80,13/12/2024 14:12
3616,0,11.8515,24.443,799.999,740.648,26,26,25,26,26,25,0,0.034,798.004,8171.31,8171.31,740.648,3277,31,3276.7,29,29,30,30,118.515,0.0338,688.777,798.004,27,3276,0,25,24,24,0,3276.7,0,80,13/12/2024 14:12
3617,0,11.8515,24.4394,800.498,741.396,26,26,25,26,26,25,0,0.034,798.254,8171.31,8171.31,741.396,3277,31,3276.7,29,29,30,30,118.515,0.0334,685.286,798.254,27,3276,0,25,24,24,0,3276.7,0,80,13/12/2024 14:12
3618,0,11.8515,24.4394,799.999,745.136,26,26,25,26,26,25,0,0.034,800.747,8171.31,8171.31,745.136,3277,31,3276.7,29,29,30,30,118.515,0.0334,692.518,800.747,27,3276,0,25,24,24,0,3276.7,0,80,13/12/2024 14:12
3619,0,11.8515,24.4394,800.747,750.872,26,26,25,26,26,25,0,0.034,806.982,8171.31,8171.31,750.872,3277,31,3276.7,29,29,30,30,118.515,0.0335,694.513,806.982,27,3276,0,25,24,24,0,3276.7,0,80,13/12/2024 14:12
3620,0,11.8515,24.443,799.75,755.86,26,26,25,26,26,25,0,0.034,813.466,8171.31,8171.31,755.86,3277,31,3276.7,29,29,30,30,118.515,0.0333,704.488,813.466,27,3276,0,25,24,24,0,3276.7,0,80,13/12/2024 14:12
3621,0,11.8515,24.443,799.999,762.343,26,26,25,26,26,25,0,0.034,818.703,8171.31,8171.31,762.343,3277,31,3276.7,29,29,30,30,118.515,0.0333,705.236,818.703,27,3276,0,25,24,24,0,3276.7,0,80,13/12/2024 14:12
3622,0,11.8515,24.443,800.747,766.333,26,26,25,26,26,25,0,0.034,823.441,8171.31,8171.31,766.333,3277,31,3276.7,29,29,30,30,118.515,0.0337,714.463,823.441,27,3276,0,25,24,24,0,3276.7,0,80,13/12/2024 14:12
3623,0,11.8515,24.443,800.747,768.827,26,26,25,26,26,25,0,0.034,824.937,8171.31,8171.31,768.827,3277,31,3276.7,29.1,29.1,30,30,118.515,0.0337,712.718,824.937,27,3276,0,25,24,24,0,3276.7,0,80,13/12/2024 14:12
3624,0,11.8515,24.349,799.75,769.575,26,26,25,26,26,25,0,0.034,824.937,8171.31,8171.31,769.575,3277,31,3276.7,29,29,30,30,118.515,0.0335,717.206,824.937,27,3276,0,25,24,24,0,3276.7,0,80,13/12/2024 14:12
3625,0,11.8515,24.443,799.999,769.326,26,26,25,26,26,25,0,0.034,824.937,8171.31,8171.31,769.326,3277,31,3276.7,29,29,30,30,118.515,0.0316,712.219,824.937,27,3276,0,25,24,24,0,3276.7,0,80,13/12/2024 14:12
3626,0,11.8515,24.4538,800.997,769.825,26,26,25,26,26,25,0,0.034,824.937,8171.31,8171.31,769.825,3277,31,3276.7,29,29,30,30,118.515,0.0316,715.96,824.937,27,3276,0,25,24,24,0,3276.7,0,80,13/12/2024 14:12
3627,0,11.8515,24.4538,800.498,770.573,26,26,25,26,26,25,0,0.034,824.937,8171.31,8171.31,770.573,3277,31,3276.7,29,29,30,30,118.515,0.0316,712.718,824.937,27,3276,0,25,24,24,0,3276.7,0,80,13/12/2024 14:12
3628,0,11.8515,24.443,802.244,773.067,26,26,25,26,26,25,0,0.034,827.431,8171.31,8171.31,773.067,3277,31,3276.7,29,29,30,30,118.515,0.0331,720.199,827.431,27,3276,0,25,24,24,0,3276.7,0,80,13/12/2024 14:12
3629,0,11.8515,24.4394,802.992,777.306,26,26,25,26,26,25,0,0.034,831.919,8171.31,8171.31,777.306,3277,31,3276.7,29,29,30,30,118.515,0.0331,720.199,831.919,27,3276,0,25,24,24,0,3276.7,0,80,13/12/2024 14:12
3630,0,11.8515,24.4502,802.493,782.044,26,26,25,26,26,25,0,0.034,836.907,8171.31,8171.31,782.044,3277,31,3276.7,29,29,30,30,118.515,0.0335,728.428,836.907,27,3276,0,25,24,24,0,3276.7,0,80,13/12/2024 14:12
3631,0,11.8515,24.443,802.992,787.032,26,26,25,26,26,25,0,0.034,838.653,8171.31,8171.31,787.032,3277,31,3276.7,29,29,30,30,118.515,0.0332,729.426,838.653,27,3276,0,25,24,24,0,3276.7,0,80,13/12/2024 14:12
3632,0,11.8515,24.4538,804.239,788.279,26,26,25,26,26,25,0,0.034,842.393,8171.31,8171.31,788.279,3277,31,3276.7,29,29,30,30,118.515,0.0334,737.156,842.393,27,3276,0,25,24,24,0,3276.7,0,80,13/12/2024 14:12
3633,0,11.8515,24.4502,804.488,789.526,26,26,25,26,26,25,0,0.034,843.64,8171.31,8171.31,789.526,3277,31,3276.7,29,29,30,30,118.515,0.0334,731.92,843.64,27,3276,0,25,24,24,0,3276.7,0,80,13/12/2024 14:12
3634,0,11.8515,24.3453,804.987,789.775,26,26,25,26,26,25,0,0.034,843.64,8171.31,8171.31,789.775,3277,31,3276.7,29,29,30,30,118.515,0.0334,737.406,843.64,27,3276,0,25,24,24,0,3276.7,0,80,13/12/2024 14:12
3635,0,11.8515,24.3453,804.987,789.775,26,26,25,26,26,25,0,0.034,843.64,8171.31,8171.31,789.775,3277,31,3276.7,29,29,30,30,118.515,0.0331,732.668,843.64,27,3276,0,25,24,24,0,3276.7,0,80,13/12/2024 14:12
3636,0,11.8515,24.443,805.735,790.772,26,26,25,26,26,25,0,0.034,846.134,8171.31,8171.31,790.772,3277,31,3276.7,29,29,30,30,118.515,0.0333,738.653,846.134,27,3276,0,25,24,24,0,3276.7,0,80,13/12/2024 14:12
3637,0,11.8515,24.4394,806.234,795.012,26,26,25,26,26,25,0,0.034,848.628,8171.31,8171.31,795.012,3277,31,3276.7,29,29,30,30,118.515,0.0333,740.149,848.628,27,3276,0,25,24,24,0,3276.7,0,80,13/12/2024 14:12
3638,0,11.8515,24.4502,807.481,797.506,26,26,25,26,26,25,0,0.034,850.872,8171.31,8171.31,797.506,3277,31,3276.7,29,29,30,30,118.515,0.0333,745.885,850.872,27,3276,0,25,24,24,0,3276.7,0,80,13/12/2024 14:12
3639,0,11.8515,24.4502,807.481,797.506,26,26,25,26,26,25,0,0.034,850.872,8171.31,8171.31,797.506,3277,31,3276.7,29,29,30,30,118.515,0.0333,745.885,850.872,27,3276,0,25,24,24,0,3276.7,0,80,13/12/2024 14:12
3640,0,11.8515,24.443,808.478,800.498,26,26,25,26,26,25,0,0.0341,854.613,8171.31,8171.31,800.498,3277,31,3276.7,29,29,30,30,118.515,0.0335,749.625,854.613,27,3276,0,25,24,24,0,3276.7,0,80,13/12/2024 14:12
3641,0,11.8515,24.443,809.725,801.246,26,26,25,26,26,25,0,0.0341,855.361,8171.31,8171.31,801.246,3277,31,3276.7,29,29,30,30,118.515,0.0335,745.635,855.361,27,3276,0,25,24,24,0,3276.7,0,80,13/12/2024 14:12
3642,0,11.8515,24.4538,809.974,800.498,26,26,25,26,26,25,0,0.0341,855.61,8171.31,8171.31,800.498,3277,31,3276.7,29,29,30,30,118.515,0.0335,750.124,855.61,27,3276,0,25,24,24,0,3276.7,0,80,13/12/2024 14:12
3643,0,11.8515,24.4538,810.723,800.997,26,26,25,26,26,25,0,0.0341,854.862,8171.31,8171.31,800.997,3277,31,3276.7,29,29,30,30,118.515,0.0315,745.136,854.862,27,3276,0,25,24,24,0,3276.7,0,80,13/12/2024 14:12
3644,0,11.8515,24.4502,810.473,800.997,26,26,25,26,26,25,0,0.0341,855.361,8171.31,8171.31,800.997,3277,31,3276.7,29,29,30,30,118.515,0.0309,749.625,855.361,27,3276,0,25,24,24,0,3276.7,0,80,13/12/2024 14:12
3645,0,11.8515,24.443,810.723,800.747,26,26,25,26,26,25,0,0.0341,855.61,8171.31,8171.31,800.747,3277,31,3276.7,29.1,29.1,30,30,118.515,0.0309,745.635,855.61,27,3276,0,25,24,24,0,3276.7,0,80,13/12/2024 14:13
3646,0,11.8515,24.443,810.473,802.992,26,26,25,26,26,25,0,0.0341,857.107,8171.31,8171.31,802.992,3277,31,3276.7,29.1,29.1,30,30,118.515,0.0336,749.875,857.107,27,3276,0,25,24,24,0,3276.7,0,80,13/12/2024 14:13
3647,0,11.8515,24.443,811.221,803.491,26,26,25,26,26,25,0,0.0341,858.353,8171.31,8171.31,803.491,3277,31,3276.7,29.1,29.1,30,30,118.515,0.0334,747.63,858.353,27,3276,0,25,24,24,0,3276.7,0,80,13/12/2024 14:13
3648,0,11.8515,24.4502,812.219,804.987,26,26,25,26,26,25,0,0.0341,859.351,8171.31,8171.31,804.987,3277,31,3276.7,29,29,30,30,118.515,0.033,753.117,859.351,27,3276,0,25,24,24,0,3276.7,0,80,13/12/2024 14:13
3649,0,11.8515,24.4502,812.468,804.987,26,26,25,26,26,25,0,0.0341,859.6,8171.31,8171.31,804.987,3277,31,3276.7,29,29,30,30,118.515,0.0333,749.376,859.6,27,3276,0,25,24,24,0,3276.7,0,80,13/12/2024 14:13
3650,0,11.8515,24.443,812.219,804.987,26,26,25,26,26,25,0,0.0341,860.598,8171.31,8171.31,804.987,3277,31,3276.7,29,29,30,30,118.515,0.0333,753.366,860.598,27,3276,0,25,24,24,0,3276.7,0,80,13/12/2024 14:13
3651,0,11.8515,24.4538,812.468,805.984,26,26,25,26,26,25,0,0.0341,860.847,8171.31,8171.31,805.984,3277,31,3276.7,29,29,30,30,118.515,0.0333,750.623,860.847,27,3276,0,25,24,24,0,3276.7,0,80,13/12/2024 14:13
3652,0,11.8515,24.4321,812.468,805.486,26,26,25,26,26,25,0,0.0341,860.598,8171.31,8171.31,805.486,3277,31,3276.7,29,29,30,30,118.515,0.0339,753.865,860.598,27,3276,0,25,24,24,0,3276.7,0,80,13/12/2024 14:13
3653,0,11.8515,24.443,813.216,804.987,26,26,25,26,26,25,0,0.0341,861.595,8171.31,8171.31,804.987,3277,31,3276.7,29,29,30,30,118.515,0.0339,749.875,861.595,27,3276,0,25,24,24,0,3276.7,0,80,13/12/2024 14:13
3654,0,11.8515,24.4502,812.468,804.987,26,26,25,26,26,25,0,0.0341,861.595,8171.31,8171.31,804.987,3277,31,3276.7,29,29,30,30,118.515,0.0336,753.615,861.595,27,3276,0,25,24,24,0,3276.7,0,80,13/12/2024 14:13
3655,0,11.8515,24.4358,812.219,805.486,26,26,25,26,26,25,0,0.0341,862.094,8171.31,8171.31,805.486,3277,31,3276.7,29,29,30,30,118.515,0.0333,749.875,862.094,27,3276,0,25,24,24,0,3276.7,0,80,13/12/2024 14:13
3656,0,11.8515,24.4502,813.216,806.732,26,26,25,26,26,25,0,0.0341,862.094,8171.31,8171.31,806.732,3277,31,3276.7,29,29,30,30,118.515,0.0333,753.865,862.094,27,3276,0,25,24,24,0,3276.7,0,80,13/12/2024 14:13
3657,0,11.8515,24.443,812.468,806.234,26,26,25,26,26,25,0,0.0341,861.845,8171.31,8171.31,806.234,3277,31,3276.7,29,29,30,30,118.515,0.0335,750.124,861.845,27,3276,0,25,24,24,0,3276.7,0,80,13/12/2024 14:13
3658,0,11.8515,24.4538,812.967,806.234,26,26,25,26,26,25,0,0.0341,862.842,8171.31,8171.31,806.234,3277,31,3276.7,29,29,30,30,118.515,0.0335,755.112,862.842,27,3276,0,25,24,24,0,3276.7,0,80,13/12/2024 14:13
3659,0,11.8515,24.443,810.972,805.735,26,26,25,26,26,25,0,0.0341,862.343,8171.31,8171.31,805.735,3277,31,3276.7,29,29,30,30,118.515,0.0335,750.124,862.343,27,3276,0,25,24,24,0,3276.7,0,80,13/12/2024 14:13
3660,0,11.8515,24.4538,806.732,806.234,26,26,25,26,26,25,0,0.0341,862.094,8171.31,8171.31,806.234,3277,31,3276.7,29,29,30,30,118.515,0.0325,754.613,862.094,27,3276,0,25,24,24,0,3276.7,0,80,13/12/2024 14:13
3661,0,11.8515,24.4502,804.239,806.234,26,26,25,26,26,25,0,0.0341,861.845,8171.31,8171.31,806.234,3277,31,3276.7,29,29,30,30,118.515,0.0325,750.124,861.845,27,3276,0,25,24,24,0,3276.7,0,80,13/12/2024 14:13
3662,0,11.8515,24.4502,802.493,806.234,26,26,25,26,26,25,0,0.0341,862.094,8171.31,8171.31,806.234,3277,31,3276.7,29,29,30,30,118.515,0.0318,754.862,862.094,27,3276,0,25,24,24,0,3276.7,0,80,13/12/2024 14:13
3663,0,11.8515,24.443,802.493,804.987,26,26,25,26,26,25,0,0.0341,864.588,8171.31,8171.31,804.987,3277,31,3276.7,29,29,30,30,118.515,0.031,750.623,864.588,27,3276,0,25,24,24,0,3276.7,0,80,13/12/2024 14:13
3664,0,11.8515,24.4538,802.493,805.984,26,26,25,26,26,25,0,0.0341,862.094,8171.31,8171.31,805.984,3277,31,3276.7,29,29,30,30,118.515,0.0324,753.117,862.094,27,3276,0,25,24,24,0,3276.7,0,80,13/12/2024 14:13
3665,0,11.8515,24.4538,802.992,807.481,26,26,25,26,26,25,0,0.0341,861.595,8171.31,8171.31,807.481,3277,31,3276.7,29,29,30,30,118.515,0.0333,751.371,861.595,27,3276,0,25,24,24,0,3276.7,0,80,13/12/2024 14:13
3666,0,11.8515,24.4502,802.493,805.486,26,26,25,26,26,25,0,0.0341,861.595,8171.31,8171.31,805.486,3277,31,3276.7,29,29,30,30,118.515,0.0333,753.117,861.595,27,3276,0,25,24,24,0,3276.7,0,80,13/12/2024 14:13
3667,0,11.8515,24.4502,802.493,805.735,26,26,25,26,26,25,0,0.0341,862.094,8171.31,8171.31,805.735,3277,31,3276.7,29,29,30,30,118.515,0.033,751.87,862.094,27,3276,0,25,24,24,0,3276.7,0,80,13/12/2024 14:13
3668,0,11.8515,24.4502,802.244,806.234,26,26,25,26,26,25,0,0.0341,860.847,8171.31,8171.31,806.234,3277,31,3276.7,29,29,30,30,118.515,0.033,753.615,860.847,27,3276,0,25,24,24,0,3276.7,0,80,13/12/2024 14:13
3669,0,11.8515,24.4538,802.493,806.732,26,26,25,26,26,25,0,0.0342,860.348,8171.31,8171.31,806.732,3277,31,3276.7,29,29,30,30,118.515,0.0333,751.87,860.348,27,3276,0,25,24,24,0,3276.7,0,80,13/12/2024 14:13
3670,0,11.8515,24.4394,802.493,805.984,26,26,25,26,26,25,0,0.0339,860.348,8171.31,8171.31,805.984,3277,31,3276.7,29,29,30,30,118.515,0.0331,753.117,860.348,27,3276,0,25,24,24,0,3276.7,0,80,13/12/2024 14:13
3671,0,11.8515,24.3345,802.244,806.234,26,26,25,26,26,25,0,0.0339,860.847,8171.31,8171.31,806.234,3277,31,3276.7,29,29,30,30,118.515,0.0331,751.122,860.847,27,3276,0,25,24,24,0,3276.7,0,80,13/12/2024 14:13
3672,0,11.8515,24.349,802.493,805.735,26,26,25,26,26,25,0,0.0339,861.096,8171.31,8171.31,805.735,3277,31,3276.7,29,29,30,30,118.515,0.0328,753.366,861.096,27,3276,0,25,24,24,0,3276.7,0,80,13/12/2024 14:13
3673,0,11.8515,24.3309,802.493,806.234,26,26,25,26,26,25,0,0.0339,860.598,8171.31,8171.31,806.234,3277,31,3276.7,29,29,30,30,118.515,0.0337,750.872,860.598,27,3276,0,25,24,24,0,3276.7,0,80,13/12/2024 14:13
3674,0,11.8515,24.4394,802.493,806.234,26,26,25,26,26,25,0,0.0339,859.85,8171.31,8171.31,806.234,3277,31,3276.7,29,29,30,30,118.515,0.0337,752.368,859.85,27,3276,0,25,24,24,0,3276.7,0,80,13/12/2024 14:13
3675,0,11.8515,24.4538,802.493,806.234,26,26,25,26,26,25,0,0.0339,860.598,8171.31,8171.31,806.234,3277,31,3276.7,29,29,30,30,118.515,0.0328,750.623,860.598,27,3276,0,25,24,24,0,3276.7,0,80,13/12/2024 14:13
3676,0,11.8515,24.4358,802.493,805.984,26,26,25,26,26,25,0,0.0339,860.598,8171.31,8171.31,805.984,3277,31,3276.7,29,29,30,30,118.515,0.0329,753.117,860.598,27,3276,0,25,24,24,0,3276.7,0,80,13/12/2024 14:13
3677,0,11.8515,24.4502,802.244,806.982,26,26,25,26,26,25,0,0.0339,860.598,8171.31,8171.31,806.982,3277,31,3276.7,29,29,30,30,118.515,0.0329,750.124,860.598,27,3276,0,25,24,24,0,3276.7,0,80,13/12/2024 14:13
3678,0,11.8515,24.443,802.244,805.984,26,26,25,26,26,25,0,0.0339,859.85,8171.31,8171.31,805.984,3277,31,3276.7,29,29,30,30,118.515,0.0329,753.366,859.85,27,3276,0,25,24,24,0,3276.7,0,80,13/12/2024 14:13
3679,0,11.8515,24.4394,802.992,805.735,26,26,25,26,26,25,0,0.0339,860.348,8171.31,8171.31,805.735,3277,31,3276.7,29,29,30,30,118.515,0.0322,749.875,860.348,27,3276,0,25,24,24,0,3276.7,0,80,13/12/2024 14:13
3680,0,11.8515,24.4502,802.244,806.732,26,26,25,26,26,25,0,0.0339,860.598,8171.31,8171.31,806.732,3277,31,3276.7,29,29,30,30,118.515,0.0314,753.865,860.598,27,3276,0,25,24,24,0,3276.7,0,80,13/12/2024 14:13
3681,0,11.8515,24.4538,802.493,805.984,26,26,25,26,26,25,0,0.0339,861.096,8171.31,8171.31,805.984,3277,31,3276.7,29,29,30,30,118.515,0.031,749.875,861.096,27,3276,0,25,24,24,0,3276.7,0,80,13/12/2024 14:13
3682,0,11.8515,24.443,802.493,806.234,26,26,25,26,26,25,0,0.0339,860.598,8171.31,8171.31,806.234,3277,31,3276.7,29,29,30,30,118.515,0.031,754.363,860.598,27,3276,0,25,24,24,0,3276.7,0,80,13/12/2024 14:13
3683,0,11.8515,24.4502,803.241,804.737,26,26,25,26,26,25,0,0.0339,860.598,8171.31,8171.31,804.737,3277,31,3276.7,29,29,30,30,118.515,0.0312,748.378,860.598,27,3276,0,25,24,24,0,3276.7,0,80,13/12/2024 14:13
3684,0,11.8515,24.4502,802.493,805.486,26,26,25,26,26,25,0,0.0339,860.348,8171.31,8171.31,805.486,3277,31,3276.7,29,29,30,30,118.515,0.0316,753.117,860.348,27,3276,0,25,24,24,0,3276.7,0,80,13/12/2024 14:13
3685,0,11.8515,24.4502,802.493,804.987,26,26,25,26,26,25,0,0.0339,861.595,8171.31,8171.31,804.987,3277,31,3276.7,29,29,30,30,118.515,0.0316,749.625,861.595,27,3276,0,25,24,24,0,3276.7,0,80,13/12/2024 14:13
3686,0,11.8515,24.443,802.992,805.735,26,26,25,26,26,25,0,0.0339,861.595,8171.31,8171.31,805.735,3277,31,3276.7,29,29,30,30,118.515,0.0314,753.117,861.595,27,3276,0,25,24,24,0,3276.7,0,80,13/12/2024 14:13
3687,0,11.8515,24.443,802.493,805.735,26,26,25,26,26,25,0,0.0339,860.847,8171.31,8171.31,805.735,3277,31,3276.7,29,29,30,30,118.515,0.0315,749.625,860.847,27,3276,0,25,24,24,0,3276.7,0,80,13/12/2024 14:13
3688,0,11.8515,24.3417,802.244,805.984,26,26,25,26,26,25,0,0.0339,861.096,8171.31,8171.31,805.984,3277,31,3276.7,29,29,30,30,118.515,0.0315,753.366,861.096,27,3276,0,25,24,24,0,3276.7,0,80,13/12/2024 14:13
3689,0,11.8515,24.443,802.493,804.987,26,26,25,26,26,25,0,0.0339,860.348,8171.31,8171.31,804.987,3277,31,3276.7,29,29,30,30,118.515,0.0315,750.124,860.348,27,3276,0,25,24,24,0,3276.7,0,80,13/12/2024 14:13
3690,0,11.8515,24.443,802.244,805.486,26,26,25,26,26,25,0,0.0339,861.096,8171.31,8171.31,805.486,3277,31,3276.7,29,29,30,30,118.515,0.0315,752.368,861.096,27,3276,0,25,24,24,0,3276.7,0,80,13/12/2024 14:13
3691,0,11.8515,24.4538,802.493,805.486,26,26,25,26,26,25,0,0.0339,860.847,8171.31,8171.31,805.486,3277,31,3276.7,29,29,30,30,118.515,0.0314,750.623,860.847,27,3276,0,25,24,24,0,3276.7,0,80,13/12/2024 14:13
3692,0,11.8515,24.4502,802.493,805.486,26,26,25,26,26,25,0,0.0339,860.847,8171.31,8171.31,805.486,3277,31,3276.7,29,29,30,30,118.515,0.0317,751.122,860.847,27,3276,0,25,24,24,0,3276.7,0,80,13/12/2024 14:13
3693,0,11.8515,24.4502,802.493,805.984,26,26,25,26,26,25,0,0.0339,859.85,8171.31,8171.31,805.984,3277,31,3276.7,29,29,30,30,118.515,0.0317,751.371,859.85,27,3276,0,25,24,24,0,3276.7,0,80,13/12/2024 14:13
3694,0,11.8515,24.443,801.994,805.486,26,26,25,26,26,25,0,0.0339,859.85,8171.31,8171.31,805.486,3277,31,3276.7,29,29,30,30,118.515,0.0315,752.368,859.85,27,3276,0,25,24,24,0,3276.7,0,80,13/12/2024 14:13
3695,0,11.8515,24.443,802.244,804.987,26,26,25,26,26,25,0,0.0339,860.348,8171.31,8171.31,804.987,3277,31,3276.7,29,29,30,30,118.515,0.0319,750.124,860.348,27,3276,0,25,24,24,0,3276.7,0,80,13/12/2024 14:13
3696,0,11.8515,24.443,802.493,805.486,26,26,25,26,26,25,0,0.0339,859.6,8171.31,8171.31,805.486,3277,31,3276.7,29,29,30,30,118.515,0.0319,752.368,859.6,27,3276,0,25,24,24,0,3276.7,0,80,13/12/2024 14:13
3697,0,11.8515,24.4575,802.493,805.735,26,26,25,26,26,25,0,0.0339,859.351,8171.31,8171.31,805.735,3277,31,3276.7,29,29,30,30,118.515,0.0314,749.376,859.351,27,3276,0,25,24,24,0,3276.7,0,80,13/12/2024 14:13
3698,0,11.8515,24.443,802.493,805.735,26,26,25,26,26,25,0,0.0339,859.101,8171.31,8171.31,805.735,3277,31,3276.7,29,29,30,30,118.515,0.0314,752.618,859.101,27,3276,0,25,24,24,0,3276.7,0,80,13/12/2024 14:13
3699,0,11.8515,24.443,802.244,804.987,26,26,25,26,26,25,0,0.0339,859.85,8171.31,8171.31,804.987,3277,31,3276.7,29,29,30,30,118.515,0.0316,748.628,859.85,27,3276,0,25,24,24,0,3276.7,0,80,13/12/2024 14:13
3700,0,11.8515,24.4575,802.992,804.987,26,26,25,26,26,25,0,0.0339,859.6,8171.31,8171.31,804.987,3277,31,3276.7,29,29,30,30,118.515,0.0314,753.366,859.6,27,3276,0,25,24,24,0,3276.7,0,80,13/12/2024 14:13
3701,0,11.8515,24.443,802.244,805.984,26,26,25,26,26,25,0,0.0339,859.6,8171.31,8171.31,805.984,3277,31,3276.7,29,29,30,30,118.515,0.0314,749.376,859.6,27,3276,0,25,24,24,0,3276.7,0,80,13/12/2024 14:13
3702,0,11.8515,24.4394,802.493,805.486,26,26,25,26,26,25,0,0.0339,861.096,8171.31,8171.31,805.486,3277,31,3276.7,29,29,30,30,118.515,0.0315,752.368,861.096,27,3276,0,25,24,24,0,3276.7,0,80,13/12/2024 14:13
3703,0,11.8515,24.4538,802.493,805.486,26,26,25,26,26,25,0,0.0339,861.845,8171.31,8171.31,805.486,3277,31,3276.7,29,29,30,30,118.515,0.0313,750.124,861.845,27,3276,0,25,24,24,0,3276.7,0,80,13/12/2024 14:13
3704,0,11.8515,24.443,802.493,805.486,26,26,25,26,26,25,0,0.0339,861.595,8171.31,8171.31,805.486,3277,31,3276.7,29,29,30,30,118.515,0.0313,750.872,861.595,27,3276,0,25,24,24,0,3276.7,0,80,13/12/2024 14:13
3705,0,11.8515,24.4394,802.992,806.234,26,26,25,26,26,25,0,0.0339,861.845,8171.31,8171.31,806.234,3277,31,3276.7,29,29,30,30,118.515,0.0317,751.87,861.845,27,3276,0,25,24,24,0,3276.7,0,80,13/12/2024 14:14
3706,0,11.8515,24.4394,803.491,804.987,26,26,25,26,26,25,0,0.0339,861.595,8171.31,8171.31,804.987,3277,31,3276.7,29,29,30,30,118.515,0.0317,749.376,861.595,27,3276,0,25,24,24,0,3276.7,0,80,13/12/2024 14:14
3707,0,11.8515,24.4394,802.493,804.987,26,26,25,26,26,25,0,0.0339,860.348,8171.31,8171.31,804.987,3277,31,3276.7,29,29,30,30,118.515,0.0314,752.368,860.348,27,3276,0,25,24,24,0,3276.7,0,80,13/12/2024 14:14
3708,0,11.8515,24.443,802.493,805.735,26,26,25,26,26,25,0,0.0339,859.85,8171.31,8171.31,805.735,3277,31,3276.7,29,29,30,30,118.515,0.0312,748.628,859.85,27,3276,0,25,24,24,0,3276.7,0,80,13/12/2024 14:14
3709,0,11.8515,24.443,802.493,804.987,26,26,25,26,26,25,0,0.0339,859.6,8171.31,8171.31,804.987,3277,31,3276.7,29,29,30,30,118.515,0.0312,751.87,859.6,27,3276,0,25,24,24,0,3276.7,0,80,13/12/2024 14:14
3710,0,11.8515,24.4538,802.244,805.486,26,26,25,26,26,25,0,0.0339,859.6,8171.31,8171.31,805.486,3277,31,3276.7,29,29,30,30,118.515,0.0318,752.119,859.6,27,3276,0,25,24,24,0,3276.7,0,80,13/12/2024 14:14
3711,0,11.8515,24.4575,802.244,805.735,26,26,25,26,26,25,0,0.0339,861.096,8171.31,8171.31,805.735,3277,31,3276.7,29,29,30,30,118.515,0.0309,749.376,861.096,27,3276,0,25,24,24,0,3276.7,0,80,13/12/2024 14:14
3712,0,11.8515,24.4502,802.493,805.486,26,26,25,26,26,25,0,0.0339,861.096,8171.31,8171.31,805.486,3277,31,3276.7,29,29,30,30,118.515,0.0312,752.119,861.096,27,3276,0,25,24,24,0,3276.7,0,80,13/12/2024 14:14
3713,0,11.8515,24.4394,802.493,805.735,26,26,25,26,26,25,0,0.0339,861.595,8171.31,8171.31,805.735,3277,31,3276.7,29,29,30,30,118.515,0.0307,750.124,861.595,27,3276,0,25,24,24,0,3276.7,0,80,13/12/2024 14:14
3714,0,11.8515,24.4358,802.244,805.486,26,26,25,26,26,25,0,0.0339,860.348,8171.31,8171.31,805.486,3277,31,3276.7,29,29,30,30,118.515,0.0307,749.376,860.348,27,3276,0,25,24,24,0,3276.7,0,80,13/12/2024 14:14
3715,0,11.8515,24.4575,802.493,805.984,26,26,25,26,26,25,0,0.0339,859.6,8171.31,8171.31,805.984,3277,31,3276.7,29,29,30,30,118.515,0.0312,752.368,859.6,27,3276,0,25,24,24,0,3276.7,0,80,13/12/2024 14:14
3716,0,11.8515,24.4575,802.244,806.732,26,26,25,26,26,25,0,0.0339,859.85,8171.31,8171.31,806.732,3277,31,3276.7,29,29,30,30,118.515,0.0314,749.875,859.85,27,3276,0,25,24,24,0,3276.7,0,80,13/12/2024 14:14
3717,0,11.8515,24.4575,802.992,805.984,26,26,25,26,26,25,0,0.0339,860.847,8171.31,8171.31,805.984,3277,31,3276.7,29,29,30,30,118.515,0.0314,748.877,860.847,27,3276,0,25,24,24,0,3276.7,0,80,13/12/2024 14:14
3718,0,11.8515,24.4502,802.493,804.987,26,26,25,26,26,25,0,0.0339,862.343,8171.31,8171.31,804.987,3277,31,3276.7,29,29,30,30,118.515,0.0312,750.623,862.343,27,3276,0,25,24,24,0,3276.7,0,80,13/12/2024 14:14
3719,0,11.8515,24.4502,802.992,804.987,26,26,25,26,26,25,0,0.0339,861.096,8171.31,8171.31,804.987,3277,31,3276.7,29,29,30,30,118.515,0.0316,750.124,861.096,27,3276,0,25,24,24,0,3276.7,0,80,13/12/2024 14:14
3720,0,11.8515,24.4502,802.493,805.486,26,26,25,26,26,25,0,0.0339,859.351,8171.31,8171.31,805.486,3277,31,3276.7,29,29,30,30,118.515,0.0313,748.877,859.351,27,3276,0,25,24,24,0,3276.7,0,80,13/12/2024 14:14
3721,0,11.8515,24.4394,802.493,804.987,26,26,25,26,26,25,0,0.0339,860.847,8171.31,8171.31,804.987,3277,31,3276.7,29,29,30,30,118.515,0.0309,751.122,860.847,27,3276,0,25,24,24,0,3276.7,0,80,13/12/2024 14:14
3722,0,11.8515,24.4394,802.992,805.486,26,26,25,26,26,25,0,0.0339,861.096,8171.31,8171.31,805.486,3277,31,3276.7,29,29,30,30,118.515,0.0314,752.618,861.096,27,3276,0,25,24,24,0,3276.7,0,80,13/12/2024 14:14
3723,0,11.8515,24.4502,802.493,805.486,26,26,25,26,26,25,0,0.0342,860.348,8171.31,8171.31,805.486,3277,31,3276.7,29,29,30,30,118.515,0.0316,751.122,860.348,27,3276,0,25,24,24,0,3276.7,0,80,13/12/2024 14:14
3724,0,11.8515,24.4538,802.992,804.987,26,26,25,26,26,25,0,0.0333,859.351,8171.31,8171.31,804.987,3277,31,3276.7,29,29,30,30,118.515,0.0316,750.124,859.351,27,3276,0,25,24,24,0,3276.7,0,80,13/12/2024 14:14
3725,0,11.8515,24.4575,803.241,804.987,26,26,25,26,26,25,0,0.0333,860.847,8171.31,8171.31,804.987,3277,31,3276.7,29,29,30,30,118.515,0.0316,751.122,860.847,27,3276,0,25,24,24,0,3276.7,0,80,13/12/2024 14:14
3726,0,11.8515,24.4538,802.493,805.486,26,26,25,26,26,25,0,0.0333,860.847,8171.31,8171.31,805.486,3277,31,3276.7,29,29,30,30,118.515,0.0312,752.618,860.847,27,3276,0,25,24,24,0,3276.7,0,80,13/12/2024 14:14
3727,0,11.8515,24.4502,802.493,805.486,26,26,25,26,26,25,0,0.0333,859.351,8171.31,8171.31,805.486,3277,31,3276.7,29,29,30,30,118.515,0.0312,750.872,859.351,27,3276,0,25,24,24,0,3276.7,0,80,13/12/2024 14:14
3728,0,11.8515,24.4394,801.994,804.987,26,26,25,26,26,25,0,0.0333,859.6,8171.31,8171.31,804.987,3277,31,3276.7,29,29,30,30,118.515,0.0312,750.124,859.6,27,3276,0,25,24,24,0,3276.7,0,80,13/12/2024 14:14
3729,0,11.8515,24.4538,802.493,804.987,26,26,25,26,26,25,0,0.0333,861.845,8171.31,8171.31,804.987,3277,31,3276.7,29,29,30,30,118.515,0.0314,749.875,861.845,27,3276,0,25,24,24,0,3276.7,0,80,13/12/2024 14:14
3730,0,11.8515,24.443,802.493,804.737,26,26,25,26,26,25,0,0.0333,859.6,8171.31,8171.31,804.737,3277,31,3276.7,29,29,30,30,118.515,0.0314,753.366,859.6,27,3276,0,25,24,24,0,3276.7,0,80,13/12/2024 14:14
3731,0,11.8515,24.4538,802.493,804.987,26,26,25,26,26,25,0,0.0333,859.351,8171.31,8171.31,804.987,3277,31,3276.7,29,29,30,30,118.515,0.0311,752.618,859.351,27,3276,0,25,24,24,0,3276.7,0,80,13/12/2024 14:14
3732,0,11.8515,24.443,802.493,804.987,26,26,25,26,26,25,0,0.0333,860.847,8171.31,8171.31,804.987,3277,31,3276.7,29,29,30,30,118.515,0.0317,750.124,860.847,27,3276,0,25,24,24,0,3276.7,0,80,13/12/2024 14:14
3733,0,11.8515,24.4538,802.992,805.486,26,26,25,26,26,25,0,0.0333,860.598,8171.31,8171.31,805.486,3277,31,3276.7,29,29,30,30,118.515,0.0317,750.124,860.598,27,3276,0,25,24,24,0,3276.7,0,80,13/12/2024 14:14
3734,0,11.8515,24.4394,803.241,804.488,26,26,25,26,26,25,0,0.0333,859.351,8171.31,8171.31,804.488,3277,31,3276.7,29,29,30,30,118.515,0.0316,752.618,859.351,27,3276,0,25,24,24,0,3276.7,0,80,13/12/2024 14:14
3735,0,11.8515,24.4538,802.244,804.737,26,26,25,26,26,25,0,0.0333,859.85,8171.31,8171.31,804.737,3277,31,3276.7,29,29,30,30,118.515,0.0314,751.87,859.85,27,3276,0,25,24,24,0,3276.7,0,80,13/12/2024 14:14
3736,0,11.8515,24.443,801.745,805.735,26,26,25,26,26,25,0,0.0333,859.85,8171.31,8171.31,805.735,3277,31,3276.7,29,29,30,30,118.515,0.0314,751.371,859.85,27,3276,0,25,24,24,0,3276.7,0,80,13/12/2024 14:14
3737,0,11.8515,24.4394,802.493,804.987,26,26,25,26,26,25,0,0.0333,859.351,8171.31,8171.31,804.987,3277,31,3276.7,29,29,30,30,118.515,0.0314,750.124,859.351,27,3276,0,25,24,24,0,3276.7,0,80,13/12/2024 14:14
3738,0,11.8515,24.4502,802.493,804.987,26,26,25,26,26,25,0,0.0333,858.603,8171.31,8171.31,804.987,3277,31,3276.7,29,29,30,30,118.515,0.0314,751.87,858.603,27,3276,0,25,24,24,0,3276.7,0,80,13/12/2024 14:14
3739,0,11.8515,24.4502,802.493,804.987,26,26,25,26,26,25,0,0.0333,861.595,8171.31,8171.31,804.987,3277,31,3276.7,29,29,30,30,118.515,0.0314,751.87,861.595,27,3276,0,25,24,24,0,3276.7,0,80,13/12/2024 14:14
3740,0,11.8515,24.4538,802.992,804.987,26,26,25,26,26,25,0,0.0333,860.348,8171.31,8171.31,804.987,3277,31,3276.7,29,29,30,30,118.515,0.0455,750.124,860.348,27,3276,0,25,24,24,0,3276.7,0,80,13/12/2024 14:14
3741,0,11.8515,24.4502,802.493,800.498,26,26,25,26,26,25,0,0.0333,857.107,8171.31,8171.31,800.498,3277,31,3276.7,29,29,30,30,118.515,0.0455,747.63,857.107,27,3276,0,25,24,24,0,3276.7,0,80,13/12/2024 14:14
3742,0,11.8515,24.4394,802.493,803.241,26,26,25,26,26,25,0,0.0333,856.857,8171.31,8171.31,803.241,3277,31,3276.7,29,29,30,30,118.515,0.0468,748.129,856.857,27,3276,0,25,24,24,0,3276.7,0,80,13/12/2024 14:14
3743,0,11.8515,24.443,802.493,801.994,26,26,25,26,26,25,0,0.0333,858.353,8171.31,8171.31,801.994,3277,31,3276.7,29,29,30,30,118.515,0.0458,749.625,858.353,27,3276,0,25,24,24,0,3276.7,0,80,13/12/2024 14:14
3744,0,11.8515,24.4538,802.992,801.994,26,26,25,26,26,25,0,0.0333,856.608,8171.31,8171.31,801.994,3277,31,3276.7,29,29,30,30,118.515,0.0466,747.63,856.608,27,3276,0,25,24,24,0,3276.7,0,80,13/12/2024 14:14
3745,0,11.8515,24.443,802.244,802.493,26,26,25,26,26,25,0,0.0333,856.109,8171.31,8171.31,802.493,3277,31,3276.7,29,29,30,30,118.515,0.0475,745.885,856.109,27,3276,0,25,24,24,0,3276.7,0,80,13/12/2024 14:14
3746,0,11.8515,24.443,802.493,801.745,26,26,25,26,26,25,0,0.0333,857.855,8171.31,8171.31,801.745,3277,31,3276.7,29,29,30,30,118.515,0.0475,747.63,857.855,27,3276,0,25,24,24,0,3276.7,0,80,13/12/2024 14:14
3747,0,11.8515,24.4321,801.994,801.994,26,26,25,26,26,25,0,0.0333,858.104,8171.31,8171.31,801.994,3277,31,3276.7,29,29,30,30,118.515,0.0472,748.378,858.104,27,3276,0,25,24,24,0,3276.7,0,80,13/12/2024 14:14
3748,0,11.8515,24.4538,801.994,801.994,26,26,25,26,26,25,0,0.0333,855.361,8171.31,8171.31,801.994,3277,31,3276.7,29,29,30,30,118.515,0.0472,750.124,855.361,27,3276,0,25,24,24,0,3276.7,0,80,13/12/2024 14:14
3749,0,11.8515,24.4538,802.493,801.994,26,26,25,26,26,25,0,0.0333,857.107,8171.31,8171.31,801.994,3277,31,3276.7,29,29,30,30,118.515,0.0472,747.381,857.107,27,3276,0,25,24,24,0,3276.7,0,80,13/12/2024 14:14
3750,0,11.8515,24.4502,802.493,650.872,26,26,25,26,26,25,0,0.0333,840.897,8171.31,8171.31,650.872,3277,31,3276.7,29,29,30,30,118.515,0.0317,732.668,840.897,27,3276,0,25,24,24,0,3276.7,0,80,13/12/2024 14:14
3751,0,11.8515,24.4394,802.493,635.411,26,26,25,26,26,25,0,0.0333,822.443,8171.31,8171.31,635.411,3277,31,3276.7,29,29,30,30,118.515,0.032,713.715,822.443,27,3276,0,25,24,24,0,3276.7,0,80,13/12/2024 14:14
3752,0,11.8515,24.4538,802.493,618.453,26,26,25,26,26,25,0,0.0333,802.493,8171.31,8171.31,618.453,3277,31,3276.7,29,29,30,30,118.515,0.0323,695.012,802.493,27,3276,0,25,24,24,0,3276.7,0,80,13/12/2024 14:14
3753,0,11.8515,24.349,802.493,605.236,26,26,25,26,26,25,0,5.9183,785.785,8171.31,8171.31,605.236,3277,31,3276.7,29,29,30,30,118.515,0.0323,674.563,785.785,27,3276,0,25,24,24,0,3276.7,0,80,13/12/2024 14:14
3754,0,11.8515,24.3345,802.244,591.521,26,26,25,26,26,25,0,5.876,769.326,8171.31,8171.31,591.521,3277,31,3276.7,29,29,30,30,118.515,0.0323,657.605,769.326,27,3276,0,25,24,24,0,3276.7,0,80,13/12/2024 14:14
3755,0,11.8515,24.4538,802.493,578.054,26,26,25,26,26,25,0,5.876,750.872,8171.31,8171.31,578.054,3277,31,3276.7,29,29,30,30,118.515,0.031,643.89,750.872,27,3276,0,25,24,24,0,3276.7,0,80,13/12/2024 14:14
3756,0,11.8515,24.4575,802.493,565.336,26,26,25,26,26,25,0,5.876,735.66,8171.31,8171.31,565.336,3277,31,3276.7,29,29,30,30,118.515,0.0322,627.93,735.66,27,3276,0,25,24,24,0,3276.7,0,80,13/12/2024 14:14
3757,0,11.8515,24.4538,802.493,553.117,26,26,25,26,26,25,0,5.876,722.194,8171.31,8171.31,553.117,3277,31,3276.7,29,29,30,30,118.515,0.0322,610.972,722.194,27,3276,0,25,24,24,0,3276.7,0,80,13/12/2024 14:14
3758,0,11.8515,24.4394,802.244,539.9,26,26,25,26,26,25,0,5.876,707.231,8171.31,8171.31,539.9,3277,31,3276.7,29,29,30,30,118.515,0.0319,595.261,707.231,27,3276,0,25,24,24,0,3276.7,0,80,13/12/2024 14:14
3759,0,11.8515,24.4502,802.493,528.678,26,26,25,26,26,25,0,5.876,691.271,8171.31,8171.31,528.678,3277,31,3276.7,29,29,30,30,118.515,0.0325,583.79,691.271,27,3276,0,25,24,24,0,3276.7,0,80,13/12/2024 14:14
3760,0,11.8515,24.4394,801.994,516.458,26,26,25,26,26,25,0,5.876,677.306,8171.31,8171.31,516.458,3277,31,3276.7,29,29,30,30,118.515,0.0322,570.324,677.306,27,3276,0,25,24,24,0,3276.7,0,80,13/12/2024 14:14
3761,0,11.8515,24.443,801.994,505.735,26,26,25,26,26,25,0,5.876,665.336,8171.31,8171.31,505.735,3277,31,3276.7,29,29,30,30,118.515,0.0322,555.112,665.336,27,3276,0,25,24,24,0,3276.7,0,80,13/12/2024 14:14
3762,0,11.8515,24.4502,801.745,496.259,26,26,25,26,26,25,0,5.876,652.867,8171.31,8171.31,496.259,3277,31,3276.7,29,29,30,30,118.515,0.0322,543.64,652.867,27,3276,0,25,24,24,0,3276.7,0,80,13/12/2024 14:14
3763,0,11.8515,24.443,800.997,485.536,26,26,25,26,26,25,0,5.876,638.653,8171.31,8171.31,485.536,3277,31,3276.7,29,29,30,30,118.515,0.0322,531.172,638.653,27,3276,0,25,24,24,0,3276.7,0,80,13/12/2024 14:14
3764,0,11.8515,24.4575,800.997,474.314,26,26,25,26,26,25,0,5.876,625.436,8171.31,8171.31,474.314,3277,31,3276.7,29,29,30,30,118.515,0.0315,515.211,625.436,27,3276,0,25,24,24,0,3276.7,0,80,13/12/2024 14:14
3765,0,11.8515,24.443,800.997,464.089,26,26,25,26,26,25,0,5.876,614.214,8171.31,8171.31,464.089,3277,31,3276.7,29,29,30,30,118.515,0.0315,505.236,614.214,27,3276,0,25,24,24,0,3276.7,0,80,13/12/2024 14:15
3766,0,11.8515,24.4502,801.745,455.112,26,26,25,26,26,25,0,5.876,603.491,8171.31,8171.31,455.112,3277,31,3276.7,29,29,30,30,118.515,0.0322,495.511,603.491,27,3276,0,25,24,24,0,3276.7,0,80,13/12/2024 14:15
3767,0,11.8515,24.443,801.745,445.636,26,26,25,26,26,25,0,5.876,591.521,8171.31,8171.31,445.636,3277,31,3276.7,29,29,30,30,118.515,0.032,481.296,591.521,27,3276,0,25,24,24,0,3276.7,0,80,13/12/2024 14:15
3768,0,11.8515,24.4538,801.994,435.66,26,26,25,26,26,25,0,5.876,578.553,8171.31,8171.31,435.66,3277,31,3276.7,29,29,30,30,118.515,0.0324,469.576,578.553,27,3276,0,25,24,24,0,3276.7,0,80,13/12/2024 14:15
3769,0,11.8515,24.443,802.992,426.683,26,26,25,26,26,25,0,5.876,566.583,8171.31,8171.31,426.683,3277,31,3276.7,29,29,30,30,118.515,0.032,460.349,566.583,27,3276,0,25,24,24,0,3276.7,0,80,13/12/2024 14:15
3770,0,11.8515,24.4394,802.244,417.207,26,26,25,26,26,25,0,5.876,556.109,8171.31,8171.31,417.207,3277,31,3276.7,29,29,30,30,118.515,0.032,448.129,556.109,27,3276,0,25,24,24,0,3276.7,0,80,13/12/2024 14:15
3771,0,11.8515,24.349,802.244,408.977,26,26,25,26,26,25,0,5.876,547.381,8171.31,8171.31,408.977,3277,31,3276.7,29,29,30,30,118.515,0.032,436.907,547.381,27,3276,0,25,24,24,0,3276.7,0,80,13/12/2024 14:15
3772,0,11.8515,24.3526,802.493,399.75,26,26,25,26,26,25,0,5.876,536.907,8171.31,8171.31,399.75,3277,31,3276.7,29,29,30,30,118.515,0.032,428.927,536.907,27,3276,0,25,24,24,0,3276.7,0,80,13/12/2024 14:15
3773,0,11.8515,24.4502,801.994,391.022,26,26,25,26,26,25,0,5.876,525.685,8171.31,8171.31,391.022,3277,31,3276.7,29,29,30,30,118.515,0.032,415.71,525.685,27,3276,0,25,24,24,0,3276.7,0,80,13/12/2024 14:15
3774,0,11.8515,24.443,802.244,383.042,26,26,25,26,26,25,0,5.876,513.965,8171.31,8171.31,383.042,3277,31,3276.7,29,29,30,30,118.515,0.0325,406.483,513.965,27,3276,0,25,24,24,0,3276.7,0,80,13/12/2024 14:15
3775,0,11.8515,24.4394,800.498,374.314,26,26,25,26,26,25,0,5.876,506.234,8171.31,8171.31,374.314,3277,31,3276.7,29,29,30,30,118.515,0.0322,399.002,506.234,27,3276,0,25,24,24,0,3276.7,0,80,13/12/2024 14:15
3776,0,11.8515,24.4358,800.498,366.583,26,26,25,26,26,25,0,5.876,496.508,8171.31,8171.31,366.583,3277,31,3276.7,29,29,30,30,118.515,0.0322,385.286,496.508,27,3276,0,25,24,24,0,3276.7,0,80,13/12/2024 14:15
3777,0,11.8515,24.4575,799.251,359.102,26,26,25,26,26,25,0,5.876,488.778,8171.31,8171.31,359.102,3277,31,3276.7,29,29,30,30,118.515,0.032,376.808,488.778,27,3276,0,25,24,24,0,3276.7,0,80,13/12/2024 14:15
3778,0,11.8515,24.4502,797.506,351.621,26,26,25,26,26,25,0,5.876,478.803,8171.31,8171.31,351.621,3277,31,3276.7,29,29,30,30,118.515,0.032,369.326,478.803,27,3276,0,25,24,24,0,3276.7,0,80,13/12/2024 14:15
3779,0,11.8515,24.4538,797.007,345.636,26,26,25,26,26,25,0,5.876,469.077,8171.31,8171.31,345.636,3277,31,3276.7,29,29,30,30,118.515,0.0316,359.351,469.077,27,3276,0,25,24,24,0,3276.7,0,80,13/12/2024 14:15
3780,0,11.8515,24.4394,795.012,337.905,26,26,25,26,26,25,0,5.876,458.852,8171.31,8171.31,337.905,3277,31,3276.7,29,29,30,30,118.515,0.0321,351.621,458.852,27,3276,0,25,24,24,0,3276.7,0,80,13/12/2024 14:15
3781,0,11.8515,24.443,793.266,330.922,26,26,25,26,26,25,0,5.876,450.623,8171.31,8171.31,330.922,3277,30,3276.7,29,29,30,30,118.515,0.0321,344.638,450.623,27,3276,0,25,24,24,0,3276.7,0,80,13/12/2024 14:15
3782,0,11.8515,24.443,791.77,322.942,26,26,25,26,26,25,0,5.876,443.142,8171.31,8171.31,322.942,3277,30,3276.7,29,29,30,30,118.515,0.0326,332.917,443.142,27,3276,0,25,24,24,0,3276.7,0,80,13/12/2024 14:15
3783,0,11.8515,24.4394,792.019,316.209,26,26,25,26,26,25,0,5.3367,435.91,8171.31,8171.31,316.209,3277,30,3276.7,29,29,30,30,118.515,0.032,327.431,435.91,27,3276,0,25,24,24,0,3276.7,0,80,13/12/2024 14:15
3784,0,11.8515,24.4611,790.523,309.476,26,26,25,26,26,25,0,5.3123,427.182,8171.31,8171.31,309.476,3277,30,3276.7,29,29,30,30,118.515,0.0317,319.451,427.182,27,3276,0,25,24,24,0,3276.7,0,80,13/12/2024 14:15
3785,0,11.8515,24.4538,790.523,302.493,26,26,25,26,26,25,0,5.3123,418.952,8171.31,8171.31,302.493,3277,31,3276.7,29,29,30,30,118.515,0.0321,308.229,418.952,27,3276,0,25,24,24,0,3276.7,0,80,13/12/2024 14:15
3786,0,11.8515,24.4502,791.77,297.007,26,26,25,26,26,25,0,5.3123,410.723,8171.31,8171.31,297.007,3277,30,3276.7,29,29,30,30,118.515,0.0321,303.491,410.723,27,3276,0,25,24,24,0,3276.7,0,80,13/12/2024 14:15
3787,0,11.8515,24.4358,793.266,290.523,26,26,25,26,26,25,0,5.3123,401.496,8171.31,8171.31,290.523,3277,30,3276.7,29,29,30,30,118.515,0.0319,294.513,401.496,27,3276,0,25,24,24,0,3276.7,0,80,13/12/2024 14:15
3788,0,11.8515,24.4502,793.266,285.536,26,26,25,26,26,25,0,5.3123,395.511,8171.31,8171.31,285.536,3277,30,3276.7,29,29,30,30,118.515,0.032,285.536,395.511,27,3276,0,25,24,24,0,3276.7,0,80,13/12/2024 14:15
3789,0,11.8515,24.443,793.266,278.553,26,26,25,26,26,25,0,5.3123,389.027,8171.31,8171.31,278.553,3277,30,3276.7,29,29,30,30,118.515,0.032,281.047,389.027,27,3276,0,25,24,24,0,3276.7,0,80,13/12/2024 14:15
3790,0,11.8515,24.4502,793.266,273.067,26,26,25,26,26,25,0,5.3123,381.795,8171.31,8171.31,273.067,3277,30,3276.7,29,29,30,30,118.515,0.0318,272.568,381.795,27,3276,0,25,24,24,0,3276.7,0,80,13/12/2024 14:15
3791,0,11.8515,24.4538,793.516,265.835,26,26,25,26,26,25,0,5.3123,374.065,8171.31,8171.31,265.835,3277,30,3276.7,29,29,30,30,118.515,0.0314,263.591,374.065,27,3276,0,25,24,24,0,3276.7,0,80,13/12/2024 14:15
3792,0,11.8515,24.4575,794.513,260.1,26,26,25,26,26,25,0,5.3123,365.336,8171.31,8171.31,260.1,3277,30,3276.7,29,29,30,30,118.515,0.032,259.85,365.336,27,3276,0,25,24,24,0,3276.7,0,80,13/12/2024 14:15
3793,0,11.8515,24.443,792.518,254.613,26,26,25,26,26,25,0,5.3123,359.102,8171.31,8171.31,254.613,3277,30,3276.7,29,29,30,30,118.515,0.0318,249.875,359.102,27,3276,0,25,24,24,0,3276.7,0,80,13/12/2024 14:15
3794,0,11.8515,24.4502,793.017,249.376,26,26,25,26,26,25,0,5.3123,352.868,8171.31,8171.31,249.376,3277,30,3276.7,29,29,30,30,118.515,0.0318,245.636,352.868,27,3276,0,25,24,24,0,3276.7,0,80,13/12/2024 14:15
3795,0,11.8515,24.4538,792.518,243.89,26,26,25,26,26,25,0,5.3123,347.381,8171.31,8171.31,243.89,3277,31,3276.7,29,29,30,30,118.515,0.0317,238.653,347.381,27,3276,0,25,24,24,0,3276.7,0,80,13/12/2024 14:15
3796,0,11.8515,24.4502,793.266,238.154,26,26,25,26,26,25,0,5.3123,341.895,8171.31,8171.31,238.154,3277,31,3276.7,29,29,30,30,118.515,0.0319,230.673,341.895,27,3276,0,25,24,24,0,3276.7,0,80,13/12/2024 14:15
3797,0,11.8515,24.4502,793.266,233.666,26,26,25,26,26,25,0,5.3123,335.91,8171.31,8171.31,233.666,3277,30,3276.7,29,29,30,30,118.515,0.0319,226.184,335.91,27,3276,0,25,24,24,0,3276.7,0,80,13/12/2024 14:15
3798,0,11.8515,24.4358,792.518,228.678,26,26,25,26,26,25,0,5.3123,328.429,8171.31,8171.31,228.678,3277,30,3276.7,29,29,30,30,118.515,0.032,220.698,328.429,27,3276,0,25,24,24,0,3276.7,0,80,13/12/2024 14:15
3799,0,11.8515,24.4502,792.269,223.691,26,26,25,26,26,25,0,5.3123,321.197,8171.31,8171.31,223.691,3277,30,3276.7,29,29,30,30,118.515,0.032,211.471,321.197,27,3276,0,25,24,24,0,3276.7,0,80,13/12/2024 14:15
3800,0,11.8515,24.443,792.518,218.703,26,26,25,26,26,25,0,5.3123,315.96,8171.31,8171.31,218.703,3277,30,3276.7,29,29,30,30,118.515,0.032,207.73,315.96,27,3276,0,25,24,24,0,3276.7,0,80,13/12/2024 14:15
3801,0,11.8515,24.4502,792.269,213.466,26,26,25,26,26,25,0,5.3123,311.97,8171.31,8171.31,213.466,3277,30,3276.7,29,29,30,30,118.515,0.0316,202.244,311.97,27,3276,0,25,24,24,0,3276.7,0,80,13/12/2024 14:15
3802,0,11.8515,24.4394,792.518,208.977,26,26,25,26,26,25,0,5.3123,306.982,8171.31,8171.31,208.977,3277,30,3276.7,29,29,30,30,118.515,0.0316,195.012,306.982,27,3276,0,25,24,24,0,3276.7,0,80,13/12/2024 14:15
3803,0,11.8515,24.4538,791.271,204.738,26,26,25,26,26,25,0,5.3123,300.748,8171.31,8171.31,204.738,3277,30,3276.7,29,29,30,30,118.515,0.0319,192.269,300.748,27,3276,0,25,24,24,0,3276.7,0,80,13/12/2024 14:15
3804,0,11.8515,24.4502,791.77,199.75,26,26,25,26,26,25,0,5.3123,295.012,8171.31,8171.31,199.75,3277,30,3276.7,29,29,30,30,118.515,0.032,185.037,295.012,27,3276,0,25,24,24,0,3276.7,0,80,13/12/2024 14:15
3805,0,11.8515,24.4502,792.269,195.76,26,26,25,26,26,25,0,5.3123,288.279,8171.31,8171.31,195.76,3277,31,3276.7,29,29,30,30,118.515,0.032,181.546,288.279,27,3276,0,25,24,24,0,3276.7,0,80,13/12/2024 14:15
3806,0,11.8515,24.443,790.772,192.02,26,26,25,26,26,25,0,5.3123,283.042,8171.31,8171.31,192.02,3277,31,3276.7,29,29,30,30,118.515,0.032,177.057,283.042,27,3276,0,25,24,24,0,3276.7,0,80,13/12/2024 14:15
3807,0,11.8515,24.443,791.271,187.282,26,26,25,26,26,25,0,5.3123,277.556,8171.31,8171.31,187.282,3277,31,3276.7,29,29,30,30,118.515,0.0317,168.828,277.556,27,3276,0,25,24,24,0,3276.7,0,80,13/12/2024 14:15
3808,0,11.8515,24.4538,792.269,183.79,26,26,25,26,26,25,0,5.3123,274.563,8171.31,8171.31,183.79,3277,31,3276.7,29,29,30,30,118.515,0.032,167.082,274.563,27,3276,0,25,24,24,0,3276.7,0,80,13/12/2024 14:15
3809,0,11.8515,24.349,791.77,180.05,26,26,25,26,26,25,0,5.3123,269.825,8171.31,8171.31,180.05,3277,30,3276.7,29,29,30,30,118.515,0.0324,159.85,269.825,27,3276,0,25,24,24,0,3276.7,0,80,13/12/2024 14:15
3810,0,11.8515,24.3417,792.019,175.312,26,26,25,26,26,25,0,5.3123,264.588,8171.31,8171.31,175.312,3277,30,3276.7,29,29,30,30,118.515,0.0324,157.107,264.588,27,3276,0,25,24,24,0,3276.7,0,80,13/12/2024 14:15
3811,0,11.8515,24.4502,791.271,172.07,26,26,25,26,26,25,0,5.3123,259.601,8171.31,8171.31,172.07,3277,30,3276.7,29,29,30,30,118.515,0.0319,153.616,259.601,27,3276,0,25,24,24,0,3276.7,0,80,13/12/2024 14:15
3812,0,11.8515,24.4575,792.269,168.578,26,26,25,26,26,25,0,5.3123,254.613,8171.31,8171.31,168.578,3277,30,3276.7,29,29,30,30,118.515,0.0319,144.14,254.613,27,3276,0,25,24,24,0,3276.7,0,80,13/12/2024 14:15
3813,0,11.8515,24.4358,792.019,164.838,26,26,25,26,26,25,0,4.8586,249.626,8171.31,8171.31,164.838,3277,30,3276.7,29,29,30,30,118.515,0.032,142.643,249.626,27,3276,0,25,24,24,0,3276.7,0,80,13/12/2024 14:15
3814,0,11.8515,24.4538,792.019,160.1,26,26,25,26,26,25,0,4.8241,244.638,8171.31,8171.31,160.1,3277,30,3276.7,29,29,30,30,118.515,0.0317,137.406,244.638,27,3276,0,25,24,24,0,3276.7,0,80,13/12/2024 14:15
3815,0,11.8515,24.4394,792.518,157.356,26,26,25,26,26,25,0,4.8241,241.147,8171.31,8171.31,157.356,3277,30,3276.7,29,29,30,30,118.515,0.0325,132.169,241.147,27,3276,0,25,24,24,0,3276.7,0,80,13/12/2024 14:15
3816,0,11.8515,24.443,792.019,152.618,26,26,25,26,26,25,0,4.8241,238.154,8171.31,8171.31,152.618,3277,30,3276.7,29,29,30,30,118.515,0.0319,131.421,238.154,27,3276,0,25,24,24,0,3276.7,0,80,13/12/2024 14:15
3817,0,11.8515,24.443,792.518,149.626,26,26,25,26,26,25,0,4.8241,234.663,8171.31,8171.31,149.626,3277,30,3276.7,29,29,30,30,118.515,0.0319,123.94,234.663,27,3276,0,25,24,24,0,3276.7,0,80,13/12/2024 14:15
3818,0,11.8515,24.4502,793.266,146.384,26,26,25,26,26,25,0,4.8241,230.174,8171.31,8171.31,146.384,3277,30,3276.7,29,29,30,30,118.515,0.0319,122.693,230.174,27,3276,0,25,24,24,0,3276.7,0,80,13/12/2024 14:15
3819,0,11.8515,24.443,792.019,144.14,26,26,25,26,26,25,0,4.8241,225.187,8171.31,8171.31,144.14,3277,30,3276.7,29,29,30,30,118.515,0.0319,117.207,225.187,27,3276,0,25,24,24,0,3276.7,0,80,13/12/2024 14:15
3820,0,11.8515,24.4358,792.269,139.9,26,26,25,26,26,25,0,4.8241,220.199,8171.31,8171.31,139.9,3277,31,3276.7,29,29,30,30,118.515,0.0321,111.222,220.199,27,3276,0,25,24,24,0,3276.7,0,80,13/12/2024 14:15
3821,0,11.8515,24.4538,792.518,137.157,26,26,25,26,26,25,0,4.8241,216.957,8171.31,8171.31,137.157,3277,30,3276.7,29,29,30,30,118.515,0.0321,111.721,216.957,27,3276,0,25,24,24,0,3276.7,0,80,13/12/2024 14:15
3822,0,11.8515,24.443,791.77,133.915,26,26,25,26,26,25,0,4.8241,213.466,8171.31,8171.31,133.915,3277,31,3276.7,29,29,30,30,118.515,0.0322,104.738,213.466,27,3276,0,25,24,24,0,3276.7,0,80,13/12/2024 14:15
3823,0,11.8515,24.443,791.77,130.424,26,26,25,26,26,25,0,4.8241,209.725,8171.31,8171.31,130.424,3277,30,3276.7,29,29,30,30,118.515,0.0319,102.743,209.725,27,3276,0,25,24,24,0,3276.7,0,80,13/12/2024 14:15
3824,0,11.8515,24.4502,791.271,127.681,26,26,25,26,26,25,0,4.8241,207.481,8171.31,8171.31,127.681,3277,30,3276.7,29,29,30,30,118.515,0.0319,100.249,207.481,27,3276,0,25,24,24,0,3276.7,0,80,13/12/2024 14:15
3825,0,11.8515,24.443,792.019,125.187,26,26,25,26,26,25,0,4.8241,204.489,8171.31,8171.31,125.187,3277,30,3276.7,29,29,30,30,118.515,0.0324,93.0174,204.489,27,3276,0,25,24,24,0,3276.7,0,80,13/12/2024 14:16
3826,0,11.8515,24.443,790.024,122.444,26,26,25,26,26,25,0,4.8241,199.501,8171.31,8171.31,122.444,3277,31,3276.7,29,29,30,30,118.515,0.0324,92.768,199.501,27,3276,0,25,24,24,0,3276.7,0,80,13/12/2024 14:16
3827,0,11.8515,24.4502,790.523,119.95,26,26,25,26,26,25,0,4.8241,197.007,8171.31,8171.31,119.95,3277,31,3276.7,29,29,30,30,118.515,0.0319,87.7805,197.007,27,3276,0,25,24,24,0,3276.7,0,80,13/12/2024 14:16
3828,0,11.8515,24.4502,791.022,116.708,26,26,25,26,26,25,0,4.8241,192.519,8171.31,8171.31,116.708,3277,31,3276.7,29,29,30,30,118.515,0.032,84.0398,192.519,27,3276,0,25,24,24,0,3276.7,0,80,13/12/2024 14:16
3829,0,11.8515,24.4538,790.772,114.214,26,26,25,26,26,25,0,4.8241,188.778,8171.31,8171.31,114.214,3277,31,3276.7,29,29,30,30,118.515,0.032,83.0423,188.778,27,3276,0,25,24,24,0,3276.7,0,80,13/12/2024 14:16
3830,0,11.8515,24.4502,791.022,111.222,26,26,25,26,26,25,0,4.8241,187.531,8171.31,8171.31,111.222,3277,31,3276.7,29,29,30,30,118.515,0.0318,78.0548,187.531,27,3276,0,25,24,24,0,3276.7,0,80,13/12/2024 14:16
3831,0,11.8515,24.4575,790.523,108.977,26,26,25,26,26,25,0,4.8241,184.788,8171.31,8171.31,108.977,3277,31,3276.7,29,29,30,30,118.515,0.0318,76.8079,184.788,27,3276,0,25,24,24,0,3276.7,0,80,13/12/2024 14:16
3832,0,11.8515,24.4502,790.024,105.985,26,26,25,26,26,25,0,4.8241,182.294,8171.31,8171.31,105.985,3277,31,3276.7,29,29,30,30,118.515,0.0318,72.8179,182.294,27,3276,0,25,24,24,0,3276.7,0,80,13/12/2024 14:16
3833,0,11.8515,24.4538,790.772,103.99,26,26,25,26,26,25,0,4.8241,179.551,8171.31,8171.31,103.99,3277,30,3276.7,29,29,30,30,118.515,0.0318,68.0797,179.551,27,3276,0,25,24,24,0,3276.7,0,80,13/12/2024 14:16
3834,0,11.8515,24.4502,790.523,101.247,26,26,25,26,26,25,0,4.8241,175.062,8171.31,8171.31,101.247,3277,31,3276.7,29,29,30,30,118.515,0.0318,67.3316,175.062,27,3276,0,25,24,24,0,3276.7,0,80,13/12/2024 14:16
3835,0,11.8515,24.4611,790.772,99.7505,26,26,25,26,26,25,0,4.8241,171.072,8171.31,8171.31,99.7505,3277,31,3276.7,29,29,30,30,118.515,0.0323,63.0922,171.072,27,3276,0,25,24,24,0,3276.7,0,80,13/12/2024 14:16
3836,0,11.8515,24.443,790.772,96.5086,26,26,25,26,26,25,0,4.8241,168.578,8171.31,8171.31,96.5086,3277,31,3276.7,29,29,30,30,118.515,0.0319,60.5984,168.578,27,3276,0,25,24,24,0,3276.7,0,80,13/12/2024 14:16
3837,0,11.8515,24.4394,790.024,94.763,26,26,25,26,26,25,0,4.8241,166.583,8171.31,8171.31,94.763,3277,31,3276.7,29,29,30,30,118.515,0.0319,60.3491,166.583,27,3276,0,25,24,24,0,3276.7,0,80,13/12/2024 14:16
3838,0,11.8515,24.4538,790.024,93.5161,26,26,25,26,26,25,0,4.8241,164.588,8171.31,8171.31,93.5161,3277,31,3276.7,29,29,30,30,118.515,0.032,55.1122,164.588,27,3276,0,25,24,24,0,3276.7,0,80,13/12/2024 14:16
3839,0,11.8515,24.4502,790.024,90.0249,26,26,25,26,26,25,0,4.8241,161.596,8171.31,8171.31,90.0249,3277,31,3276.7,29,29,30,30,118.515,0.0317,53.1172,161.596,27,3276,0,25,24,24,0,3276.7,0,80,13/12/2024 14:16
3840,0,11.8515,24.443,790.024,87.7805,26,26,25,26,26,25,0,4.8241,157.855,8171.31,8171.31,87.7805,3277,30,3276.7,29,29,30,30,118.515,0.0322,52.6184,157.855,27,3276,0,25,24,24,0,3276.7,0,80,13/12/2024 14:16
3841,0,11.8515,24.4502,790.523,85.2867,26,26,25,26,26,25,0,4.8241,155.361,8171.31,8171.31,85.2867,3277,30,3276.7,29,29,30,30,118.515,0.0313,47.8803,155.361,27,3276,0,25,24,24,0,3276.7,0,80,13/12/2024 14:16
3842,0,11.8515,24.4502,790.523,83.5411,26,26,25,26,26,25,0,4.8241,153.865,8171.31,8171.31,83.5411,3277,31,3276.7,29,29,30,30,118.515,0.0313,45.6359,153.865,27,3276,0,25,24,24,0,3276.7,0,80,13/12/2024 14:16
3843,0,11.8515,24.443,790.523,81.5461,26,26,25,26,26,25,0,4.446,152.12,8171.31,8171.31,81.5461,3277,31,3276.7,29,29,30,30,118.515,0.032,44.389,152.12,27,3276,0,25,24,24,0,3276.7,0,80,13/12/2024 14:16
3844,0,11.8515,24.4502,790.024,79.3017,26,26,25,26,26,25,0,4.4317,150.374,8171.31,8171.31,79.3017,3277,31,3276.7,29,29,30,30,118.515,0.0316,41.3965,150.374,27,3276,0,25,24,24,0,3276.7,0,80,13/12/2024 14:16
3845,0,11.8515,24.4394,790.772,77.8054,26,26,25,26,26,25,0,4.4317,146.384,8171.31,8171.31,77.8054,3277,31,3276.7,29,29,30,30,118.515,0.0316,37.4064,146.384,27,3276,0,25,24,24,0,3276.7,0,80,13/12/2024 14:16
3846,0,11.8515,24.4394,790.523,75.3117,26,26,25,26,26,25,0,4.4317,142.643,8171.31,8171.31,75.3117,3277,31,3276.7,29,29,30,30,118.515,0.032,37.9052,142.643,27,3276,0,25,24,24,0,3276.7,0,80,13/12/2024 14:16
3847,0,11.8515,24.4358,790.772,73.8154,26,26,25,26,26,25,0,4.4317,142.394,8171.31,8171.31,73.8154,3277,31,3276.7,29,29,30,30,118.515,0.032,35.6608,142.394,27,3276,0,25,24,24,0,3276.7,0,80,13/12/2024 14:16
3848,0,11.8515,24.4394,790.772,71.8204,26,26,25,26,26,25,0,4.4317,141.147,8171.31,8171.31,71.8204,3277,31,3276.7,29,29,30,30,118.515,0.0319,31.6708,141.147,27,3276,0,25,24,24,0,3276.7,0,80,13/12/2024 14:16
3849,0,11.8515,24.4502,791.022,70.3241,26,26,25,26,26,25,0,4.4317,137.157,8171.31,8171.31,70.3241,3277,31,3276.7,29,29,30,30,118.515,0.0439,28.6783,137.157,27,3276,0,25,24,24,0,3276.7,0,80,13/12/2024 14:16
3850,0,11.8515,24.4358,790.772,69.0772,26,26,25,26,26,25,0,4.4317,134.913,8171.31,8171.31,69.0772,3277,31,3276.7,29,29,30,30,118.515,0.0439,29.9252,134.913,27,3276,0,25,24,24,0,3276.7,0,80,13/12/2024 14:16
3851,0,11.8515,24.443,790.024,68.8279,26,26,25,26,26,25,0,4.4317,133.666,8171.31,8171.31,68.8279,3277,31,3276.7,29,29,30,30,118.515,0.046,26.9326,133.666,27,3276,0,25,24,24,0,3276.7,0,80,13/12/2024 14:16
3852,0,11.8515,24.4502,790.024,70.3241,26,26,25,26,26,25,0,4.4317,132.668,8171.31,8171.31,70.3241,3277,31,3276.7,29,29,30,30,118.515,0.0464,25.4364,132.668,27,3276,0,25,24,24,0,3276.7,0,80,13/12/2024 14:16
3853,0,11.8515,24.4502,789.775,73.0673,26,26,25,26,26,25,0,4.4317,130.424,8171.31,8171.31,73.0673,3277,31,3276.7,29,29,30,30,118.515,0.0464,23.192,130.424,27,3276,0,25,24,24,0,3276.7,0,80,13/12/2024 14:16
3854,0,11.8515,24.4538,790.772,75.561,26,26,25,26,26,25,0,4.4317,127.93,8171.31,8171.31,75.561,3277,31,3276.7,29,29,30,30,118.515,0.0455,25.187,127.93,27,3276,0,25,24,24,0,3276.7,0,80,13/12/2024 14:16
3855,0,11.8515,24.443,790.772,77.8054,26,26,25,26,26,25,0,4.4317,127.681,8171.31,8171.31,77.8054,3277,31,3276.7,29,29,30,30,118.515,0.0465,19.4514,127.681,27,3276,0,25,24,24,0,3276.7,0,80,13/12/2024 14:16
3856,0,11.8515,24.443,790.024,79.3017,26,26,25,26,26,25,0,4.4317,130.174,8171.31,8171.31,79.3017,3277,31,3276.7,29,29,30,30,118.515,0.046,20.6982,130.174,27,3276,0,25,24,24,0,3276.7,0,80,13/12/2024 14:16
3857,0,11.8515,24.4502,790.024,79.8004,26,26,25,26,26,25,0,4.4317,130.174,8171.31,8171.31,79.8004,3277,31,3276.7,29,29,30,30,118.515,0.0461,23.192,130.174,27,3276,0,25,24,24,0,3276.7,0,80,13/12/2024 14:16
3858,0,11.8515,24.4538,790.024,78.5536,26,26,25,26,26,25,0,4.4317,128.429,8171.31,8171.31,78.5536,3277,31,3276.7,29,29,30,30,118.515,0.0461,21.9451,128.429,27,3276,0,25,24,24,0,3276.7,0,80,13/12/2024 14:16
3859,0,11.8515,24.4502,790.024,79.3017,26,26,25,26,26,25,0,4.4317,127.93,8171.31,8171.31,79.3017,3277,31,3276.7,29,29,30,30,118.515,0.0313,21.197,127.93,27,3276,0,25,24,24,0,3276.7,0,80,13/12/2024 14:16
3860,0,11.8515,24.443,790.024,79.8004,26,26,25,26,26,25,0,4.4317,129.177,8171.31,8171.31,79.8004,3277,31,3276.7,29,29,30,30,118.515,0.0311,23.9401,129.177,27,3276,0,25,24,24,0,3276.7,0,80,13/12/2024 14:16
3861,0,11.8515,24.4538,790.024,80.0498,26,26,25,26,26,25,0,4.4317,130.424,8171.31,8171.31,80.0498,3277,31,3276.7,29,29,30,30,118.515,0.0311,22.9426,130.424,27,3276,0,25,24,24,0,3276.7,0,80,13/12/2024 14:16
3862,0,11.8515,24.443,790.024,80.5486,26,26,25,26,26,25,0,4.4317,130.174,8171.31,8171.31,80.5486,3277,31,3276.7,29,29,30,30,118.515,0.0311,21.4464,130.174,27,3276,0,25,24,24,0,3276.7,0,80,13/12/2024 14:16
3863,0,11.8515,24.443,789.775,80.2992,26,26,25,26,26,25,0,4.4317,129.177,8171.31,8171.31,80.2992,3277,31,3276.7,29,29,30,30,118.515,0.0308,24.4389,129.177,27,3276,0,25,24,24,0,3276.7,0,80,13/12/2024 14:16
3864,0,11.8515,24.4394,790.024,80.0498,26,26,25,26,26,25,0,4.4317,129.177,8171.31,8171.31,80.0498,3277,31,3276.7,29,29,30,30,118.515,0.0313,24.9376,129.177,27,3276,0,25,24,24,0,3276.7,0,80,13/12/2024 14:16
3865,0,11.8515,24.4538,790.024,80.2992,26,26,25,26,26,25,0,4.4317,130.174,8171.31,8171.31,80.2992,3277,31,3276.7,29,29,30,30,118.515,0.0315,22.4439,130.174,27,3276,0,25,24,24,0,3276.7,0,80,13/12/2024 14:16
3866,0,11.8515,24.443,790.024,80.2992,26,26,25,26,26,25,0,4.4317,131.172,8171.31,8171.31,80.2992,3277,31,3276.7,29,29,30,30,118.515,0.0315,25.187,131.172,27,3276,0,25,24,24,0,3276.7,0,80,13/12/2024 14:16
3867,0,11.8515,24.4502,789.775,80.2992,26,26,25,26,26,25,0,4.4317,130.174,8171.31,8171.31,80.2992,3277,31,3276.7,29,29,30,30,118.515,0.031,25.4364,130.174,27,3276,0,25,24,24,0,3276.7,0,80,13/12/2024 14:16
3868,0,11.8515,24.443,789.276,80.2992,26,26,25,26,26,25,0,4.4317,129.177,8171.31,8171.31,80.2992,3277,31,3276.7,29,29,30,30,118.515,0.031,23.192,129.177,27,3276,0,25,24,24,0,3276.7,0,80,13/12/2024 14:16
3869,0,11.8515,24.4394,789.276,80.5486,26,26,25,26,26,25,0,4.4317,129.925,8171.31,8171.31,80.5486,3277,31,3276.7,29,29,30,30,118.515,0.031,23.6908,129.925,27,3276,0,25,24,24,0,3276.7,0,80,13/12/2024 14:16
3870,0,11.8515,24.4538,789.526,81.0473,26,26,25,26,26,25,0,4.4317,130.424,8171.31,8171.31,81.0473,3277,31,3276.7,29,29,30,30,118.515,0.0307,25.4364,130.424,27,3276,0,25,24,24,0,3276.7,0,80,13/12/2024 14:16
3871,0,11.8515,24.4394,788.528,80.2992,26,26,25,26,26,25,0,4.4317,131.671,8171.31,8171.31,80.2992,3277,31,3276.7,29,29,30,30,118.515,0.0307,22.9426,131.671,27,3276,0,25,24,24,0,3276.7,0,80,13/12/2024 14:16
3872,0,11.8515,24.4538,790.024,81.0473,26,26,25,26,26,25,0,4.4317,130.174,8171.31,8171.31,81.0473,3277,31,3276.7,29,29,30,30,118.515,0.0311,23.192,130.174,27,3276,0,25,24,24,0,3276.7,0,80,13/12/2024 14:16
3873,0,11.8515,24.3417,789.276,80.2992,26,26,25,26,26,25,0,3.9776,129.925,8171.31,8171.31,80.2992,3277,31,3276.7,29,29,30,30,118.515,0.0308,25.4364,129.925,27,3276,0,25,24,24,0,3276.7,0,80,13/12/2024 14:16
3874,0,11.8515,24.349,789.526,80.5486,26,26,25,26,26,25,0,3.9756,130.174,8171.31,8171.31,80.5486,3277,31,3276.7,29,29,30,30,118.515,0.0308,24.1895,130.174,27,3276,0,25,24,24,0,3276.7,0,80,13/12/2024 14:16
3875,0,11.8515,24.443,788.777,81.0473,26,26,25,26,26,25,0,3.9756,130.424,8171.31,8171.31,81.0473,3277,31,3276.7,29,29,30,30,118.515,0.0308,24.4389,130.424,27,3276,0,25,24,24,0,3276.7,0,80,13/12/2024 14:16
3876,0,11.8515,24.443,789.526,80.5486,26,26,25,26,26,25,0,3.9756,131.421,8171.31,8171.31,80.5486,3277,31,3276.7,29,29,30,30,118.515,0.0308,26.4339,131.421,27,3276,0,25,24,24,0,3276.7,0,80,13/12/2024 14:16
3877,0,11.8515,24.4502,790.024,81.0473,26,26,25,26,26,25,0,3.9756,130.424,8171.31,8171.31,81.0473,3277,31,3276.7,29,29,30,30,118.515,0.0308,25.187,130.424,27,3276,0,25,24,24,0,3276.7,0,80,13/12/2024 14:16
3878,0,11.8515,24.443,789.276,80.5486,26,26,25,26,26,25,0,3.9756,130.174,8171.31,8171.31,80.5486,3277,31,3276.7,29,29,30,30,118.515,0.0312,23.6908,130.174,27,3276,0,25,24,24,0,3276.7,0,80,13/12/2024 14:16
3879,0,11.8515,24.4502,789.526,81.0473,26,26,25,26,26,25,0,3.9756,130.424,8171.31,8171.31,81.0473,3277,31,3276.7,29,29,30,30,118.515,0.0304,24.1895,130.424,27,3276,0,25,24,24,0,3276.7,0,80,13/12/2024 14:16
3880,0,11.8515,24.4502,789.526,81.0473,26,26,25,26,26,25,0,3.9756,131.421,8171.31,8171.31,81.0473,3277,31,3276.7,29,29,30,30,118.515,0.0313,25.6858,131.421,27,3276,0,25,24,24,0,3276.7,0,80,13/12/2024 14:16
3881,0,11.8515,24.4502,790.024,81.0473,26,26,25,26,26,25,0,3.9756,131.671,8171.31,8171.31,81.0473,3277,31,3276.7,29,29,30,30,118.515,0.0305,24.4389,131.671,27,3276,0,25,24,24,0,3276.7,0,80,13/12/2024 14:16
3882,0,11.8515,24.443,789.775,82.2942,26,26,25,26,26,25,0,3.9756,130.424,8171.31,8171.31,82.2942,3277,31,3276.7,29,29,30,30,118.515,0.0305,26.1845,130.424,27,3276,0,25,24,24,0,3276.7,0,80,13/12/2024 14:16
3883,0,11.8515,24.4502,789.276,81.0473,26,26,25,26,26,25,0,3.9756,130.174,8171.31,8171.31,81.0473,3277,31,3276.7,29,29,30,30,118.515,0.0307,25.4364,130.174,27,3276,0,25,24,24,0,3276.7,0,80,13/12/2024 14:16
3884,0,11.8515,24.443,790.024,81.0473,26,26,25,26,26,25,0,3.9756,130.174,8171.31,8171.31,81.0473,3277,31,3276.7,29,29,30,30,118.515,0.0311,23.9401,130.174,27,3276,0,25,24,24,0,3276.7,0,80,13/12/2024 14:16
3885,0,11.8515,24.4502,789.775,81.5461,26,26,25,26,26,25,0,3.9756,132.169,8171.31,8171.31,81.5461,3277,31,3276.7,29,29,30,30,118.515,0.0311,25.6858,132.169,27,3276,0,25,24,24,0,3276.7,0,80,13/12/2024 14:17
3886,0,11.8515,24.443,789.526,81.0473,26,26,25,26,26,25,0,3.9756,132.169,8171.31,8171.31,81.0473,3277,31,3276.7,29,29,30,30,118.515,0.0311,26.1845,132.169,27,3276,0,25,24,24,0,3276.7,0,80,13/12/2024 14:17
3887,0,11.8515,24.4502,789.775,81.2967,26,26,25,26,26,25,0,3.9756,131.671,8171.31,8171.31,81.2967,3277,31,3276.7,29,29,30,30,118.515,0.0311,23.192,131.671,27,3276,0,25,24,24,0,3276.7,0,80,13/12/2024 14:17
3888,0,11.8515,24.4394,789.526,80.5486,26,26,25,26,26,25,0,3.9756,130.424,8171.31,8171.31,80.5486,3277,31,3276.7,29,29,30,30,118.515,0.0309,26.1845,130.424,27,3276,0,25,24,24,0,3276.7,0,80,13/12/2024 14:17
3889,0,11.8515,24.4502,790.024,81.2967,26,26,25,26,26,25,0,3.9756,130.424,8171.31,8171.31,81.2967,3277,31,3276.7,29,29,30,30,118.515,0.0309,26.6833,130.424,27,3276,0,25,24,24,0,3276.7,0,80,13/12/2024 14:17
3890,0,11.8515,24.4502,789.775,81.5461,26,26,25,26,26,25,0,3.9756,130.424,8171.31,8171.31,81.5461,3277,31,3276.7,29,29,30,30,118.515,0.0309,24.4389,130.424,27,3276,0,25,24,24,0,3276.7,0,80,13/12/2024 14:17
3891,0,11.8515,24.4358,790.024,81.7954,26,26,25,26,26,25,0,3.9756,132.169,8171.31,8171.31,81.7954,3277,31,3276.7,29,29,30,30,118.515,0.0309,26.9326,132.169,27,3276,0,25,24,24,0,3276.7,0,80,13/12/2024 14:17
3892,0,11.8515,24.4538,790.024,81.7954,26,26,25,26,26,25,0,3.9756,132.169,8171.31,8171.31,81.7954,3277,31,3276.7,29,29,30,30,118.515,0.0312,27.4314,132.169,27,3276,0,25,24,24,0,3276.7,0,80,13/12/2024 14:17
3893,0,11.8515,24.443,789.276,81.5461,26,26,25,26,26,25,0,3.9756,130.424,8171.31,8171.31,81.5461,3277,31,3276.7,29,29,30,30,118.515,0.0312,24.9376,130.424,27,3276,0,25,24,24,0,3276.7,0,80,13/12/2024 14:17
3894,0,11.8515,24.443,789.276,82.5436,26,26,25,26,26,25,0,3.9756,130.424,8171.31,8171.31,82.5436,3277,31,3276.7,29,29,30,30,118.515,0.0312,24.9376,130.424,27,3276,0,25,24,24,0,3276.7,0,80,13/12/2024 14:17
3895,0,11.8515,24.4502,789.775,82.5436,26,26,25,26,26,25,0,3.9756,131.671,8171.31,8171.31,82.5436,3277,31,3276.7,29,29,30,30,118.515,0.0314,27.6808,131.671,27,3276,0,25,24,24,0,3276.7,0,80,13/12/2024 14:17
3896,0,11.8515,24.4394,789.276,81.0473,26,26,25,26,26,25,0,3.9756,132.419,8171.31,8171.31,81.0473,3277,31,3276.7,29,29,30,30,118.515,0.0307,26.1845,132.419,27,3276,0,25,24,24,0,3276.7,0,80,13/12/2024 14:17
3897,0,11.8515,24.443,789.276,82.2942,26,26,25,26,26,25,0,3.9756,130.923,8171.31,8171.31,82.2942,3277,31,3276.7,29,29,30,30,118.515,0.031,24.4389,130.923,27,3276,0,25,24,24,0,3276.7,0,80,13/12/2024 14:17
3898,0,11.8515,24.4538,789.526,82.2942,26,26,25,26,26,25,0,3.9756,130.174,8171.31,8171.31,82.2942,3277,31,3276.7,29,29,30,30,118.515,0.031,26.6833,130.174,27,3276,0,25,24,24,0,3276.7,0,80,13/12/2024 14:17
3899,0,11.8515,24.4502,789.775,81.7954,26,26,25,26,26,25,0,3.9756,131.421,8171.31,8171.31,81.7954,3277,31,3276.7,29,29,30,30,118.515,0.0308,27.9302,131.421,27,3276,0,25,24,24,0,3276.7,0,80,13/12/2024 14:17
3900,0,11.8515,24.4394,789.276,81.7954,26,26,25,26,26,25,0,3.9756,132.918,8171.31,8171.31,81.7954,3277,31,3276.7,29,29,30,30,118.515,0.0308,25.4364,132.918,27,3276,0,25,24,24,0,3276.7,0,80,13/12/2024 14:17
3901,0,11.8515,24.4575,789.775,82.5436,26,26,25,26,26,25,0,3.9756,132.169,8171.31,8171.31,82.5436,3277,31,3276.7,29,29,30,30,118.515,0.0308,27.6808,132.169,27,3276,0,25,24,24,0,3276.7,0,80,13/12/2024 14:17
3902,0,11.8515,24.4394,789.526,82.2942,26,26,25,26,26,25,0,3.9756,130.923,8171.31,8171.31,82.2942,3277,31,3276.7,29,29,30,30,118.515,0.031,27.6808,130.923,27,3276,0,25,24,24,0,3276.7,0,80,13/12/2024 14:17
3903,0,11.8515,24.4538,789.775,82.2942,26,26,25,26,26,25,0,3.9662,130.923,8171.31,8171.31,82.2942,3277,31,3276.7,29,29,30,30,118.515,0.0308,26.4339,130.923,27,3276,0,25,24,24,0,3276.7,0,80,13/12/2024 14:17
3904,0,11.8515,24.4502,789.526,81.2967,26,26,25,26,26,25,0,3.9634,132.668,8171.31,8171.31,81.2967,3277,31,3276.7,29,29,30,30,118.515,0.0311,26.1845,132.668,27,3276,0,25,24,24,0,3276.7,0,80,13/12/2024 14:17
3905,0,11.8515,24.443,789.276,82.7929,26,26,25,26,26,25,0,3.9634,132.419,8171.31,8171.31,82.7929,3277,31,3276.7,29,29,30,30,118.515,0.0309,27.6808,132.419,27,3276,0,25,24,24,0,3276.7,0,80,13/12/2024 14:17
3906,0,11.8515,24.4502,789.526,82.5436,26,26,25,26,26,25,0,3.9634,130.424,8171.31,8171.31,82.5436,3277,31,3276.7,29,29,30,30,118.515,0.0309,27.4314,130.424,27,3276,0,25,24,24,0,3276.7,0,80,13/12/2024 14:17
3907,0,11.8515,24.4502,789.276,82.2942,26,26,25,26,26,25,0,3.9634,130.923,8171.31,8171.31,82.2942,3277,31,3276.7,29,29,30,30,118.515,0.0311,25.4364,130.923,27,3276,0,25,24,24,0,3276.7,0,80,13/12/2024 14:17
3908,0,11.8515,24.4394,789.526,82.7929,26,26,25,26,26,25,0,3.9634,132.169,8171.31,8171.31,82.7929,3277,31,3276.7,29,29,30,30,118.515,0.0311,27.6808,132.169,27,3276,0,25,24,24,0,3276.7,0,80,13/12/2024 14:17
3909,0,11.8515,24.4394,790.523,82.7929,26,26,25,26,26,25,0,3.9634,132.419,8171.31,8171.31,82.7929,3277,31,3276.7,29,29,30,30,118.515,0.0311,27.9302,132.419,27,3276,0,25,24,24,0,3276.7,0,80,13/12/2024 14:17
3910,0,11.8515,24.4502,790.024,82.5436,26,26,25,26,26,25,0,3.9634,132.169,8171.31,8171.31,82.5436,3277,31,3276.7,29,29,30,30,118.515,0.0311,26.6833,132.169,27,3276,0,25,24,24,0,3276.7,0,80,13/12/2024 14:17
3911,0,11.8515,24.4538,790.024,82.7929,26,26,25,26,26,25,0,3.9634,130.424,8171.31,8171.31,82.7929,3277,31,3276.7,29,29,30,30,118.515,0.0307,26.1845,130.424,27,3276,0,25,24,24,0,3276.7,0,80,13/12/2024 14:17
3912,0,11.8515,24.3707,789.526,82.5436,26,26,25,26,26,25,0,3.9634,132.419,8171.31,8171.31,82.5436,3277,31,3276.7,29,29,30,30,118.515,0.0313,27.6808,132.419,27,3276,0,25,24,24,0,3276.7,0,80,13/12/2024 14:17
3913,0,11.8515,24.3453,789.526,82.5436,26,26,25,26,26,25,0,3.9634,133.416,8171.31,8171.31,82.5436,3277,31,3276.7,29,29,30,30,118.515,0.0307,27.9302,133.416,27,3276,0,25,24,24,0,3276.7,0,80,13/12/2024 14:17
3914,0,11.8515,24.3453,790.024,82.7929,26,26,25,26,26,25,0,3.9634,132.419,8171.31,8171.31,82.7929,3277,31,3276.7,29,29,30,30,118.515,0.0307,26.6833,132.419,27,3276,0,25,24,24,0,3276.7,0,80,13/12/2024 14:17
3915,0,11.8515,24.4575,788.777,82.5436,26,26,25,26,26,25,0,3.9634,130.923,8171.31,8171.31,82.5436,3277,31,3276.7,29,29,30,30,118.515,0.03,26.4339,130.923,27,3276,0,25,24,24,0,3276.7,0,80,13/12/2024 14:17
3916,0,11.8515,24.4538,789.526,82.7929,26,26,25,26,26,25,0,3.9634,132.419,8171.31,8171.31,82.7929,3277,31,3276.7,29,29,30,30,118.515,0.0307,27.9302,132.419,27,3276,0,25,24,24,0,3276.7,0,80,13/12/2024 14:17
3917,0,11.8515,24.4394,789.526,82.7929,26,26,25,26,26,25,0,3.9634,133.666,8171.31,8171.31,82.7929,3277,31,3276.7,29,29,30,30,118.515,0.0307,27.4314,133.666,27,3276,0,25,24,24,0,3276.7,0,80,13/12/2024 14:17
3918,0,11.8515,24.4502,789.775,82.7929,26,26,25,26,26,25,0,3.9634,132.169,8171.31,8171.31,82.7929,3277,31,3276.7,29,29,30,30,118.515,0.0309,26.1845,132.169,27,3276,0,25,24,24,0,3276.7,0,80,13/12/2024 14:17
3919,0,11.8515,24.4502,789.526,82.2942,26,26,25,26,26,25,0,3.9634,130.923,8171.31,8171.31,82.2942,3277,31,3276.7,29,29,30,30,118.515,0.0309,27.6808,130.923,27,3276,0,25,24,24,0,3276.7,0,80,13/12/2024 14:17
3920,0,11.8515,24.443,789.775,82.7929,26,26,25,26,26,25,0,3.9634,132.169,8171.31,8171.31,82.7929,3277,31,3276.7,29,29,30,30,118.515,0.0307,27.9302,132.169,27,3276,0,25,24,24,0,3276.7,0,80,13/12/2024 14:17
3921,0,11.8515,24.4502,790.523,82.7929,26,26,25,26,26,25,0,3.9634,132.918,8171.31,8171.31,82.7929,3277,31,3276.7,29,29,30,30,118.515,0.031,26.6833,132.918,27,3276,0,25,24,24,0,3276.7,0,80,13/12/2024 14:17
3922,0,11.8515,24.4394,789.526,83.0423,26,26,25,26,26,25,0,3.9634,132.668,8171.31,8171.31,83.0423,3277,31,3276.7,29,29,30,30,118.515,0.031,26.9326,132.668,27,3276,0,25,24,24,0,3276.7,0,80,13/12/2024 14:17
3923,0,11.8515,24.4394,789.526,82.7929,26,26,25,26,26,25,0,3.9634,131.172,8171.31,8171.31,82.7929,3277,31,3276.7,29,29,30,30,118.515,0.0308,27.9302,131.172,27,3276,0,25,24,24,0,3276.7,0,80,13/12/2024 14:17
3924,0,11.8515,24.443,789.775,82.5436,26,26,25,26,26,25,0,3.9634,132.419,8171.31,8171.31,82.5436,3277,31,3276.7,29,29,30,30,118.515,0.0312,27.6808,132.419,27,3276,0,25,24,24,0,3276.7,0,80,13/12/2024 14:17
3925,0,11.8515,24.4538,789.276,82.7929,26,26,25,26,26,25,0,3.9634,132.918,8171.31,8171.31,82.7929,3277,31,3276.7,29,29,30,30,118.515,0.0312,26.4339,132.918,27,3276,0,25,24,24,0,3276.7,0,80,13/12/2024 14:17
3926,0,11.8515,24.4502,789.775,82.7929,26,26,25,26,26,25,0,3.9634,132.918,8171.31,8171.31,82.7929,3277,31,3276.7,29,29,30,30,118.515,0.0307,27.9302,132.918,27,3276,0,25,24,24,0,3276.7,0,80,13/12/2024 14:17
3927,0,11.8515,24.4538,789.775,82.7929,26,26,25,26,26,25,0,3.9634,131.671,8171.31,8171.31,82.7929,3277,31,3276.7,29,29,30,30,118.515,0.0309,27.9302,131.671,27,3276,0,25,24,24,0,3276.7,0,80,13/12/2024 14:17
3928,0,11.8515,24.443,789.276,82.7929,26,26,25,26,26,25,0,3.9634,131.671,8171.31,8171.31,82.7929,3277,31,3276.7,29,29,30,30,118.515,0.0309,26.9326,131.671,27,3276,0,25,24,24,0,3276.7,0,80,13/12/2024 14:17
3929,0,11.8515,24.443,789.526,82.7929,26,26,25,26,26,25,0,3.9634,132.668,8171.31,8171.31,82.7929,3277,31,3276.7,29,29,30,30,118.515,0.0311,27.4314,132.668,27,3276,0,25,24,24,0,3276.7,0,80,13/12/2024 14:17
3930,0,11.8515,24.4538,789.775,82.7929,26,26,25,26,26,25,0,3.9634,132.918,8171.31,8171.31,82.7929,3277,31,3276.7,29,29,30,30,118.515,0.0311,27.6808,132.918,27,3276,0,25,24,24,0,3276.7,0,80,13/12/2024 14:17
3931,0,11.8515,24.4502,788.777,82.2942,26,26,25,26,26,25,0,3.9634,132.419,8171.31,8171.31,82.2942,3277,31,3276.7,29,29,30,30,118.515,0.0311,27.6808,132.419,27,3276,0,25,24,24,0,3276.7,0,80,13/12/2024 14:17
3932,0,11.8515,24.4538,789.775,83.7905,26,26,25,26,26,25,0,3.9634,131.421,8171.31,8171.31,83.7905,3277,31,3276.7,29,29,30,30,118.515,0.0311,26.6833,131.421,27,3276,0,25,24,24,0,3276.7,0,80,13/12/2024 14:17
3933,0,11.8515,24.4538,789.775,82.7929,26,26,25,26,26,25,0,3.9557,132.419,8171.31,8171.31,82.7929,3277,31,3276.7,29,29,30,30,118.515,0.0311,27.9302,132.419,27,3276,0,25,24,24,0,3276.7,0,80,13/12/2024 14:17
3934,0,11.8515,24.4358,789.276,82.5436,26,26,25,26,26,25,0,3.9528,132.918,8171.31,8171.31,82.5436,3277,31,3276.7,29,29,30,30,118.515,0.0313,27.9302,132.918,27,3276,0,25,24,24,0,3276.7,0,80,13/12/2024 14:17
3935,0,11.8515,24.4394,789.775,83.0423,26,26,25,26,26,25,0,3.9528,132.668,8171.31,8171.31,83.0423,3277,31,3276.7,29,29,30,30,118.515,0.0312,26.9326,132.668,27,3276,0,25,24,24,0,3276.7,0,80,13/12/2024 14:17
3936,0,11.8515,24.4538,790.024,83.0423,26,26,25,26,26,25,0,3.9528,132.419,8171.31,8171.31,83.0423,3277,31,3276.7,29,29,30,30,118.515,0.0306,27.9302,132.419,27,3276,0,25,24,24,0,3276.7,0,80,13/12/2024 14:17
3937,0,11.8515,24.4502,789.775,83.5411,26,26,25,26,26,25,0,3.9528,131.421,8171.31,8171.31,83.5411,3277,31,3276.7,29,29,30,30,118.515,0.031,27.9302,131.421,27,3276,0,25,24,24,0,3276.7,0,80,13/12/2024 14:17
3938,0,11.8515,24.4502,790.024,83.0423,26,26,25,26,26,25,0,3.9528,132.918,8171.31,8171.31,83.0423,3277,31,3276.7,29,29,30,30,118.515,0.031,26.1845,132.918,27,3276,0,25,24,24,0,3276.7,0,80,13/12/2024 14:17
3939,0,11.8515,24.4502,789.775,83.0423,26,26,25,26,26,25,0,3.9528,134.164,8171.31,8171.31,83.0423,3277,31,3276.7,29,29,30,30,118.515,0.0308,26.9326,134.164,27,3276,0,25,24,24,0,3276.7,0,80,13/12/2024 14:17
3940,0,11.8515,24.443,789.775,82.7929,26,26,25,26,26,25,0,3.9528,133.915,8171.31,8171.31,82.7929,3277,31,3276.7,29,29,30,30,118.515,0.031,27.6808,133.915,27,3276,0,25,24,24,0,3276.7,0,80,13/12/2024 14:17
3941,0,11.8515,24.443,789.526,83.5411,26,26,25,26,26,25,0,3.9528,131.671,8171.31,8171.31,83.5411,3277,31,3276.7,29,29,30,30,118.515,0.031,27.9302,131.671,27,3276,0,25,24,24,0,3276.7,0,80,13/12/2024 14:17
3942,0,11.8515,24.4394,789.526,83.7905,26,26,25,26,26,25,0,3.9528,132.419,8171.31,8171.31,83.7905,3277,31,3276.7,29,29,30,30,118.515,0.0313,25.6858,132.419,27,3276,0,25,24,24,0,3276.7,0,80,13/12/2024 14:17
3943,0,11.8515,24.4394,788.777,84.788,26,26,25,26,26,25,0,3.9528,133.915,8171.31,8171.31,84.788,3277,31,3276.7,29,29,30,30,118.515,0.0312,27.9302,133.915,27,3276,0,25,24,24,0,3276.7,0,80,13/12/2024 14:17
3944,0,11.8515,24.443,790.024,83.5411,26,26,25,26,26,25,0,3.9528,133.915,8171.31,8171.31,83.5411,3277,31,3276.7,29,29,30,30,118.515,0.0308,27.6808,133.915,27,3276,0,25,24,24,0,3276.7,0,80,13/12/2024 14:17
3945,0,11.8515,24.4538,789.526,83.0423,26,26,25,26,26,25,0,3.9528,133.416,8171.31,8171.31,83.0423,3277,31,3276.7,29,29,30,30,118.515,0.0319,25.4364,133.416,27,3276,0,25,24,24,0,3276.7,0,80,13/12/2024 14:18
3946,0,11.8515,24.4394,789.526,83.0423,26,26,25,26,26,25,0,3.9528,132.419,8171.31,8171.31,83.0423,3277,31,3276.7,29,29,30,30,118.515,0.0319,27.9302,132.419,27,3276,0,25,24,24,0,3276.7,0,80,13/12/2024 14:18
3947,0,11.8515,24.443,789.775,83.7905,26,26,25,26,26,25,0,3.9528,132.419,8171.31,8171.31,83.7905,3277,31,3276.7,29,29,30,30,118.515,0.031,27.9302,132.419,27,3276,0,25,24,24,0,3276.7,0,80,13/12/2024 14:18
3948,0,11.8515,24.443,789.276,84.0398,26,26,25,26,26,25,0,3.9528,134.164,8171.31,8171.31,84.0398,3277,31,3276.7,29,29,30,30,118.515,0.031,27.4314,134.164,27,3276,0,25,24,24,0,3276.7,0,80,13/12/2024 14:18
3949,0,11.8515,24.443,790.024,83.0423,26,26,25,26,26,25,0,3.9528,133.416,8171.31,8171.31,83.0423,3277,31,3276.7,29,29,30,30,118.515,0.031,27.6808,133.416,27,3276,0,25,24,24,0,3276.7,0,80,13/12/2024 14:18
3950,0,11.8515,24.4502,789.526,83.0423,26,26,25,26,26,25,0,3.9528,131.671,8171.31,8171.31,83.0423,3277,31,3276.7,29,29,30,30,118.515,0.0302,27.9302,131.671,27,3276,0,25,24,24,0,3276.7,0,80,13/12/2024 14:18
3951,0,11.8515,24.4502,789.775,83.5411,26,26,25,26,26,25,0,3.9528,132.419,8171.31,8171.31,83.5411,3277,31,3276.7,29,29,30,30,118.515,0.0302,27.9302,132.419,27,3276,0,25,24,24,0,3276.7,0,80,13/12/2024 14:18
3952,0,11.8515,24.443,789.276,83.5411,26,26,25,26,26,25,0,3.9528,133.915,8171.31,8171.31,83.5411,3277,31,3276.7,29,29,30,30,118.515,0.0311,27.4314,133.915,27,3276,0,25,24,24,0,3276.7,0,80,13/12/2024 14:18
3953,0,11.8515,24.4394,789.276,83.5411,26,26,25,26,26,25,0,3.9528,132.918,8171.31,8171.31,83.5411,3277,31,3276.7,29,29,30,30,118.515,0.0311,28.6783,132.918,27,3276,0,25,24,24,0,3276.7,0,80,13/12/2024 14:18
3954,0,11.8515,24.4394,789.775,84.788,26,26,25,26,26,25,0,3.9528,131.671,8171.31,8171.31,84.788,3277,31,3276.7,29,29,30,30,118.515,0.0311,28.9277,131.671,27,3276,0,25,24,24,0,3276.7,0,80,13/12/2024 14:18
3955,0,11.8515,24.4575,789.775,83.7905,26,26,25,26,26,25,0,3.9528,132.668,8171.31,8171.31,83.7905,3277,31,3276.7,29,29,30,30,118.515,0.0306,28.1795,132.668,27,3276,0,25,24,24,0,3276.7,0,80,13/12/2024 14:18
3956,0,11.8515,24.4502,789.775,84.0398,26,26,25,26,26,25,0,3.9528,135.162,8171.31,8171.31,84.0398,3277,31,3276.7,29,29,30,30,118.515,0.0312,27.4314,135.162,27,3276,0,25,24,24,0,3276.7,0,80,13/12/2024 14:18
3957,0,11.8515,24.4394,789.775,84.0398,26,26,25,26,26,25,0,3.9528,133.416,8171.31,8171.31,84.0398,3277,31,3276.7,29,29,30,30,118.515,0.0312,28.6783,133.416,27,3276,0,25,24,24,0,3276.7,0,80,13/12/2024 14:18
3958,0,11.8515,24.4502,790.024,83.5411,26,26,25,26,26,25,0,3.9528,131.671,8171.31,8171.31,83.5411,3277,31,3276.7,29,29,30,30,118.515,0.031,28.6783,131.671,27,3276,0,25,24,24,0,3276.7,0,80,13/12/2024 14:18
3959,0,11.8515,24.4394,789.276,84.0398,26,26,25,26,26,25,0,3.9528,132.918,8171.31,8171.31,84.0398,3277,31,3276.7,29,29,30,30,118.515,0.0307,27.4314,132.918,27,3276,0,25,24,24,0,3276.7,0,80,13/12/2024 14:18
3960,0,11.8515,24.443,789.526,83.5411,26,26,25,26,26,25,0,3.9528,134.913,8171.31,8171.31,83.5411,3277,31,3276.7,29,29,30,30,118.515,0.0307,27.6808,134.913,27,3276,0,25,24,24,0,3276.7,0,80,13/12/2024 14:18
3961,0,11.8515,24.443,790.024,83.7905,26,26,25,26,26,25,0,3.9528,133.666,8171.31,8171.31,83.7905,3277,31,3276.7,29,29,30,30,118.515,0.0302,28.6783,133.666,27,3276,0,25,24,24,0,3276.7,0,80,13/12/2024 14:18
3962,0,11.8515,24.4394,789.276,83.5411,26,26,25,26,26,25,0,3.9528,132.419,8171.31,8171.31,83.5411,3277,31,3276.7,29,29,30,30,118.515,0.0302,27.9302,132.419,27,3276,0,25,24,24,0,3276.7,0,80,13/12/2024 14:18
3963,0,11.8515,24.4538,789.526,84.0398,26,26,25,26,26,25,0,3.9499,133.666,8171.31,8171.31,84.0398,3277,31,3276.7,29,29,30,30,118.515,0.0309,27.9302,133.666,27,3276,0,25,24,24,0,3276.7,0,80,13/12/2024 14:18
3964,0,11.8515,24.443,789.775,83.7905,26,26,25,26,26,25,0,3.95,134.164,8171.31,8171.31,83.7905,3277,31,3276.7,29,29,30,30,118.515,0.0307,27.9302,134.164,27,3276,0,25,24,24,0,3276.7,0,80,13/12/2024 14:18
3965,0,11.8515,24.4394,789.775,84.0398,26,26,25,26,26,25,0,3.95,132.419,8171.31,8171.31,84.0398,3277,31,3276.7,29,29,30,30,118.515,0.0307,27.6808,132.419,27,3276,0,25,24,24,0,3276.7,0,80,13/12/2024 14:18
3966,0,11.8515,24.443,788.777,84.0398,26,26,25,26,26,25,0,3.95,132.169,8171.31,8171.31,84.0398,3277,31,3276.7,29,29,30,30,118.515,0.0307,28.6783,132.169,27,3276,0,25,24,24,0,3276.7,0,80,13/12/2024 14:18
3967,0,11.8515,24.4394,789.276,84.0398,26,26,25,26,26,25,0,3.95,134.913,8171.31,8171.31,84.0398,3277,31,3276.7,29,29,30,30,118.515,0.0301,27.9302,134.913,27,3276,0,25,24,24,0,3276.7,0,80,13/12/2024 14:18
3968,0,11.8515,24.4394,789.526,84.2892,26,26,25,26,26,25,0,3.95,134.164,8171.31,8171.31,84.2892,3277,31,3276.7,29,29,30,30,118.515,0.0306,27.6808,134.164,27,3276,0,25,24,24,0,3276.7,0,80,13/12/2024 14:18
3969,0,11.8515,24.443,788.777,83.7905,26,26,25,26,26,25,0,3.95,132.419,8171.31,8171.31,83.7905,3277,31,3276.7,29,29,30,30,118.515,0.0309,27.9302,132.419,27,3276,0,25,24,24,0,3276.7,0,80,13/12/2024 14:18
3970,0,11.8515,24.4394,789.775,83.7905,26,26,25,26,26,25,0,3.95,132.918,8171.31,8171.31,83.7905,3277,31,3276.7,29,29,30,30,118.515,0.0309,28.6783,132.918,27,3276,0,25,24,24,0,3276.7,0,80,13/12/2024 14:18
3971,0,11.8515,24.4538,789.775,84.788,26,26,25,26,26,25,0,3.95,134.913,8171.31,8171.31,84.788,3277,31,3276.7,29,29,30,30,118.515,0.0305,28.1795,134.913,27,3276,0,25,24,24,0,3276.7,0,80,13/12/2024 14:18
3972,0,11.8515,24.4394,789.526,84.788,26,26,25,26,26,25,0,3.95,133.416,8171.31,8171.31,84.788,3277,31,3276.7,29,29,30,30,118.515,0.0308,27.9302,133.416,27,3276,0,25,24,24,0,3276.7,0,80,13/12/2024 14:18
3973,0,11.8515,24.443,790.024,83.7905,26,26,25,26,26,25,0,3.95,132.419,8171.31,8171.31,83.7905,3277,31,3276.7,29,29,30,30,118.515,0.0308,28.6783,132.419,27,3276,0,25,24,24,0,3276.7,0,80,13/12/2024 14:18
3974,0,11.8515,24.4394,789.526,84.788,26,26,25,26,26,25,0,3.95,134.164,8171.31,8171.31,84.788,3277,31,3276.7,29,29,30,30,118.515,0.0308,28.6783,134.164,27,3276,0,25,24,24,0,3276.7,0,80,13/12/2024 14:18
3975,0,11.8515,24.443,789.526,84.2892,26,26,25,26,26,25,0,3.95,134.663,8171.31,8171.31,84.2892,3277,31,3276.7,29,29,30,30,118.515,0.0304,28.6783,134.663,27,3276,0,25,24,24,0,3276.7,0,80,13/12/2024 14:18
3976,0,11.8515,24.4538,789.775,84.788,26,26,25,26,26,25,0,3.95,132.419,8171.31,8171.31,84.788,3277,31,3276.7,29,29,30,30,118.515,0.0312,27.9302,132.419,27,3276,0,25,24,24,0,3276.7,0,80,13/12/2024 14:18
3977,0,11.8515,24.443,789.526,84.0398,26,26,25,26,26,25,0,3.95,132.419,8171.31,8171.31,84.0398,3277,31,3276.7,29,29,30,30,118.515,0.0307,28.1795,132.419,27,3276,0,25,24,24,0,3276.7,0,80,13/12/2024 14:18
3978,0,11.8515,24.4394,790.024,84.2892,26,26,25,26,26,25,0,3.95,134.663,8171.31,8171.31,84.2892,3277,31,3276.7,29,29,30,30,118.515,0.0307,29.4264,134.663,27,3276,0,25,24,24,0,3276.7,0,80,13/12/2024 14:18
3979,0,11.8515,24.4502,789.526,84.2892,26,26,25,26,26,25,0,3.95,134.663,8171.31,8171.31,84.2892,3277,31,3276.7,29,29,30,30,118.515,0.0313,27.9302,134.663,27,3276,0,25,24,24,0,3276.7,0,80,13/12/2024 14:18
3980,0,11.8515,24.4358,789.775,85.0373,26,26,25,26,26,25,0,3.95,132.668,8171.31,8171.31,85.0373,3277,31,3276.7,29,29,30,30,118.515,0.0307,27.9302,132.668,27,3276,0,25,24,24,0,3276.7,0,80,13/12/2024 14:18
3981,0,11.8515,24.4502,789.526,84.2892,26,26,25,26,26,25,0,3.95,133.416,8171.31,8171.31,84.2892,3277,31,3276.7,29,29,30,30,118.515,0.0307,28.6783,133.416,27,3276,0,25,24,24,0,3276.7,0,80,13/12/2024 14:18
3982,0,11.8515,24.443,790.024,84.788,26,26,25,26,26,25,0,3.95,134.913,8171.31,8171.31,84.788,3277,31,3276.7,29,29,30,30,118.515,0.0307,30.1745,134.913,27,3276,0,25,24,24,0,3276.7,0,80,13/12/2024 14:18
3983,0,11.8515,24.4394,790.024,84.788,26,26,25,26,26,25,0,3.95,134.164,8171.31,8171.31,84.788,3277,31,3276.7,29,29,30,30,118.515,0.031,27.9302,134.164,27,3276,0,25,24,24,0,3276.7,0,80,13/12/2024 14:18
3984,0,11.8515,24.4502,789.276,83.5411,26,26,25,26,26,25,0,3.95,132.668,8171.31,8171.31,83.5411,3277,31,3276.7,29,29,30,30,118.515,0.0308,27.9302,132.668,27,3276,0,25,24,24,0,3276.7,0,80,13/12/2024 14:18
3985,0,11.8515,24.4502,789.775,85.2867,26,26,25,26,26,25,0,3.95,133.416,8171.31,8171.31,85.2867,3277,31,3276.7,29,29,30,30,118.515,0.0305,28.1795,133.416,27,3276,0,25,24,24,0,3276.7,0,80,13/12/2024 14:18
3986,0,11.8515,24.4502,790.024,84.0398,26,26,25,26,26,25,0,3.95,134.913,8171.31,8171.31,84.0398,3277,31,3276.7,29,29,30,30,118.515,0.0305,29.4264,134.913,27,3276,0,25,24,24,0,3276.7,0,80,13/12/2024 14:18
3987,0,11.8515,24.443,789.775,84.2892,26,26,25,26,26,25,0,3.95,134.164,8171.31,8171.31,84.2892,3277,31,3276.7,29,29,30,30,118.515,0.031,27.9302,134.164,27,3276,0,25,24,24,0,3276.7,0,80,13/12/2024 14:18
3988,0,11.8515,24.443,789.775,85.0373,26,26,25,26,26,25,0,3.95,133.666,8171.31,8171.31,85.0373,3277,31,3276.7,29,29,30,30,118.515,0.031,27.9302,133.666,27,3276,0,25,24,24,0,3276.7,0,80,13/12/2024 14:18
3989,0,11.8515,24.443,789.775,84.788,26,26,25,26,26,25,0,3.95,132.419,8171.31,8171.31,84.788,3277,31,3276.7,29,29,30,30,118.515,0.031,30.6733,132.419,27,3276,0,25,24,24,0,3276.7,0,80,13/12/2024 14:18
3990,0,11.8515,24.443,790.024,85.2867,26,26,25,26,26,25,0,3.95,134.913,8171.31,8171.31,85.2867,3277,31,3276.7,29,29,30,30,118.515,0.0307,28.1795,134.913,27,3276,0,25,24,24,0,3276.7,0,80,13/12/2024 14:18
3991,0,11.8515,24.4321,789.775,83.7905,26,26,25,26,26,25,0,3.95,134.663,8171.31,8171.31,83.7905,3277,31,3276.7,29,29,30,30,118.515,0.0314,27.9302,134.663,27,3276,0,25,24,24,0,3276.7,0,80,13/12/2024 14:18
3992,0,11.8515,24.4538,789.526,85.0373,26,26,25,26,26,25,0,3.95,132.668,8171.31,8171.31,85.0373,3277,31,3276.7,29,29,30,30,118.515,0.0311,28.9277,132.668,27,3276,0,25,24,24,0,3276.7,0,80,13/12/2024 14:18
3993,0,11.8515,24.443,789.526,83.5411,26,26,25,26,26,25,0,3.9462,132.668,8171.31,8171.31,83.5411,3277,31,3276.7,29,29,30,30,118.515,0.0309,29.9252,132.668,27,3276,0,25,24,24,0,3276.7,0,80,13/12/2024 14:18
3994,0,11.8515,24.443,789.526,84.0398,26,26,25,26,26,25,0,3.9457,135.91,8171.31,8171.31,84.0398,3277,31,3276.7,29,29,30,30,118.515,0.0309,27.6808,135.91,27,3276,0,25,24,24,0,3276.7,0,80,13/12/2024 14:18
3995,0,11.8515,24.443,789.526,84.0398,26,26,25,26,26,25,0,3.9457,134.663,8171.31,8171.31,84.0398,3277,31,3276.7,29,29,30,30,118.515,0.0304,27.9302,134.663,27,25,0,25,24,24,0,3276.7,0,80,13/12/2024 14:18
3996,0,11.8515,24.4502,789.276,84.788,26,26,25,26,26,25,0,3.9457,132.668,8171.31,8171.31,84.788,3277,31,3276.7,29,29,30,30,118.515,0.0304,29.9252,132.668,26,3276,0,25,24,24,0,3276.7,0,80,13/12/2024 14:18
3997,0,11.8515,24.4394,789.775,83.7905,26,26,25,26,26,25,0,3.9457,131.671,8171.31,8171.31,83.7905,3277,31,3276.7,29,29,30,30,118.515,0.0312,29.177,131.671,26,3276,0,25,24,24,0,3276.7,0,80,13/12/2024 14:18
3998,0,11.8515,24.443,789.526,84.2892,26,26,25,26,26,25,0,3.9457,133.915,8171.31,8171.31,84.2892,3277,31,3276.7,29,29,30,30,118.515,0.0309,27.9302,133.915,26,3276,0,25,24,24,0,3276.7,0,80,13/12/2024 14:18
3999,0,11.8515,24.443,789.276,85.0373,26,26,25,26,26,25,0,3.9457,135.162,8171.31,8171.31,85.0373,3277,31,3276.7,29,29,30,30,118.515,0.0309,29.9252,135.162,26,3276,0,25,24,24,0,3276.7,0,80,13/12/2024 14:18
4000,0,11.8515,24.443,789.526,83.7905,26,26,25,26,26,25,0,3.9457,134.164,8171.31,8171.31,83.7905,3277,31,3276.7,29,29,30,30,118.515,0.0309,31.172,134.164,26,3276,0,25,24,24,0,3276.7,0,80,13/12/2024 14:18
4001,0,11.8515,24.4394,789.775,85.0373,26,26,25,26,26,25,0,3.9457,132.668,8171.31,8171.31,85.0373,3277,31,3276.7,29,29,30,30,118.515,0.0305,27.6808,132.668,26,3276,0,25,24,24,0,3276.7,0,80,13/12/2024 14:18
4002,0,11.8515,24.443,789.526,85.5361,26,26,25,26,26,25,0,3.9457,133.416,8171.31,8171.31,85.5361,3277,31,3276.7,29,29,30,30,118.515,0.0305,29.177,133.416,26,3276,0,25,24,24,0,3276.7,0,80,13/12/2024 14:18
4003,0,11.8515,24.4394,789.276,85.0373,26,26,25,26,26,25,0,3.9457,134.164,8171.31,8171.31,85.0373,3277,31,3276.7,29,29,30,30,118.515,0.031,30.1745,134.164,26,3276,0,25,24,24,0,3276.7,0,80,13/12/2024 14:18
4004,0,11.8515,24.4502,789.526,85.0373,26,26,25,26,26,25,0,3.9457,134.913,8171.31,8171.31,85.0373,3277,31,3276.7,29,29,30,30,118.515,0.031,27.9302,134.913,26,3276,0,25,24,24,0,3276.7,0,80,13/12/2024 14:18
4005,0,11.8515,24.443,789.526,85.0373,26,26,25,26,26,25,0,3.9457,134.913,8171.31,8171.31,85.0373,3277,31,3276.7,29,29,30,30,118.515,0.031,29.4264,134.913,26,3276,0,25,24,24,0,3276.7,0,80,13/12/2024 14:19
4006,0,11.8515,24.4502,789.526,85.0373,26,26,25,26,26,25,0,3.9457,133.416,8171.31,8171.31,85.0373,3277,31,3276.7,29,29,30,30,118.515,0.0308,29.9252,133.416,26,3276,0,25,24,24,0,3276.7,0,80,13/12/2024 14:19
4007,0,11.8515,24.4502,789.526,85.0373,26,26,25,26,26,25,0,3.9457,134.164,8171.31,8171.31,85.0373,3277,31,3276.7,29,29,30,30,118.515,0.0322,27.9302,134.164,26,3276,0,25,24,24,0,3276.7,0,80,13/12/2024 14:19
4008,0,11.8515,24.4538,789.775,85.5361,26,26,25,26,26,25,0,3.9457,134.164,8171.31,8171.31,85.5361,3277,31,3276.7,29,29,30,30,118.515,0.0462,27.9302,134.164,26,3276,0,25,24,24,0,3276.7,0,80,13/12/2024 14:19
4009,0,11.8515,24.443,790.024,84.788,26,26,25,26,26,25,0,3.9457,134.663,8171.31,8171.31,84.788,3277,31,3276.7,29,29,30,30,118.515,0.0457,29.177,134.663,26,3276,0,25,24,24,0,3276.7,0,80,13/12/2024 14:19
4010,0,11.8515,24.4394,788.777,82.5436,26,26,25,26,26,25,0,3.9457,134.164,8171.31,8171.31,82.5436,3277,31,3276.7,29,29,30,30,118.515,0.0457,27.9302,134.164,26,3276,0,25,24,24,0,3276.7,0,80,13/12/2024 14:19
4011,0,11.8515,24.4358,789.276,78.8029,26,26,25,26,26,25,0,3.9457,131.172,8171.31,8171.31,78.8029,3277,31,3276.7,29,29,30,30,118.515,0.0459,27.4314,131.172,26,3276,0,25,24,24,0,3276.7,0,80,13/12/2024 14:19
4012,0,11.8515,24.4394,789.775,73.0673,26,26,25,26,26,25,0,3.9457,130.174,8171.31,8171.31,73.0673,3277,31,3276.7,29,29,30,30,118.515,0.0462,27.4314,130.174,26,3276,0,25,24,24,0,3276.7,0,80,13/12/2024 14:19
4013,0,11.8515,24.443,789.775,67.8304,26,26,25,26,26,25,0,3.9457,130.174,8171.31,8171.31,67.8304,3277,31,3276.7,29,29,30,30,118.515,0.0462,24.4389,130.174,26,3276,0,25,24,24,0,3276.7,0,80,13/12/2024 14:19
4014,0,11.8515,24.4321,789.775,63.591,26,26,25,26,26,25,0,3.9457,127.93,8171.31,8171.31,63.591,3277,31,3276.7,29,29,30,30,118.515,0.0465,21.6957,127.93,26,3276,0,25,24,24,0,3276.7,0,80,13/12/2024 14:19
4015,0,11.8515,24.4502,789.775,60.3491,26,26,25,26,26,25,0,3.9457,125.187,8171.31,8171.31,60.3491,3277,31,3276.7,29,29,30,30,118.515,0.047,22.6932,125.187,26,3276,0,25,24,24,0,3276.7,0,80,13/12/2024 14:19
4016,0,11.8515,24.4358,789.526,58.1047,26,26,25,26,26,25,0,3.9457,122.693,8171.31,8171.31,58.1047,3277,31,3276.7,29,29,30,30,118.515,0.0473,19.202,122.693,26,3276,0,25,24,24,0,3276.7,0,80,13/12/2024 14:19
4017,0,11.8515,24.443,789.775,56.8578,26,26,25,26,26,25,0,3.9457,121.696,8171.31,8171.31,56.8578,3277,31,3276.7,29,29,30,30,118.515,0.0428,16.2095,121.696,26,3276,0,25,24,24,0,3276.7,0,80,13/12/2024 14:19
4018,0,11.8515,24.4394,790.024,55.1122,26,26,25,26,26,25,0,3.9457,120.449,8171.31,8171.31,55.1122,3277,31,3276.7,29,29,30,30,118.515,0.0428,14.9626,120.449,26,3276,0,25,24,24,0,3276.7,0,80,13/12/2024 14:19
4019,0,11.8515,24.4321,789.276,53.1172,26,26,25,26,26,25,0,3.9457,117.706,8171.31,8171.31,53.1172,3277,31,3276.7,29,29,30,30,118.515,0.0321,15.4613,117.706,26,3276,0,25,24,24,0,3276.7,0,80,13/12/2024 14:19
4020,0,11.8515,24.4502,789.526,51.8703,26,26,25,26,26,25,0,3.9457,114.962,8171.31,8171.31,51.8703,3277,31,3276.7,29,29,30,30,118.515,0.0314,11.9701,114.962,26,3276,0,25,24,24,0,3276.7,0,80,13/12/2024 14:19
4021,0,11.8515,24.443,789.775,50.1246,26,26,25,26,26,25,0,3.9457,115.212,8171.31,8171.31,50.1246,3277,31,3276.7,29,29,30,30,118.515,0.0314,9.97505,115.212,26,3276,0,25,24,24,0,3276.7,0,80,13/12/2024 14:19
4022,0,11.8515,24.4502,789.526,49.3765,26,26,25,26,26,25,0,3.9457,114.214,8171.31,8171.31,49.3765,3277,31,3276.7,29,29,30,30,118.515,0.0319,8.22942,114.214,26,3276,0,25,24,24,0,3276.7,0,80,13/12/2024 14:19
4023,0,11.8515,24.443,790.523,47.8803,26,26,25,26,26,25,0,4.2657,110.474,8171.31,8171.31,47.8803,3277,31,3276.7,29,29,30,30,118.515,0.0319,7.98004,110.474,26,3276,0,25,24,24,0,3276.7,0,80,13/12/2024 14:19
4024,0,11.8515,24.4394,790.024,46.384,26,26,25,26,26,25,0,4.2611,108.977,8171.31,8171.31,46.384,3277,31,3276.7,29,29,30,30,118.515,0.032,5.73566,108.977,26,3276,0,25,24,24,0,3276.7,0,80,13/12/2024 14:19
4025,0,11.8515,24.4502,790.024,45.1371,26,26,25,26,26,25,0,4.2611,109.227,8171.31,8171.31,45.1371,3277,31,3276.7,29,29,30,30,118.515,0.0386,1.99501,109.227,26,3276,0,25,24,24,0,3276.7,0,80,13/12/2024 14:19
4026,0,11.8515,24.4502,790.024,44.8877,26,26,25,26,26,25,0,4.2611,107.731,8171.31,8171.31,44.8877,3277,31,3276.7,29,29,30,30,118.515,0.0386,0.249376,107.731,26,3276,0,25,24,24,0,3276.7,0,80,13/12/2024 14:19
4027,0,11.8515,24.4394,789.276,44.389,26,26,25,26,26,25,0,4.2611,103.491,8171.31,8171.31,44.389,3277,31,3276.7,29,29,30,30,118.515,0.0457,1.24688,103.491,26,3276,0,25,24,24,0,3276.7,0,80,13/12/2024 14:19
4028,0,11.8515,24.4394,789.526,45.3865,26,26,25,26,26,25,0,4.2611,104.987,8171.31,8171.31,45.3865,3277,31,3276.7,29,29,30,30,118.515,0.0457,-0.748129,104.987,26,3276,0,25,24,24,0,3276.7,0,80,13/12/2024 14:19
4029,0,11.8515,24.443,788.777,47.3815,26,26,25,26,26,25,0,4.2611,103.741,8171.31,8171.31,47.3815,3277,31,3276.7,29,29,30,30,118.515,0.0457,-1.99501,103.741,26,3276,0,25,24,24,0,3276.7,0,80,13/12/2024 14:19
4030,0,11.8515,24.4502,789.775,50.374,26,26,25,26,26,25,0,4.2611,100.249,8171.31,8171.31,50.374,3277,31,3276.7,29,29,30,30,118.515,0.046,-2.49376,100.249,26,3276,0,25,24,24,0,3276.7,0,80,13/12/2024 14:19
4031,0,11.8515,24.4394,789.775,50.1246,26,26,25,26,26,25,0,4.2611,101.496,8171.31,8171.31,50.1246,3277,31,3276.7,29,29,30,30,118.515,0.046,-2.49376,101.496,26,3276,0,25,24,24,0,3276.7,0,80,13/12/2024 14:19
4032,0,11.8515,24.4321,790.024,51.1222,26,26,25,26,26,25,0,4.2611,102.494,8171.31,8171.31,51.1222,3277,31,3276.7,29,29,30,30,118.515,0.0464,-2.24439,102.494,26,3276,0,25,24,24,0,3276.7,0,80,13/12/2024 14:19
4033,0,11.8515,24.4394,789.526,51.3715,26,26,25,26,26,25,0,4.2611,100.249,8171.31,8171.31,51.3715,3277,31,3276.7,29,29,30,30,118.515,0.0462,-1.24688,100.249,26,3276,0,25,24,24,0,3276.7,0,80,13/12/2024 14:19
4034,0,11.8515,24.443,789.526,51.8703,26,26,25,26,26,25,0,4.2611,102.494,8171.31,8171.31,51.8703,3277,31,3276.7,29,29,30,30,118.515,0.0462,-1.99501,102.494,26,3276,0,25,24,24,0,3276.7,0,80,13/12/2024 14:19
4035,0,11.8515,24.443,789.775,52.369,26,26,25,26,26,25,0,4.2611,102.494,8171.31,8171.31,52.369,3277,31,3276.7,29,29,30,30,118.515,0.0341,-2.99252,102.494,26,3276,0,25,24,24,0,3276.7,0,80,13/12/2024 14:19
4036,0,11.8515,24.4502,789.526,52.8678,26,26,25,26,26,25,0,4.2611,100.249,8171.31,8171.31,52.8678,3277,31,3276.7,29,29,30,30,118.515,0.0311,-2.99252,100.249,26,3276,0,25,24,24,0,3276.7,0,80,13/12/2024 14:19
4037,0,11.8515,24.4394,788.777,52.6184,26,26,25,26,26,25,0,4.2611,102.244,8171.31,8171.31,52.6184,3277,31,3276.7,29,29,30,30,118.515,0.0311,-1.99501,102.244,26,3276,0,25,24,24,0,3276.7,0,80,13/12/2024 14:19
4038,0,11.8515,24.443,789.775,52.8678,26,26,25,26,26,25,0,4.2611,102.494,8171.31,8171.31,52.8678,3277,31,3276.7,29,29,30,30,118.515,0.0311,-0.997505,102.494,26,3276,0,25,24,24,0,3276.7,0,80,13/12/2024 14:19
4039,0,11.8515,24.443,789.526,52.369,26,26,25,26,26,25,0,4.2611,100.499,8171.31,8171.31,52.369,3277,31,3276.7,29,29,30,30,118.515,0.0309,-0.997505,100.499,26,3276,0,25,24,24,0,3276.7,0,80,13/12/2024 14:19
4040,0,11.8515,24.4394,790.024,52.369,26,26,25,26,26,25,0,4.2611,101.247,8171.31,8171.31,52.369,3277,31,3276.7,29,29,30,30,118.515,0.0311,-1.99501,101.247,26,3276,0,25,24,24,0,3276.7,0,80,13/12/2024 14:19
4041,0,11.8515,24.4502,789.276,52.369,26,26,25,26,26,25,0,4.2611,102.992,8171.31,8171.31,52.369,3277,31,3276.7,29,29,30,30,118.515,0.0307,-1.99501,102.992,26,3276,0,25,24,24,0,3276.7,0,80,13/12/2024 14:19
4042,0,11.8515,24.443,790.024,52.8678,26,26,25,26,26,25,0,4.2611,101.247,8171.31,8171.31,52.8678,3277,31,3276.7,29,29,30,30,118.515,0.0307,-0.748129,101.247,26,3276,0,25,24,24,0,3276.7,0,80,13/12/2024 14:19
4043,0,11.8515,24.4502,789.526,52.369,26,26,25,26,26,25,0,4.2611,102.244,8171.31,8171.31,52.369,3277,31,3276.7,29,29,30,30,118.515,0.0307,0,102.244,26,3276,0,25,24,24,0,3276.7,0,80,13/12/2024 14:19
4044,0,11.8515,24.4502,789.775,51.8703,26,26,25,26,26,25,0,4.2611,103.741,8171.31,8171.31,51.8703,3277,31,3276.7,29,29,30,30,118.515,0.0311,0,103.741,26,3276,0,25,24,24,0,3276.7,0,80,13/12/2024 14:19
4045,0,11.8515,24.4394,790.024,52.8678,26,26,25,26,26,25,0,4.2611,102.494,8171.31,8171.31,52.8678,3277,31,3276.7,29,29,30,30,118.515,0.0311,-0.997505,102.494,26,3276,0,25,24,24,0,3276.7,0,80,13/12/2024 14:19
4046,0,11.8515,24.443,789.775,53.1172,26,26,25,26,26,25,0,4.2611,101.247,8171.31,8171.31,53.1172,3277,31,3276.7,29,29,30,30,118.515,0.0309,-2.99252,101.247,26,3276,0,25,24,24,0,3276.7,0,80,13/12/2024 14:19
4047,0,11.8515,24.443,790.024,52.8678,26,26,25,26,26,25,0,4.2611,102.992,8171.31,8171.31,52.8678,3277,31,3276.7,29,29,30,30,118.515,0.0309,-0.997505,102.992,26,3276,0,25,24,24,0,3276.7,0,80,13/12/2024 14:19
4048,0,11.8515,24.4575,790.024,52.8678,26,26,25,26,26,25,0,4.2611,102.992,8171.31,8171.31,52.8678,3277,31,3276.7,29,29,30,30,118.515,0.0309,0.249376,102.992,26,3276,0,25,24,24,0,3276.7,0,80,13/12/2024 14:19
4049,0,11.8515,24.4538,789.526,52.8678,26,26,25,26,26,25,0,4.2611,100.499,8171.31,8171.31,52.8678,3277,31,3276.7,29,29,30,30,118.515,0.0309,-1.74563,100.499,26,3276,0,25,24,24,0,3276.7,0,80,13/12/2024 14:19
4050,0,11.8515,24.4575,789.276,52.8678,26,26,25,26,26,25,0,4.2611,101.746,8171.31,8171.31,52.8678,3277,31,3276.7,29,29,30,30,118.515,0.0309,-1.99501,101.746,26,3276,0,25,24,24,0,3276.7,0,80,13/12/2024 14:19
4051,0,11.8515,24.4502,788.777,52.8678,26,26,25,26,26,25,0,4.2611,103.491,8171.31,8171.31,52.8678,3277,31,3276.7,29,29,30,30,118.515,0.03,0,103.491,26,3276,0,25,24,24,0,3276.7,0,80,13/12/2024 14:19
4052,0,11.8515,24.4502,789.775,53.1172,26,26,25,26,26,25,0,4.2611,103.491,8171.31,8171.31,53.1172,3277,31,3276.7,29,29,30,30,118.515,0.0307,0.498753,103.491,26,3276,0,25,24,24,0,3276.7,0,80,13/12/2024 14:19
4053,0,11.8515,24.4394,789.775,52.8678,26,26,25,26,26,25,0,3.9254,101.746,8171.31,8171.31,52.8678,3277,31,3276.7,29,29,30,30,118.515,0.0307,-1.74563,101.746,26,3276,0,25,24,24,0,3276.7,0,80,13/12/2024 14:19
4054,0,11.8515,24.4502,789.276,53.1172,26,26,25,26,26,25,0,3.9289,101.247,8171.31,8171.31,53.1172,3277,31,3276.7,29,29,30,30,118.515,0.0313,-1.99501,101.247,26,3276,0,25,24,24,0,3276.7,0,80,13/12/2024 14:19
4055,0,11.8515,24.4358,788.777,53.1172,26,26,25,26,26,25,0,3.9289,102.743,8171.31,8171.31,53.1172,3277,31,3276.7,29,29,30,30,118.515,0.0311,0.249376,102.743,26,3276,0,25,24,24,0,3276.7,0,80,13/12/2024 14:19
4056,0,11.8515,24.443,789.775,52.8678,26,26,25,26,26,25,0,3.9289,102.494,8171.31,8171.31,52.8678,3277,31,3276.7,29,29,30,30,118.515,0.0308,-0.997505,102.494,26,3276,0,25,24,24,0,3276.7,0,80,13/12/2024 14:19
4057,0,11.8515,24.4394,789.775,52.6184,26,26,25,26,26,25,0,3.9289,102.244,8171.31,8171.31,52.6184,3277,31,3276.7,29,29,30,30,118.515,0.0308,-2.24439,102.244,26,3276,0,25,24,24,0,3276.7,0,80,13/12/2024 14:19
4058,0,11.8515,24.4394,789.526,52.8678,26,26,25,26,26,25,0,3.9289,102.494,8171.31,8171.31,52.8678,3277,31,3276.7,29,29,30,30,118.515,0.0308,0,102.494,26,3276,0,25,24,24,0,3276.7,0,80,13/12/2024 14:19
4059,0,11.8515,24.443,788.777,52.8678,26,26,25,26,26,25,0,3.9289,102.743,8171.31,8171.31,52.8678,3277,31,3276.7,29,29,30,30,118.515,0.0306,0.498753,102.743,26,3276,0,25,24,24,0,3276.7,0,80,13/12/2024 14:19
4060,0,11.8515,24.4502,789.526,53.6159,26,26,25,26,26,25,0,3.9289,103.741,8171.31,8171.31,53.6159,3277,31,3276.7,29,29,30,30,118.515,0.0308,-1.24688,103.741,26,3276,0,25,24,24,0,3276.7,0,80,13/12/2024 14:19
4061,0,11.8515,24.4394,789.775,53.1172,26,26,25,26,26,25,0,3.9289,102.743,8171.31,8171.31,53.1172,3277,31,3276.7,29,29,30,30,118.515,0.0308,0.249376,102.743,26,3276,0,25,24,24,0,3276.7,0,80,13/12/2024 14:19
4062,0,11.8515,24.4502,789.276,52.8678,26,26,25,26,26,25,0,3.9289,101.746,8171.31,8171.31,52.8678,3277,31,3276.7,29,29,30,30,118.515,0.0305,0.498753,101.746,26,3276,0,25,24,24,0,3276.7,0,80,13/12/2024 14:19
4063,0,11.8515,24.4394,789.526,53.8653,26,26,25,26,26,25,0,3.9289,102.494,8171.31,8171.31,53.8653,3277,31,3276.7,29,29,30,30,118.515,0.0309,-1.24688,102.494,26,3276,0,25,24,24,0,3276.7,0,80,13/12/2024 14:19
4064,0,11.8515,24.443,789.276,53.1172,26,26,25,26,26,25,0,3.9289,102.743,8171.31,8171.31,53.1172,3277,31,3276.7,29,29,30,30,118.515,0.0309,0,102.743,26,3276,0,25,24,24,0,3276.7,0,80,13/12/2024 14:19
4065,0,11.8515,24.4538,789.276,53.6159,26,26,25,26,26,25,0,3.9289,103.99,8171.31,8171.31,53.6159,3277,31,3276.7,29,29,30,30,118.515,0.0309,0.748129,103.99,26,3276,0,25,24,24,0,3276.7,0,80,13/12/2024 14:20
4066,0,11.8515,24.443,789.276,53.6159,26,26,25,26,26,25,0,3.9289,104.239,8171.31,8171.31,53.6159,3277,31,3276.7,29,29,30,30,118.515,0.0309,-2.24439,104.239,26,3276,0,25,24,24,0,3276.7,0,80,13/12/2024 14:20
4067,0,11.8515,24.4502,788.528,53.1172,26,26,25,26,26,25,0,3.9289,102.743,8171.31,8171.31,53.1172,3277,31,3276.7,29,29,30,30,118.515,0.0309,0.748129,102.743,26,3276,0,25,24,24,0,3276.7,0,80,13/12/2024 14:20
4068,0,11.8515,24.4502,789.775,53.1172,26,26,25,26,26,25,0,3.9289,102.494,8171.31,8171.31,53.1172,3277,31,3276.7,29,29,30,30,118.515,0.0307,0,102.494,26,3276,0,25,24,24,0,3276.7,0,80,13/12/2024 14:20
4069,0,11.8515,24.4394,788.528,53.1172,26,26,25,26,26,25,0,3.9289,102.494,8171.31,8171.31,53.1172,3277,31,3276.7,29,29,30,30,118.515,0.0307,-1.24688,102.494,26,3276,0,25,24,24,0,3276.7,0,80,13/12/2024 14:20
4070,0,11.8515,24.443,789.276,53.1172,26,26,25,26,26,25,0,3.9289,101.496,8171.31,8171.31,53.1172,3277,31,3276.7,29,29,30,30,118.515,0.031,1.24688,101.496,26,3276,0,25,24,24,0,3276.7,0,80,13/12/2024 14:20
4071,0,11.8515,24.443,787.53,53.6159,26,26,25,26,26,25,0,3.9289,103.741,8171.31,8171.31,53.6159,3277,31,3276.7,29,29,30,30,118.515,0.0307,-1.74563,103.741,26,3276,0,25,24,24,0,3276.7,0,80,13/12/2024 14:20
4072,0,11.8515,24.443,789.526,53.6159,26,26,25,26,26,25,0,3.9289,103.99,8171.31,8171.31,53.6159,3277,31,3276.7,29,29,30,30,118.515,0.0313,1.24688,103.99,26,3276,0,25,24,24,0,3276.7,0,80,13/12/2024 14:20
4073,0,11.8515,24.443,789.276,53.8653,26,26,25,26,26,25,0,3.9289,104.738,8171.31,8171.31,53.8653,3277,31,3276.7,29,29,30,30,118.515,0.0311,1.99501,104.738,26,3276,0,25,24,24,0,3276.7,0,80,13/12/2024 14:20
4074,0,11.8515,24.4575,788.528,53.6159,26,26,25,26,26,25,0,3.9289,104.987,8171.31,8171.31,53.6159,3277,31,3276.7,29,29,30,30,118.515,0.0311,-1.24688,104.987,26,3276,0,25,24,24,0,3276.7,0,80,13/12/2024 14:20
4075,0,11.8515,24.4538,789.526,53.1172,26,26,25,26,26,25,0,3.9289,102.743,8171.31,8171.31,53.1172,3277,31,3276.7,29,29,30,30,118.515,0.0307,1.49626,102.743,26,3276,0,25,24,24,0,3276.7,0,80,13/12/2024 14:20
4076,0,11.8515,24.443,788.777,53.1172,26,26,25,26,26,25,0,3.9289,102.494,8171.31,8171.31,53.1172,3277,31,3276.7,29,29,30,30,118.515,0.0307,-0.748129,102.494,26,3276,0,25,24,24,0,3276.7,0,80,13/12/2024 14:20
4077,0,11.8515,24.4394,789.526,53.8653,26,26,25,26,26,25,0,3.9289,102.244,8171.31,8171.31,53.8653,3277,31,3276.7,29,29,30,30,118.515,0.0307,0,102.244,26,3276,0,25,24,24,0,3276.7,0,80,13/12/2024 14:20
4078,0,11.8515,24.443,789.276,53.6159,26,26,25,26,26,25,0,3.9289,102.992,8171.31,8171.31,53.6159,3277,31,3276.7,29,29,30,30,118.515,0.031,0.748129,102.992,26,3276,0,25,24,24,0,3276.7,0,80,13/12/2024 14:20
4079,0,11.8515,24.4394,788.777,53.8653,26,26,25,26,26,25,0,3.9289,104.239,8171.31,8171.31,53.8653,3277,31,3276.7,29,29,30,30,118.515,0.031,-1.74563,104.239,26,3276,0,25,24,24,0,3276.7,0,80,13/12/2024 14:20
4080,0,11.8515,24.4394,789.276,52.8678,26,26,25,26,26,25,0,3.9289,104.239,8171.31,8171.31,52.8678,3277,31,3276.7,29,29,30,30,118.515,0.031,1.24688,104.239,26,3276,0,25,24,24,0,3276.7,0,80,13/12/2024 14:20
4081,0,11.8515,24.443,788.777,53.8653,26,26,25,26,26,25,0,3.9289,104.239,8171.31,8171.31,53.8653,3277,31,3276.7,29,29,30,30,118.515,0.0315,0.748129,104.239,26,3276,0,25,24,24,0,3276.7,0,80,13/12/2024 14:20
4082,0,11.8515,24.4538,788.777,53.6159,26,26,25,26,26,25,0,3.9289,103.741,8171.31,8171.31,53.6159,3277,31,3276.7,29,29,30,30,118.515,0.0315,-0.748129,103.741,26,3276,0,25,24,24,0,3276.7,0,80,13/12/2024 14:20
4083,0,11.8515,24.443,788.528,53.1172,26,26,25,26,26,25,0,3.9154,102.992,8171.31,8171.31,53.1172,3277,31,3276.7,29,29,30,30,118.515,0.031,1.74563,102.992,26,3276,0,25,24,24,0,3276.7,0,80,13/12/2024 14:20
4084,0,11.8515,24.4502,789.775,54.8628,26,26,25,26,26,25,0,3.9102,102.743,8171.31,8171.31,54.8628,3277,31,3276.7,29,29,30,30,118.515,0.0305,-0.748129,102.743,26,3276,0,25,24,24,0,3276.7,0,80,13/12/2024 14:20
4085,0,11.8515,24.4502,789.276,53.1172,26,26,25,26,26,25,0,3.9102,103.491,8171.31,8171.31,53.1172,3277,31,3276.7,29,29,30,30,118.515,0.0305,-1.24688,103.491,26,3276,0,25,24,24,0,3276.7,0,80,13/12/2024 14:20
4086,0,11.8515,24.4502,788.528,53.6159,26,26,25,26,26,25,0,3.9102,104.987,8171.31,8171.31,53.6159,3277,31,3276.7,29,29,30,30,118.515,0.0313,2.74314,104.987,26,3276,0,25,24,24,0,3276.7,0,80,13/12/2024 14:20
4087,0,11.8515,24.4394,789.526,53.8653,26,26,25,26,26,25,0,3.9102,104.738,8171.31,8171.31,53.8653,3277,31,3276.7,29,29,30,30,118.515,0.0309,-0.498753,104.738,26,3276,0,25,24,24,0,3276.7,0,80,13/12/2024 14:20
4088,0,11.8515,24.4394,789.775,53.6159,26,26,25,26,26,25,0,3.9102,103.741,8171.31,8171.31,53.6159,3277,31,3276.7,29,29,30,30,118.515,0.0309,0.498753,103.741,26,3276,0,25,24,24,0,3276.7,0,80,13/12/2024 14:20
4089,0,11.8515,24.443,788.528,54.1147,26,26,25,26,26,25,0,3.9102,102.743,8171.31,8171.31,54.1147,3277,31,3276.7,29,29,30,30,118.515,0.0309,1.99501,102.743,26,3276,0,25,24,24,0,3276.7,0,80,13/12/2024 14:20
4090,0,11.8515,24.4502,788.777,54.1147,25,26,25,26,26,25,0,3.9102,103.491,8171.31,8171.31,54.1147,3277,31,3276.7,29,29,30,30,118.515,0.0309,0,103.491,26,3276,0,25,24,24,0,3276.7,0,80,13/12/2024 14:20
4091,0,11.8515,24.4394,788.528,54.1147,25,26,25,26,26,25,0,3.9102,103.99,8171.31,8171.31,54.1147,3277,31,3276.7,29,29,30,30,118.515,0.0309,1.74563,103.99,26,3276,0,25,24,24,0,3276.7,0,80,13/12/2024 14:20
4092,0,11.8515,24.4394,788.777,52.8678,25,26,25,26,26,25,0,3.9102,104.987,8171.31,8171.31,52.8678,3277,31,3276.7,29,29,30,30,118.515,0.0309,2.74314,104.987,26,3276,0,25,24,24,0,3276.7,0,80,13/12/2024 14:20
4093,0,11.8515,24.4502,789.276,53.6159,25,26,25,26,26,25,0,3.9102,104.738,8171.31,8171.31,53.6159,3277,31,3276.7,29,29,30,30,118.515,0.0309,-0.498753,104.738,26,3276,0,25,24,24,0,3276.7,0,80,13/12/2024 14:20
4094,0,11.8515,24.4358,788.777,54.364,25,26,25,26,26,25,0,3.9102,102.992,8171.31,8171.31,54.364,3277,31,3276.7,29,29,30,30,118.515,0.0311,0.748129,102.992,26,3276,0,25,24,24,0,3276.7,0,80,13/12/2024 14:20
4095,0,11.8515,24.4394,789.526,54.8628,25,26,25,26,26,25,0,3.9102,102.494,8171.31,8171.31,54.8628,3277,31,3276.7,29,29,30,30,118.515,0.0302,2.49376,102.494,26,3276,0,25,24,24,0,3276.7,0,80,13/12/2024 14:20
4096,0,11.8515,24.4538,788.279,53.8653,25,26,25,26,26,25,0,3.9102,104.239,8171.31,8171.31,53.8653,3277,31,3276.7,29,29,30,30,118.515,0.0312,0.498753,104.239,26,3276,0,25,24,24,0,3276.7,0,80,13/12/2024 14:20
4097,0,11.8515,24.4394,789.526,53.8653,25,26,25,26,26,25,0,3.9102,104.738,8171.31,8171.31,53.8653,3277,31,3276.7,29,29,30,30,118.515,0.031,0.498753,104.738,26,3276,0,25,24,24,0,3276.7,0,80,13/12/2024 14:20
4098,0,11.8515,24.4394,788.777,54.1147,25,26,25,26,26,25,0,3.9102,105.237,8171.31,8171.31,54.1147,3277,31,3276.7,29,29,30,30,118.515,0.031,1.74563,105.237,26,3276,0,25,24,24,0,3276.7,0,80,13/12/2024 14:20
4099,0,11.8515,24.443,788.777,53.6159,25,26,25,26,26,25,0,3.9102,102.743,8171.31,8171.31,53.6159,3277,31,3276.7,29,29,30,30,118.515,0.031,0.498753,102.743,26,3276,0,25,24,24,0,3276.7,0,80,13/12/2024 14:20
4100,0,11.8515,24.4502,789.775,53.6159,25,26,25,26,26,25,0,3.9102,102.743,8171.31,8171.31,53.6159,3277,31,3276.7,29,29,30,30,118.515,0.031,0.249376,102.743,26,3276,0,25,24,24,0,3276.7,0,80,13/12/2024 14:20
4101,0,11.8515,24.4502,789.276,54.364,25,26,25,26,26,25,0,3.9102,104.987,8171.31,8171.31,54.364,3277,31,3276.7,29,29,30,30,118.515,0.031,2.49376,104.987,26,3276,0,25,24,24,0,3276.7,0,80,13/12/2024 14:20
4102,0,11.8515,24.4538,789.526,54.1147,25,26,25,26,26,25,0,3.9102,105.237,8171.31,8171.31,54.1147,3277,31,3276.7,29,29,30,30,118.515,0.031,1.74563,105.237,26,3276,0,25,24,24,0,3276.7,0,80,13/12/2024 14:20
4103,0,11.8515,24.443,789.276,54.1147,25,26,25,26,26,25,0,3.9102,102.992,8171.31,8171.31,54.1147,3277,31,3276.7,29,29,30,30,118.515,0.0307,0.249376,102.992,26,3276,0,25,24,24,0,3276.7,0,80,13/12/2024 14:20
4104,0,11.8515,24.443,789.526,54.8628,25,26,25,26,26,25,0,3.9102,102.743,8171.31,8171.31,54.8628,3277,31,3276.7,29,29,30,30,118.515,0.0309,0.498753,102.743,26,3276,0,25,24,24,0,3276.7,0,80,13/12/2024 14:20
4105,0,11.8515,24.4502,789.526,54.364,25,26,25,26,26,25,0,3.9102,104.738,8171.31,8171.31,54.364,3277,31,3276.7,29,29,30,30,118.515,0.0311,1.99501,104.738,26,3276,0,25,24,24,0,3276.7,0,80,13/12/2024 14:20
4106,0,11.8515,24.4502,789.526,54.1147,25,26,25,26,26,25,0,3.9102,105.237,8171.31,8171.31,54.1147,3277,31,3276.7,29,29,30,30,118.515,0.0311,1.24688,105.237,26,3276,0,25,24,24,0,3276.7,0,80,13/12/2024 14:20
4107,0,11.8515,24.443,789.526,54.364,25,26,25,26,26,25,0,3.9102,105.237,8171.31,8171.31,54.364,3277,31,3276.7,29,29,30,30,118.515,0.0311,0.498753,105.237,26,3276,0,25,24,24,0,3276.7,0,80,13/12/2024 14:20
4108,0,11.8515,24.4575,789.276,53.8653,25,26,25,26,26,25,0,3.9102,103.741,8171.31,8171.31,53.8653,3277,31,3276.7,29,29,30,30,118.515,0.0311,2.49376,103.741,26,3276,0,25,24,24,0,3276.7,0,80,13/12/2024 14:20
4109,0,11.8515,24.4502,788.528,54.8628,25,26,25,26,26,25,0,3.9102,103.741,8171.31,8171.31,54.8628,3277,31,3276.7,29,29,30,30,118.515,0.0311,1.74563,103.741,26,3276,0,25,24,24,0,3276.7,0,80,13/12/2024 14:20
4110,0,11.8515,24.4502,788.777,54.364,25,26,25,26,26,25,0,3.9102,105.237,8171.31,8171.31,54.364,3277,31,3276.7,29,29,30,30,118.515,0.0309,0.498753,105.237,26,3276,0,25,24,24,0,3276.7,0,80,13/12/2024 14:20
4111,0,11.8515,24.4538,788.777,53.8653,25,26,25,26,26,25,0,3.9102,105.237,8171.31,8171.31,53.8653,3277,31,3276.7,29,29,30,30,118.515,0.0301,0.498753,105.237,26,3276,0,25,24,24,0,3276.7,0,80,13/12/2024 14:20
4112,0,11.8515,24.4502,789.526,55.1122,25,26,25,26,26,25,0,3.9102,102.743,8171.31,8171.31,55.1122,3277,31,3276.7,29,29,30,30,118.515,0.031,2.49376,102.743,26,3276,0,25,24,24,0,3276.7,0,80,13/12/2024 14:20
4113,0,11.8515,24.4502,789.276,54.364,25,26,25,26,26,25,0,3.9117,102.992,8171.31,8171.31,54.364,3277,31,3276.7,29,29,30,30,118.515,0.0304,0.748129,102.992,26,3276,0,25,24,24,0,3276.7,0,80,13/12/2024 14:20
4114,0,11.8515,24.4358,790.024,54.364,25,26,25,26,26,25,0,3.9105,105.237,8171.31,8171.31,54.364,3277,31,3276.7,29,29,30,30,118.515,0.0304,0.498753,105.237,26,3276,0,25,24,24,0,3276.7,0,80,13/12/2024 14:20
4115,0,11.8515,24.443,788.528,53.6159,25,26,25,26,26,25,0,3.9105,104.987,8171.31,8171.31,53.6159,3277,31,3276.7,29,29,30,30,118.515,0.0307,3.74065,104.987,26,3276,0,25,24,24,0,3276.7,0,80,13/12/2024 14:20
4116,0,11.8515,24.443,788.528,54.8628,25,26,25,26,26,25,0,3.9105,101.746,8171.31,8171.31,54.8628,3277,31,3276.7,29,29,30,30,118.515,0.0456,2.99252,101.746,26,3276,0,25,24,24,0,3276.7,0,80,13/12/2024 14:20
4117,0,11.8515,24.443,789.276,54.8628,25,26,25,26,26,25,0,3.9105,102.743,8171.31,8171.31,54.8628,3277,31,3276.7,29,29,30,30,118.515,0.0456,1.49626,102.743,26,3276,0,25,24,24,0,3276.7,0,80,13/12/2024 14:20
4118,0,11.8515,24.443,789.276,52.8678,25,26,25,26,26,25,0,3.9105,104.738,8171.31,8171.31,52.8678,3277,31,3276.7,29,29,30,30,118.515,0.0456,0.748129,104.738,26,3276,0,25,24,24,0,3276.7,0,80,13/12/2024 14:20
4119,0,11.8515,24.443,789.526,50.374,25,26,25,26,26,25,0,3.9105,104.239,8171.31,8171.31,50.374,3277,31,3276.7,29,29,30,30,118.515,0.0459,0.748129,104.239,26,3276,0,25,24,24,0,3276.7,0,80,13/12/2024 14:20
4120,0,11.8515,24.4502,789.775,46.6334,25,26,25,26,26,25,0,3.9105,102.992,8171.31,8171.31,46.6334,3277,31,3276.7,29,29,30,30,118.515,0.0452,-1.24688,102.992,26,3276,0,25,24,24,0,3276.7,0,80,13/12/2024 14:20
4121,0,11.8515,24.4502,789.526,42.8927,25,26,25,26,26,25,0,3.9105,99.9999,8171.31,8171.31,42.8927,3277,31,3276.7,29,29,30,30,118.515,0.0458,-2.99252,99.9999,26,3276,0,25,24,24,0,3276.7,0,80,13/12/2024 14:20
4122,0,11.8515,24.4538,789.526,38.9027,25,26,25,26,26,25,0,3.9105,99.0024,8171.31,8171.31,38.9027,3277,31,3276.7,29,29,30,30,118.515,0.0458,-1.99501,99.0024,26,3276,0,25,24,24,0,3276.7,0,80,13/12/2024 14:20
4123,0,11.8515,24.443,789.775,36.9077,25,26,25,26,26,25,0,3.9105,99.2518,8171.31,8171.31,36.9077,3277,31,3276.7,29,29,30,30,118.515,0.0468,-4.98753,99.2518,26,3276,0,25,24,24,0,3276.7,0,80,13/12/2024 14:20
4124,0,11.8515,24.4538,789.526,35.4114,25,26,25,26,26,25,0,3.9105,97.7555,8171.31,8171.31,35.4114,3277,31,3276.7,29,29,30,30,118.515,0.0468,-6.98254,97.7555,26,3276,0,25,24,24,0,3276.7,0,80,13/12/2024 14:20
4125,0,11.8515,24.4394,789.276,35.1621,25,26,25,26,26,25,0,3.9105,94.763,8171.31,8171.31,35.1621,3277,31,3276.7,29,29,30,30,118.515,0.047,-6.73316,94.763,26,3276,0,25,24,24,0,3276.7,0,80,13/12/2024 14:21
4126,0,11.8515,24.443,789.526,32.9177,25,26,25,26,26,25,0,3.9105,92.768,8171.31,8171.31,32.9177,3277,31,3276.7,29,29,30,30,118.515,0.0315,-8.4788,92.768,26,3276,0,25,24,24,0,3276.7,0,80,13/12/2024 14:21
4127,0,11.8515,24.4538,789.775,32.4189,25,26,25,26,26,25,0,3.9105,93.0174,8171.31,8171.31,32.4189,3277,31,3276.7,29,29,30,30,118.515,0.032,-11.7207,93.0174,26,3276,0,25,24,24,0,3276.7,0,80,13/12/2024 14:21
4128,0,11.8515,24.443,789.526,31.9202,25,26,25,26,26,25,0,3.9105,92.768,8171.31,8171.31,31.9202,3277,31,3276.7,29,29,30,30,118.515,0.032,-10.4738,92.768,26,3276,0,25,24,24,0,3276.7,0,80,13/12/2024 14:21
4129,0,11.8515,24.4502,789.526,30.4239,25,26,25,26,26,25,0,3.9105,91.0224,8171.31,8171.31,30.4239,3277,31,3276.7,29,29,30,30,118.515,0.0317,-11.7207,91.0224,26,3276,0,25,24,24,0,3276.7,0,80,13/12/2024 14:21
4130,0,11.8515,24.443,788.279,29.177,25,26,25,26,26,25,0,3.9105,88.778,8171.31,8171.31,29.177,3277,31,3276.7,29,29,30,30,118.515,0.0317,-14.4638,88.778,26,3276,0,25,24,24,0,3276.7,0,80,13/12/2024 14:21
4131,0,11.8515,24.4538,788.528,27.9302,25,26,25,26,26,25,0,3.9105,86.783,8171.31,8171.31,27.9302,3277,31,3276.7,29,29,30,30,118.515,0.0315,-14.2145,86.783,26,3276,0,25,24,24,0,3276.7,0,80,13/12/2024 14:21
4132,0,11.8515,24.443,788.777,27.9302,25,26,25,26,26,25,0,3.9105,85.5361,8171.31,8171.31,27.9302,3277,31,3276.7,29,29,30,30,118.515,0.045,-14.4638,85.5361,26,3276,0,25,24,24,0,3276.7,0,80,13/12/2024 14:21
4133,0,11.8515,24.4502,789.775,27.9302,25,26,25,26,26,25,0,3.9105,85.5361,8171.31,8171.31,27.9302,3277,31,3276.7,29,29,30,30,118.515,0.045,-18.2045,85.5361,26,3276,0,25,24,24,0,3276.7,0,80,13/12/2024 14:21
4134,0,11.8515,24.4394,789.276,27.9302,25,26,25,26,26,25,0,3.9105,86.5336,8171.31,8171.31,27.9302,3277,31,3276.7,29,29,30,30,118.515,0.0457,-17.207,86.5336,26,3276,0,25,24,24,0,3276.7,0,80,13/12/2024 14:21
4135,0,11.8515,24.4538,788.777,30.4239,25,26,25,26,26,25,0,3.9105,85.5361,8171.31,8171.31,30.4239,3277,31,3276.7,29,29,30,30,118.515,0.0459,-16.9576,85.5361,26,3276,0,25,24,24,0,3276.7,0,80,13/12/2024 14:21
4136,0,11.8515,24.4502,789.276,30.6733,25,26,25,26,26,25,0,3.9105,84.0398,8171.31,8171.31,30.6733,3277,31,3276.7,29,29,30,30,118.515,0.046,-19.4514,84.0398,26,3276,0,25,24,24,0,3276.7,0,80,13/12/2024 14:21
4137,0,11.8515,24.4538,788.528,32.6683,25,26,25,26,26,25,0,3.9105,82.5436,8171.31,8171.31,32.6683,3277,31,3276.7,29,29,30,30,118.515,0.0462,-19.202,82.5436,26,3276,0,25,24,24,0,3276.7,0,80,13/12/2024 14:21
4138,0,11.8515,24.443,789.526,33.167,25,26,25,26,26,25,0,3.9105,82.2942,8171.31,8171.31,33.167,3277,31,3276.7,29,29,30,30,118.515,0.0462,-19.4514,82.2942,26,3276,0,25,24,24,0,3276.7,0,80,13/12/2024 14:21
4139,0,11.8515,24.443,788.777,33.167,25,26,25,26,26,25,0,3.9105,82.7929,8171.31,8171.31,33.167,3277,31,3276.7,29,29,30,30,118.515,0.0464,-19.4514,82.7929,26,3276,0,25,24,24,0,3276.7,0,80,13/12/2024 14:21
4140,0,11.8515,24.443,789.526,33.6658,25,26,25,26,26,25,0,3.9105,84.2892,8171.31,8171.31,33.6658,3277,31,3276.7,29,29,30,30,118.515,0.0461,-17.207,84.2892,26,3276,0,25,24,24,0,3276.7,0,80,13/12/2024 14:21
4141,0,11.8515,24.4538,788.528,33.6658,25,26,25,26,26,25,0,3.9105,84.2892,8171.31,8171.31,33.6658,3277,31,3276.7,29,29,30,30,118.515,0.0461,-19.4514,84.2892,26,3276,0,25,24,24,0,3276.7,0,80,13/12/2024 14:21
4142,0,11.8515,24.4502,789.276,32.9177,25,26,25,26,26,25,0,3.9105,84.0398,8171.31,8171.31,32.9177,3277,31,3276.7,29,29,30,30,118.515,0.031,-16.9576,84.0398,26,3276,0,25,24,24,0,3276.7,0,80,13/12/2024 14:21
4143,0,11.8515,24.4538,789.775,34.1646,25,26,25,26,26,25,0,3.8997,82.5436,8171.31,8171.31,34.1646,3277,31,3276.7,29,29,30,30,118.515,0.0308,-16.9576,82.5436,26,3276,0,25,24,24,0,3276.7,0,80,13/12/2024 14:21
4144,0,11.8515,24.4502,788.777,33.167,25,26,25,26,26,25,0,3.8941,82.5436,8171.31,8171.31,33.167,3277,31,3276.7,29,29,30,30,118.515,0.0314,-19.9501,82.5436,26,3276,0,25,24,24,0,3276.7,0,80,13/12/2024 14:21
4145,0,11.8515,24.443,789.526,33.6658,25,26,25,26,26,25,0,3.8941,82.7929,8171.31,8171.31,33.6658,3277,31,3276.7,29,29,30,30,118.515,0.0303,-16.9576,82.7929,26,3276,0,25,24,24,0,3276.7,0,80,13/12/2024 14:21
4146,0,11.8515,24.4394,789.276,33.6658,25,26,25,26,26,25,0,3.8941,83.5411,8171.31,8171.31,33.6658,3277,31,3276.7,29,29,30,30,118.515,0.0303,-18.2045,83.5411,26,3276,0,25,24,24,0,3276.7,0,80,13/12/2024 14:21
4147,0,11.8515,24.4394,788.777,34.4139,25,26,25,26,26,25,0,3.8941,84.788,8171.31,8171.31,34.4139,3277,31,3276.7,29,29,30,30,118.515,0.0311,-18.2045,84.788,26,3276,0,25,24,24,0,3276.7,0,80,13/12/2024 14:21
4148,0,11.8515,24.443,788.528,34.1646,25,26,25,26,26,25,0,3.8941,85.2867,8171.31,8171.31,34.1646,3277,31,3276.7,29,29,30,30,118.515,0.0311,-16.2095,85.2867,26,3276,0,25,24,24,0,3276.7,0,80,13/12/2024 14:21
4149,0,11.8515,24.443,788.777,33.9152,25,26,25,26,26,25,0,3.8941,84.788,8171.31,8171.31,33.9152,3277,31,3276.7,29,29,30,30,118.515,0.0311,-18.7032,84.788,26,3276,0,25,24,24,0,3276.7,0,80,13/12/2024 14:21
4150,0,11.8515,24.4538,788.528,33.9152,25,26,25,26,26,25,0,3.8941,83.7905,8171.31,8171.31,33.9152,3277,31,3276.7,29,29,30,30,118.515,0.0309,-16.9576,83.7905,26,3276,0,25,24,24,0,3276.7,0,80,13/12/2024 14:21
4151,0,11.8515,24.443,788.029,34.4139,25,26,25,26,26,25,0,3.8941,82.5436,8171.31,8171.31,34.4139,3277,31,3276.7,29,29,30,30,118.515,0.0306,-16.9576,82.5436,26,3276,0,25,24,24,0,3276.7,0,80,13/12/2024 14:21
4152,0,11.8515,24.443,788.528,34.1646,25,26,25,26,26,25,0,3.8941,83.5411,8171.31,8171.31,34.1646,3277,31,3276.7,29,29,30,30,118.515,0.0314,-19.4514,83.5411,26,3276,0,25,24,24,0,3276.7,0,80,13/12/2024 14:21
4153,0,11.8515,24.443,788.029,34.4139,25,26,25,26,26,25,0,3.8941,83.7905,8171.31,8171.31,34.4139,3277,31,3276.7,29,29,30,30,118.515,0.0312,-15.9601,83.7905,26,3276,0,25,24,24,0,3276.7,0,80,13/12/2024 14:21
4154,0,11.8515,24.443,788.777,34.4139,25,26,25,26,26,25,0,3.8941,85.2867,8171.31,8171.31,34.4139,3277,31,3276.7,29,29,30,30,118.515,0.0312,-17.4563,85.2867,26,3276,0,25,24,24,0,3276.7,0,80,13/12/2024 14:21
4155,0,11.8515,24.4538,788.279,35.1621,25,26,25,26,26,25,0,3.8941,85.2867,8171.31,8171.31,35.1621,3277,31,3276.7,29,29,30,30,118.515,0.0304,-17.207,85.2867,26,3276,0,25,24,24,0,3276.7,0,80,13/12/2024 14:21
4156,0,11.8515,24.443,788.029,34.4139,25,26,25,26,26,25,0,3.8941,85.0373,8171.31,8171.31,34.4139,3277,31,3276.7,29,29,30,30,118.515,0.0304,-15.7107,85.0373,26,3276,0,25,24,24,0,3276.7,0,80,13/12/2024 14:21
4157,0,11.8515,24.4358,788.029,34.4139,25,26,25,26,26,25,0,3.8941,83.0423,8171.31,8171.31,34.4139,3277,31,3276.7,29,29,30,30,118.515,0.0304,-17.4563,83.0423,26,3276,0,25,24,24,0,3276.7,0,80,13/12/2024 14:21
4158,0,11.8515,24.443,788.029,34.4139,25,26,25,26,26,25,0,3.8941,83.0423,8171.31,8171.31,34.4139,3277,31,3276.7,29,29,30,30,118.515,0.031,-16.9576,83.0423,26,3276,0,25,24,24,0,3276.7,0,80,13/12/2024 14:21
4159,0,11.8515,24.4502,787.53,34.9127,25,26,25,26,26,25,0,3.8941,83.7905,8171.31,8171.31,34.9127,3277,31,3276.7,29,29,30,30,118.515,0.0307,-15.7107,83.7905,26,3276,0,25,24,24,0,3276.7,0,80,13/12/2024 14:21
4160,0,11.8515,24.4575,787.53,34.4139,25,26,25,26,26,25,0,3.8941,85.5361,8171.31,8171.31,34.4139,3277,31,3276.7,29,29,30,30,118.515,0.0309,-18.4538,85.5361,26,3276,0,25,24,24,0,3276.7,0,80,13/12/2024 14:21
4161,0,11.8515,24.4502,788.029,34.9127,25,26,25,26,26,25,0,3.8941,85.2867,8171.31,8171.31,34.9127,3277,31,3276.7,29,29,30,30,118.515,0.0304,-15.4613,85.2867,26,3276,0,25,24,24,0,3276.7,0,80,13/12/2024 14:21
4162,0,11.8515,24.443,788.279,35.4114,25,26,25,26,26,25,0,3.8941,85.0373,8171.31,8171.31,35.4114,3277,31,3276.7,29,29,30,30,118.515,0.0304,-15.7107,85.0373,26,3276,0,25,24,24,0,3276.7,0,80,13/12/2024 14:21
4163,0,11.8515,24.4502,787.53,35.1621,25,26,25,26,26,25,0,3.8941,83.5411,8171.31,8171.31,35.1621,3277,31,3276.7,29,29,30,30,118.515,0.0308,-18.4538,83.5411,26,3276,0,25,24,24,0,3276.7,0,80,13/12/2024 14:21
4164,0,11.8515,24.4394,788.279,34.9127,25,26,25,26,26,25,0,3.8941,83.5411,8171.31,8171.31,34.9127,3277,31,3276.7,29,29,30,30,118.515,0.0308,-15.7107,83.5411,26,3276,0,25,24,24,0,3276.7,0,80,13/12/2024 14:21
4165,0,11.8515,24.4502,788.029,35.1621,25,26,25,26,26,25,0,3.8941,84.0398,8171.31,8171.31,35.1621,3277,31,3276.7,29,29,30,30,118.515,0.0308,-16.7082,84.0398,26,3276,0,25,24,24,0,3276.7,0,80,13/12/2024 14:21
4166,0,11.8515,24.4538,788.279,35.4114,25,26,25,26,26,25,0,3.8941,85.2867,8171.31,8171.31,35.4114,3277,31,3276.7,29,29,30,30,118.515,0.0312,-17.207,85.2867,26,3276,0,25,24,24,0,3276.7,0,80,13/12/2024 14:21
4167,0,11.8515,24.4394,787.53,35.1621,25,26,25,26,26,25,0,3.8941,85.0373,8171.31,8171.31,35.1621,3277,31,3276.7,29.1,29.1,30,30,118.515,0.0313,-14.9626,85.0373,26,3276,0,25,24,24,0,3276.7,0,80,13/12/2024 14:21
4168,0,11.8515,24.4502,788.029,35.1621,25,26,25,26,26,25,0,3.8941,85.2867,8171.31,8171.31,35.1621,3277,31,3276.7,29.1,29.1,30,30,118.515,0.0309,-16.2095,85.2867,26,3276,0,25,24,24,0,3276.7,0,80,13/12/2024 14:21
4169,0,11.8515,24.443,787.53,35.1621,25,26,25,26,26,25,0,3.8941,84.2892,8171.31,8171.31,35.1621,3277,31,3276.7,29.1,29.1,30,30,118.515,0.0309,-16.9576,84.2892,26,3276,0,25,24,24,0,3276.7,0,80,13/12/2024 14:21
4170,0,11.8515,24.4575,787.53,34.9127,25,26,25,26,26,25,0,3.8941,83.0423,8171.31,8171.31,34.9127,3277,31,3276.7,29,29,30,30,118.515,0.0309,-14.9626,83.0423,26,3276,0,25,24,24,0,3276.7,0,80,13/12/2024 14:21
4171,0,11.8515,24.4502,787.53,34.4139,25,26,25,26,26,25,0,3.8941,85.0373,8171.31,8171.31,34.4139,3277,31,3276.7,29.1,29.1,30,30,118.515,0.0302,-16.7082,85.0373,26,3276,0,25,24,24,0,3276.7,0,80,13/12/2024 14:21
4172,0,11.8515,24.443,788.029,34.4139,25,26,25,26,26,25,0,3.8941,85.5361,8171.31,8171.31,34.4139,3277,31,3276.7,29.1,29.1,30,30,118.515,0.0311,-16.9576,85.5361,26,3276,0,25,24,24,0,3276.7,0,80,13/12/2024 14:21
4173,0,11.8515,24.4502,788.029,35.1621,25,26,25,26,26,25,0,0.0336,85.2867,8171.31,8171.31,35.1621,3277,31,3276.7,29.1,29.1,30,30,118.515,0.0311,-14.2145,85.2867,26,3276,0,25,24,24,0,3276.7,0,80,13/12/2024 14:21
4174,0,11.8515,24.4394,787.53,35.4114,25,26,25,26,26,25,0,0.0336,85.2867,8171.31,8171.31,35.4114,3277,31,3276.7,29.1,29.1,30,30,118.515,0.0309,-16.7082,85.2867,26,3276,0,25,24,24,0,3276.7,0,80,13/12/2024 14:21
4175,0,11.8515,24.4502,788.279,35.4114,25,26,25,26,26,25,0,0.0336,83.0423,8171.31,8171.31,35.4114,3277,31,3276.7,29.1,29.1,30,30,118.515,0.0309,-15.7107,83.0423,26,3276,0,25,24,24,0,3276.7,0,80,13/12/2024 14:21
4176,0,11.8515,24.4538,788.528,35.4114,25,26,25,26,26,25,0,0.0336,85.2867,8171.31,8171.31,35.4114,3277,31,3276.7,29.1,29.1,30,30,118.515,0.0311,-16.7082,85.2867,26,3276,0,25,24,24,0,3276.7,0,80,13/12/2024 14:21
4177,0,11.8515,24.4358,788.029,35.4114,25,26,25,26,26,25,0,0.0336,86.0348,8171.31,8171.31,35.4114,3277,31,3276.7,29.1,29.1,30,30,118.515,0.0311,-15.7107,86.0348,26,3276,0,25,24,24,0,3276.7,0,80,13/12/2024 14:21
4178,0,11.8515,24.443,788.029,35.4114,25,26,25,26,26,25,0,0.0336,85.5361,8171.31,8171.31,35.4114,3277,31,3276.7,29.1,29.1,30,30,118.515,0.0309,-14.4638,85.5361,26,3276,0,25,24,24,0,3276.7,0,80,13/12/2024 14:21
4179,0,11.8515,24.443,788.029,35.4114,25,26,25,26,26,25,0,0.0336,85.5361,8171.31,8171.31,35.4114,3277,31,3276.7,29.1,29.1,30,30,118.515,0.0309,-14.4638,85.5361,26,3276,0,25,24,24,0,3276.7,0,80,13/12/2024 14:21
4180,0,11.8515,24.443,788.777,35.6608,25,26,25,26,26,25,0,0.0336,84.0398,8171.31,8171.31,35.6608,3277,31,3276.7,29.1,29.1,30,30,118.515,0.0309,-15.7107,84.0398,26,3276,0,25,24,24,0,3276.7,0,80,13/12/2024 14:21
4181,0,11.8515,24.443,788.528,34.9127,25,26,25,26,26,25,0,0.0336,84.2892,8171.31,8171.31,34.9127,3277,31,3276.7,29.1,29.1,30,30,118.515,0.0311,-14.4638,84.2892,26,3276,0,25,24,24,0,3276.7,0,80,13/12/2024 14:21
4182,0,11.8515,24.4502,788.279,35.1621,25,26,25,26,26,25,0,0.0336,84.788,8171.31,8171.31,35.1621,3277,31,3276.7,29.1,29.1,30,30,118.515,0.0311,-16.9576,84.788,26,3276,0,25,24,24,0,3276.7,0,80,13/12/2024 14:21
4183,0,11.8515,24.4502,787.53,35.6608,25,26,25,26,26,25,0,0.0336,86.2842,8171.31,8171.31,35.6608,3277,31,3276.7,29.1,29.1,30,30,118.515,0.0311,-14.4638,86.2842,26,3276,0,25,24,24,0,3276.7,0,80,13/12/2024 14:21
4184,0,11.8515,24.4394,788.279,35.4114,25,26,25,26,26,25,0,0.0336,85.5361,8171.31,8171.31,35.4114,3277,31,3276.7,29.1,29.1,30,30,118.515,0.0308,-14.4638,85.5361,26,3276,0,25,24,24,0,3276.7,0,80,13/12/2024 14:21
4185,0,11.8515,24.4502,788.029,35.4114,25,26,25,26,26,25,0,0.0336,84.788,8171.31,8171.31,35.4114,3277,31,3276.7,29.1,29.1,30,30,118.515,0.0308,-17.207,84.788,26,3276,0,25,24,24,0,3276.7,0,80,13/12/2024 14:22
4186,0,11.8515,24.443,788.029,35.4114,25,26,25,26,26,25,0,0.0336,84.788,8171.31,8171.31,35.4114,3277,31,3276.7,29.1,29.1,30,30,118.515,0.0304,-14.4638,84.788,26,3276,0,25,24,24,0,3276.7,0,80,13/12/2024 14:22
4187,0,11.8515,24.443,788.279,35.4114,25,26,25,26,26,25,0,0.0336,83.7905,8171.31,8171.31,35.4114,3277,31,3276.7,29.1,29.1,30,30,118.515,0.0309,-15.9601,83.7905,26,3276,0,25,24,24,0,3276.7,0,80,13/12/2024 14:22
4188,0,11.8515,24.4394,788.279,34.9127,25,26,25,26,26,25,0,0.0336,85.0373,8171.31,8171.31,34.9127,3277,31,3276.7,29.1,29.1,30,30,118.515,0.0309,-16.9576,85.0373,26,3276,0,25,24,24,0,3276.7,0,80,13/12/2024 14:22
4189,0,11.8515,24.443,788.029,35.6608,25,26,25,26,26,25,0,0.0336,85.5361,8171.31,8171.31,35.6608,3277,31,3276.7,29.1,29.1,30,30,118.515,0.0311,-14.4638,85.5361,26,3276,0,25,24,24,0,3276.7,0,80,13/12/2024 14:22
4190,0,11.8515,24.4321,788.279,35.4114,25,26,25,26,26,25,0,0.0336,86.0348,8171.31,8171.31,35.4114,3277,31,3276.7,29.1,29.1,30,30,118.515,0.0311,-15.9601,86.0348,26,3276,0,25,24,24,0,3276.7,0,80,13/12/2024 14:22
4191,0,11.8515,24.4538,787.53,35.4114,25,26,25,26,26,25,0,0.0336,86.2842,8171.31,8171.31,35.4114,3277,31,3276.7,29.1,29.1,30,30,118.515,0.0307,-14.4638,86.2842,26,3276,0,25,24,24,0,3276.7,0,80,13/12/2024 14:22
4192,0,11.8515,24.4502,788.279,36.1596,25,26,25,26,26,25,0,0.0336,85.0373,8171.31,8171.31,36.1596,3277,31,3276.7,29.1,29.1,30,30,118.515,0.0307,-14.4638,85.0373,26,3276,0,25,24,24,0,3276.7,0,80,13/12/2024 14:22
4193,0,11.8515,24.443,788.279,35.4114,25,26,25,26,26,25,0,0.0336,84.0398,8171.31,8171.31,35.4114,3277,31,3276.7,29.1,29.1,30,30,118.515,0.0307,-17.207,84.0398,26,3276,0,25,24,24,0,3276.7,0,80,13/12/2024 14:22
4194,0,11.8515,24.443,788.279,36.1596,25,26,25,26,26,25,0,0.0336,85.0373,8171.31,8171.31,36.1596,3277,31,3276.7,29.1,29.1,30,30,118.515,0.0307,-14.4638,85.0373,26,3276,0,25,24,24,0,3276.7,0,80,13/12/2024 14:22
4195,0,11.8515,24.4394,788.279,35.4114,25,26,25,26,26,25,0,0.0336,85.2867,8171.31,8171.31,35.4114,3277,31,3276.7,29.1,29.1,30,30,118.515,0.0307,-15.9601,85.2867,26,3276,0,25,24,24,0,3276.7,0,80,13/12/2024 14:22
4196,0,11.8515,24.4575,788.029,35.4114,25,26,25,26,26,25,0,0.0336,85.2867,8171.31,8171.31,35.4114,3277,31,3276.7,29.1,29.1,30,30,118.515,0.0307,-16.2095,85.2867,26,3276,0,25,24,24,0,3276.7,0,80,13/12/2024 14:22
4197,0,11.8515,24.443,788.279,35.6608,25,26,25,26,26,25,0,0.0336,86.0348,8171.31,8171.31,35.6608,3277,31,3276.7,29.1,29.1,30,30,118.515,0.031,-14.4638,86.0348,26,3276,0,25,24,24,0,3276.7,0,80,13/12/2024 14:22
4198,0,11.8515,24.4502,788.279,35.4114,25,26,25,26,26,25,0,0.0336,86.2842,8171.31,8171.31,35.4114,3277,31,3276.7,29.1,29.1,30,30,118.515,0.0308,-16.9576,86.2842,26,3276,0,25,24,24,0,3276.7,0,80,13/12/2024 14:22
4199,0,11.8515,24.443,788.279,35.1621,25,26,25,26,26,25,0,0.0336,86.0348,8171.31,8171.31,35.1621,3277,31,3276.7,29.1,29.1,30,30,118.515,0.0312,-14.4638,86.0348,26,3276,0,25,24,24,0,3276.7,0,80,13/12/2024 14:22
4200,0,11.8515,24.4538,788.279,35.4114,25,26,25,26,26,25,0,0.0336,84.788,8171.31,8171.31,35.4114,3277,31,3276.7,29.1,29.1,30,30,118.515,0.0312,-14.7132,84.788,26,3276,0,25,24,24,0,3276.7,0,80,13/12/2024 14:22
4201,0,11.8515,24.4358,788.528,35.6608,25,26,25,26,26,25,0,0.0336,84.0398,8171.31,8171.31,35.6608,3277,31,3276.7,29.1,29.1,30,30,118.515,0.0312,-17.207,84.0398,26,3276,0,25,24,24,0,3276.7,0,80,13/12/2024 14:22
4202,0,11.8515,24.4502,788.279,36.1596,25,26,25,26,26,25,0,0.0337,85.2867,8171.31,8171.31,36.1596,3277,31,3276.7,29.1,29.1,30,30,118.515,0.0308,-14.9626,85.2867,26,3276,0,25,24,24,0,3276.7,0,80,13/12/2024 14:22
4203,0,11.8515,24.4358,788.279,35.4114,25,26,25,26,26,25,0,0.0337,85.2867,8171.31,8171.31,35.4114,3277,31,3276.7,29.1,29.1,30,30,118.515,0.0306,-16.9576,85.2867,26,3276,0,25,24,24,0,3276.7,0,80,13/12/2024 14:22
4204,0,11.8515,24.443,788.279,35.6608,25,26,25,26,26,25,0,0.0337,86.2842,8171.31,8171.31,35.6608,3277,31,3276.7,29.1,29.1,30,30,118.515,0.0306,-15.4613,86.2842,26,3276,0,25,24,24,0,3276.7,0,80,13/12/2024 14:22
4205,0,11.8515,24.443,788.528,35.6608,25,26,25,26,26,25,0,0.0337,86.2842,8171.31,8171.31,35.6608,3277,31,3276.7,29.1,29.1,30,30,118.515,0.0314,-13.7157,86.2842,26,3276,0,25,24,24,0,3276.7,0,80,13/12/2024 14:22
4206,0,11.8515,24.4394,788.279,35.6608,25,26,25,26,26,25,0,0.0337,86.5336,8171.31,8171.31,35.6608,3277,31,3276.7,29.1,29.1,30,30,118.515,0.0315,-16.2095,86.5336,26,3276,0,25,24,24,0,3276.7,0,80,13/12/2024 14:22
4207,0,11.8515,24.4394,788.528,35.6608,25,26,25,26,26,25,0,0.0337,85.2867,8171.31,8171.31,35.6608,3277,31,3276.7,29.1,29.1,30,30,118.515,0.031,-14.7132,85.2867,26,3276,0,25,24,24,0,3276.7,0,80,13/12/2024 14:22
4208,0,11.8515,24.443,788.279,36.1596,25,26,25,26,26,25,0,0.0337,84.788,8171.31,8171.31,36.1596,3277,31,3276.7,29.1,29.1,30,30,118.515,0.031,-14.9626,84.788,26,3276,0,25,24,24,0,3276.7,0,80,13/12/2024 14:22
4209,0,11.8515,24.443,788.279,36.6583,25,26,25,26,26,25,0,0.0337,85.2867,8171.31,8171.31,36.6583,3277,31,3276.7,29.1,29.1,30,30,118.515,0.031,-16.2095,85.2867,26,3276,0,25,24,24,0,3276.7,0,80,13/12/2024 14:22
4210,0,11.8515,24.443,789.276,35.6608,25,26,25,26,26,25,0,0.0337,86.0348,8171.31,8171.31,35.6608,3277,31,3276.7,29.1,29.1,30,30,118.515,0.031,-14.4638,86.0348,26,3276,0,25,24,24,0,3276.7,0,80,13/12/2024 14:22
4211,0,11.8515,24.443,788.528,36.4089,25,26,25,26,26,25,0,0.0337,86.783,8171.31,8171.31,36.4089,3277,31,3276.7,29.1,29.1,30,30,118.515,0.0316,-15.7107,86.783,26,3276,0,25,24,24,0,3276.7,0,80,13/12/2024 14:22
4212,0,11.8515,24.443,788.279,35.6608,25,26,25,26,26,25,0,0.0337,87.2817,8171.31,8171.31,35.6608,3277,31,3276.7,29.1,29.1,30,30,118.515,0.0316,-14.7132,87.2817,26,3276,0,25,24,24,0,3276.7,0,80,13/12/2024 14:22
4213,0,11.8515,24.443,788.279,36.1596,25,26,25,26,26,25,0,0.0337,85.5361,8171.31,8171.31,36.1596,3277,31,3276.7,29.1,29.1,30,30,118.515,0.0312,-12.4688,85.5361,26,3276,0,25,24,24,0,3276.7,0,80,13/12/2024 14:22
4214,0,11.8515,24.4575,788.279,36.1596,25,26,25,26,26,25,0,0.0337,84.2892,8171.31,8171.31,36.1596,3277,31,3276.7,29.1,29.1,30,30,118.515,0.0303,-16.9576,84.2892,26,3276,0,25,24,24,0,3276.7,0,80,13/12/2024 14:22
4215,0,11.8515,24.443,789.775,35.4114,25,26,25,26,26,25,0,0.0337,85.2867,8171.31,8171.31,35.4114,3277,31,3276.7,29.1,29.1,30,30,118.515,0.0308,-13.4663,85.2867,26,3276,0,25,24,24,0,3276.7,0,80,13/12/2024 14:22
4216,0,11.8515,24.4502,788.528,36.1596,25,26,25,26,26,25,0,0.0337,85.2867,8171.31,8171.31,36.1596,3277,31,3276.7,29.1,29.1,30,30,118.515,0.0314,-14.4638,85.2867,26,3276,0,25,24,24,0,3276.7,0,80,13/12/2024 14:22
4217,0,11.8515,24.4394,788.528,35.4114,25,26,25,26,26,25,0,0.0337,86.2842,8171.31,8171.31,35.4114,3277,31,3276.7,29.1,29.1,30,30,118.515,0.0314,-16.2095,86.2842,26,3276,0,25,24,24,0,3276.7,0,80,13/12/2024 14:22
4218,0,11.8515,24.4502,788.777,35.4114,25,26,25,26,26,25,0,0.0337,87.2817,8171.31,8171.31,35.4114,3277,31,3276.7,29.1,29.1,30,30,118.515,0.0306,-12.4688,87.2817,26,3276,0,25,24,24,0,3276.7,0,80,13/12/2024 14:22
4219,0,11.8515,24.4538,788.279,35.4114,25,26,25,26,26,25,0,0.0337,86.0348,8171.31,8171.31,35.4114,3277,31,3276.7,29.1,29.1,30,30,118.515,0.0306,-14.4638,86.0348,26,3276,0,25,24,24,0,3276.7,0,80,13/12/2024 14:22
4220,0,11.8515,24.443,788.528,36.1596,25,26,25,26,26,25,0,0.0337,85.5361,8171.31,8171.31,36.1596,3277,31,3276.7,29.1,29.1,30,30,118.515,0.0311,-14.9626,85.5361,26,3276,0,25,24,24,0,3276.7,0,80,13/12/2024 14:22
4221,0,11.8515,24.4502,788.029,35.6608,25,26,25,26,26,25,0,0.0337,85.0373,8171.31,8171.31,35.6608,3277,31,3276.7,29.1,29.1,30,30,118.515,0.0315,-13.2169,85.0373,26,3276,0,25,24,24,0,3276.7,0,80,13/12/2024 14:22
4222,0,11.8515,24.4502,788.528,36.4089,25,26,25,26,26,25,0,0.0337,85.0373,8171.31,8171.31,36.4089,3277,31,3276.7,29.1,29.1,30,30,118.515,0.0306,-14.9626,85.0373,26,3276,0,25,24,24,0,3276.7,0,80,13/12/2024 14:22
4223,0,11.8515,24.4502,788.029,36.6583,25,26,25,26,26,25,0,0.0337,86.2842,8171.31,8171.31,36.6583,3277,31,3276.7,29.1,29.1,30,30,118.515,0.031,-13.4663,86.2842,26,3276,0,25,24,24,0,3276.7,0,80,13/12/2024 14:22
4224,0,11.8515,24.4538,788.528,36.1596,25,26,25,26,26,25,0,0.0337,87.5311,8171.31,8171.31,36.1596,3277,31,3276.7,29.1,29.1,30,30,118.515,0.0305,-13.2169,87.5311,26,3276,0,25,24,24,0,3276.7,0,80,13/12/2024 14:22
4225,0,11.8515,24.4502,788.528,36.1596,25,26,25,26,26,25,0,0.0337,87.5311,8171.31,8171.31,36.1596,3277,31,3276.7,29.1,29.1,30,30,118.515,0.0305,-15.4613,87.5311,26,3276,0,25,24,24,0,3276.7,0,80,13/12/2024 14:22
4226,0,11.8515,24.4394,788.528,36.1596,25,26,25,26,26,25,0,0.0337,87.5311,8171.31,8171.31,36.1596,3277,31,3276.7,29.1,29.1,30,30,118.515,0.0308,-12.2194,87.5311,26,3276,0,25,24,24,0,3276.7,0,80,13/12/2024 14:22
4227,0,11.8515,24.443,788.777,35.6608,25,26,25,26,26,25,0,0.0337,85.2867,8171.31,8171.31,35.6608,3277,31,3276.7,29.1,29.1,30,30,118.515,0.0308,-13.7157,85.2867,26,3276,0,25,24,24,0,3276.7,0,80,13/12/2024 14:22
4228,0,11.8515,24.4394,788.777,36.1596,25,26,25,26,26,25,0,0.0337,85.2867,8171.31,8171.31,36.1596,3277,31,3276.7,29.1,29.1,30,30,118.515,0.0308,-14.4638,85.2867,26,3276,0,25,24,24,0,3276.7,0,80,13/12/2024 14:22
4229,0,11.8515,24.4394,789.276,35.6608,25,26,25,26,26,25,0,0.0337,85.5361,8171.31,8171.31,35.6608,3277,31,3276.7,29.1,29.1,30,30,118.515,0.0306,-12.9676,85.5361,26,3276,0,25,24,24,0,3276.7,0,80,13/12/2024 14:22
4230,0,11.8515,24.4394,788.279,35.6608,25,26,25,26,26,25,0,0.0337,86.0348,8171.31,8171.31,35.6608,3277,31,3276.7,29.1,29.1,30,30,118.515,0.0308,-14.4638,86.0348,26,3276,0,25,24,24,0,3276.7,0,80,13/12/2024 14:22
4231,0,11.8515,24.4394,788.029,36.4089,25,26,25,26,26,25,0,0.0337,88.0298,8171.31,8171.31,36.4089,3277,31,3276.7,29.1,29.1,30,30,118.515,0.0313,-14.2145,88.0298,26,3276,0,25,24,24,0,3276.7,0,80,13/12/2024 14:22
4232,0,11.8515,24.4502,788.279,36.1596,25,26,25,26,26,25,0,0.0339,87.2817,8171.31,8171.31,36.1596,3277,31,3276.7,29.1,29.1,30,30,118.515,0.0309,-12.4688,87.2817,26,3276,0,25,24,24,0,3276.7,0,80,13/12/2024 14:22
4233,0,11.8515,24.443,788.279,36.1596,25,26,25,26,26,25,0,0.0337,87.2817,8171.31,8171.31,36.1596,3277,31,3276.7,29.1,29.1,30,30,118.515,0.0309,-15.4613,87.2817,26,3276,0,25,24,24,0,3276.7,0,80,13/12/2024 14:22
4234,0,11.8515,24.4358,788.279,36.1596,25,26,25,26,26,25,0,0.0337,85.5361,8171.31,8171.31,36.1596,3277,31,3276.7,29.1,29.1,30,30,118.515,0.0301,-12.2194,85.5361,26,3276,0,25,24,24,0,3276.7,0,80,13/12/2024 14:22
4235,0,11.8515,24.443,788.777,36.4089,25,26,25,26,26,25,0,0.0337,85.2867,8171.31,8171.31,36.4089,3277,31,3276.7,29.1,29.1,30,30,118.515,0.0312,-14.4638,85.2867,26,3276,0,25,24,24,0,3276.7,0,80,13/12/2024 14:22
4236,0,11.8515,24.443,788.279,35.4114,25,26,25,26,26,25,0,0.0337,85.2867,8171.31,8171.31,35.4114,3277,31,3276.7,29.1,29.1,30,30,118.515,0.0312,-14.9626,85.2867,26,3276,0,25,24,24,0,3276.7,0,80,13/12/2024 14:22
4237,0,11.8515,24.4575,789.276,35.6608,25,26,25,26,26,25,0,0.0337,85.5361,8171.31,8171.31,35.6608,3277,31,3276.7,29.1,29.1,30,30,118.515,0.0309,-11.9701,85.5361,26,3276,0,25,24,24,0,3276.7,0,80,13/12/2024 14:22
4238,0,11.8515,24.4502,788.279,36.6583,25,26,25,26,26,25,0,0.0337,87.2817,8171.31,8171.31,36.6583,3277,31,3276.7,29.1,29.1,30,30,118.515,0.0307,-14.7132,87.2817,26,3276,0,25,24,24,0,3276.7,0,80,13/12/2024 14:22
4239,0,11.8515,24.4358,788.528,36.6583,25,26,25,26,26,25,0,0.0337,87.5311,8171.31,8171.31,36.6583,3277,31,3276.7,29.1,29.1,30,30,118.515,0.031,-12.2194,87.5311,26,3276,0,25,24,24,0,3276.7,0,80,13/12/2024 14:22
4240,0,11.8515,24.4502,788.279,35.6608,25,26,25,26,26,25,0,0.0337,87.5311,8171.31,8171.31,35.6608,3277,31,3276.7,29.1,29.1,30,30,118.515,0.0312,-13.2169,87.5311,26,3276,0,25,24,24,0,3276.7,0,80,13/12/2024 14:22
4241,0,11.8515,24.443,788.279,36.4089,25,26,25,26,26,25,0,0.0337,86.783,8171.31,8171.31,36.4089,3277,31,3276.7,29.1,29.1,30,30,118.515,0.0312,-14.2145,86.783,26,3276,0,25,24,24,0,3276.7,0,80,13/12/2024 14:22
4242,0,11.8515,24.4502,788.279,36.9077,25,26,25,26,26,25,0,0.0337,85.5361,8171.31,8171.31,36.9077,3277,31,3276.7,29.1,29.1,30,30,118.515,0.0309,-11.9701,85.5361,26,3276,0,25,24,24,0,3276.7,0,80,13/12/2024 14:22
4243,0,11.8515,24.443,788.029,36.6583,25,26,25,26,26,25,0,0.0337,85.2867,8171.31,8171.31,36.6583,3277,31,3276.7,29.1,29.1,30,30,118.515,0.0309,-14.9626,85.2867,26,3276,0,25,24,24,0,3276.7,0,80,13/12/2024 14:22
4244,0,11.8515,24.4394,789.276,36.4089,25,26,25,26,26,25,0,0.0337,85.2867,8171.31,8171.31,36.4089,3277,31,3276.7,29.1,29.1,30,30,118.515,0.0309,-11.9701,85.2867,26,3276,0,25,24,24,0,3276.7,0,80,13/12/2024 14:22
4245,0,11.8515,24.4394,788.279,36.4089,25,26,25,26,26,25,0,0.0337,86.2842,8171.31,8171.31,36.4089,3277,31,3276.7,29.1,29.1,30,30,118.515,0.0309,-12.9676,86.2842,26,3276,0,25,24,24,0,3276.7,0,80,13/12/2024 14:23
4246,0,11.8515,24.443,788.279,36.9077,25,26,25,26,26,25,0,0.0337,86.783,8171.31,8171.31,36.9077,3277,31,3276.7,29.1,29.1,30,30,118.515,0.0311,-14.4638,86.783,26,3276,0,25,24,24,0,3276.7,0,80,13/12/2024 14:23
4247,0,11.8515,24.4538,788.279,35.6608,25,26,25,26,26,25,0,0.0337,87.7805,8171.31,8171.31,35.6608,3277,31,3276.7,29.1,29.1,30,30,118.515,0.0311,-11.7207,87.7805,26,3276,0,25,24,24,0,3276.7,0,80,13/12/2024 14:23
4248,0,11.8515,24.4538,788.777,35.4114,25,26,25,26,26,25,0,0.0337,86.5336,8171.31,8171.31,35.4114,3277,31,3276.7,29.1,29.1,30,30,118.515,0.0306,-13.7157,86.5336,26,3276,0,25,24,24,0,3276.7,0,80,13/12/2024 14:23
4249,0,11.8515,24.4538,789.276,36.4089,25,26,25,26,26,25,0,0.0337,87.7805,8171.31,8171.31,36.4089,3277,31,3276.7,29.1,29.1,30,30,118.515,0.0306,-11.9701,87.7805,26,3276,0,25,24,24,0,3276.7,0,80,13/12/2024 14:23
4250,0,11.8515,24.4394,788.279,36.9077,25,26,25,26,26,25,0,0.0337,86.5336,8171.31,8171.31,36.9077,3277,31,3276.7,29.1,29.1,30,30,118.515,0.0306,-11.9701,86.5336,26,3276,0,25,24,24,0,3276.7,0,80,13/12/2024 14:23
4251,0,11.8515,24.443,788.279,36.4089,25,26,25,26,26,25,0,0.0337,86.0348,8171.31,8171.31,36.4089,3277,31,3276.7,29.1,29.1,30,30,118.515,0.0303,-14.4638,86.0348,26,3276,0,25,24,24,0,3276.7,0,80,13/12/2024 14:23
4252,0,11.8515,24.443,787.281,36.6583,25,26,25,26,26,25,0,0.0337,85.2867,8171.31,8171.31,36.6583,3277,31,3276.7,29.1,29.1,30,30,118.515,0.0303,-11.9701,85.2867,26,3276,0,25,24,24,0,3276.7,0,80,13/12/2024 14:23
4253,0,11.8515,24.4502,788.029,36.1596,25,26,25,26,26,25,0,0.0337,85.2867,8171.31,8171.31,36.1596,3277,31,3276.7,29.1,29.1,30,30,118.515,0.0311,-14.2145,85.2867,26,3276,0,25,24,24,0,3276.7,0,80,13/12/2024 14:23
4254,0,11.8515,24.4538,788.777,36.6583,25,26,25,26,26,25,0,0.0337,87.5311,8171.31,8171.31,36.6583,3277,31,3276.7,29.1,29.1,30,30,118.515,0.0314,-11.7207,87.5311,26,3276,0,25,24,24,0,3276.7,0,80,13/12/2024 14:23
4255,0,11.8515,24.4502,788.528,36.6583,25,26,25,26,26,25,0,0.0337,88.5286,8171.31,8171.31,36.6583,3277,31,3276.7,29.1,29.1,30,30,118.515,0.0308,-12.2194,88.5286,26,3276,0,25,24,24,0,3276.7,0,80,13/12/2024 14:23
4256,0,11.8515,24.4394,788.279,36.9077,25,26,25,26,26,25,0,0.0337,87.7805,8171.31,8171.31,36.9077,3277,31,3276.7,29.1,29.1,30,30,118.515,0.0308,-14.7132,87.7805,26,3276,0,25,24,24,0,3276.7,0,80,13/12/2024 14:23
4257,0,11.8515,24.4394,788.279,36.4089,25,26,25,26,26,25,0,0.0337,87.5311,8171.31,8171.31,36.4089,3277,31,3276.7,29.1,29.1,30,30,118.515,0.0308,-11.2219,87.5311,26,3276,0,25,24,24,0,3276.7,0,80,13/12/2024 14:23
4258,0,11.8515,24.4502,788.777,35.6608,25,26,25,26,26,25,0,0.0337,87.2817,8171.31,8171.31,35.6608,3277,31,3276.7,29.1,29.1,30,30,118.515,0.0308,-14.4638,87.2817,26,3276,0,25,24,24,0,3276.7,0,80,13/12/2024 14:23
4259,0,11.8515,24.443,788.777,36.1596,25,26,25,26,26,25,0,0.0337,86.0348,8171.31,8171.31,36.1596,3277,31,3276.7,29.1,29.1,30,30,118.515,0.0308,-12.2194,86.0348,26,3276,0,25,24,24,0,3276.7,0,80,13/12/2024 14:23
4260,0,11.8515,24.4575,788.777,36.4089,25,26,25,26,26,25,0,0.0337,85.5361,8171.31,8171.31,36.4089,3277,31,3276.7,29.1,29.1,30,30,118.515,0.0308,-13.2169,85.5361,26,3276,0,25,24,24,0,3276.7,0,80,13/12/2024 14:23
4261,0,11.8515,24.4538,788.279,36.9077,25,26,25,26,26,25,0,0.0337,86.0348,8171.31,8171.31,36.9077,3277,31,3276.7,29.1,29.1,30,30,118.515,0.0305,-13.7157,86.0348,26,3276,0,25,24,24,0,3276.7,0,80,13/12/2024 14:23
4262,0,11.8515,24.4502,788.029,36.4089,25,26,25,26,26,25,0,0.034,86.783,8171.31,8171.31,36.4089,3277,31,3276.7,29.1,29.1,30,30,118.515,0.031,-11.7207,86.783,26,3276,0,25,24,24,0,3276.7,0,80,13/12/2024 14:23
4263,0,11.8515,24.443,788.279,36.9077,25,26,25,26,26,25,0,0.0335,86.5336,8171.31,8171.31,36.9077,3277,31,3276.7,29.1,29.1,30,30,118.515,0.0307,-14.4638,86.5336,26,3276,0,25,24,24,0,3276.7,0,80,13/12/2024 14:23
4264,0,11.8515,24.443,788.777,36.6583,25,26,25,26,26,25,0,0.0335,87.7805,8171.31,8171.31,36.6583,3277,31,3276.7,29.1,29.1,30,30,118.515,0.0307,-12.4688,87.7805,26,3276,0,25,24,24,0,3276.7,0,80,13/12/2024 14:23
4265,0,11.8515,24.4538,788.029,36.6583,25,26,25,26,26,25,0,0.0335,87.7805,8171.31,8171.31,36.6583,3277,31,3276.7,29.1,29.1,30,30,118.515,0.0307,-13.4663,87.7805,26,3276,0,25,24,24,0,3276.7,0,80,13/12/2024 14:23
4266,0,11.8515,24.4538,788.029,36.4089,25,26,25,26,26,25,0,0.0335,87.2817,8171.31,8171.31,36.4089,3277,31,3276.7,29.1,29.1,30,30,118.515,0.0307,-13.2169,87.2817,26,3276,0,25,24,24,0,3276.7,0,80,13/12/2024 14:23
4267,0,11.8515,24.4538,788.528,36.6583,25,26,25,26,26,25,0,0.0335,86.783,8171.31,8171.31,36.6583,3277,31,3276.7,29.1,29.1,30,30,118.515,0.0307,-11.7207,86.783,26,3276,0,25,24,24,0,3276.7,0,80,13/12/2024 14:23
4268,0,11.8515,24.4538,788.279,36.6583,25,26,25,26,26,25,0,0.0335,86.783,8171.31,8171.31,36.6583,3277,31,3276.7,29.1,29.1,30,30,118.515,0.031,-14.7132,86.783,26,3276,0,25,24,24,0,3276.7,0,80,13/12/2024 14:23
4269,0,11.8515,24.443,788.777,36.1596,25,26,25,26,26,25,0,0.0335,85.2867,8171.31,8171.31,36.1596,3277,31,3276.7,29.1,29.1,30,30,118.515,0.0308,-11.9701,85.2867,26,3276,0,25,24,24,0,3276.7,0,80,13/12/2024 14:23
4270,0,11.8515,24.4502,788.777,36.9077,25,26,25,26,26,25,0,0.0335,85.2867,8171.31,8171.31,36.9077,3277,31,3276.7,29.1,29.1,30,30,118.515,0.0308,-14.4638,85.2867,26,3276,0,25,24,24,0,3276.7,0,80,13/12/2024 14:23
4271,0,11.8515,24.4394,788.528,36.9077,25,26,25,26,26,25,0,0.0335,86.2842,8171.31,8171.31,36.9077,3277,31,3276.7,29.1,29.1,30,30,118.515,0.0303,-13.4663,86.2842,26,3276,0,25,24,24,0,3276.7,0,80,13/12/2024 14:23
4272,0,11.8515,24.443,788.279,37.4064,25,26,25,26,26,25,0,0.0335,87.5311,8171.31,8171.31,37.4064,3277,31,3276.7,29.1,29.1,30,30,118.515,0.0317,-11.7207,87.5311,26,3276,0,25,24,24,0,3276.7,0,80,13/12/2024 14:23
4273,0,11.8515,24.4575,788.528,37.6558,25,26,25,26,26,25,0,0.0335,88.5286,8171.31,8171.31,37.6558,3277,31,3276.7,29.1,29.1,30,30,118.515,0.0317,-14.9626,88.5286,26,3276,0,25,24,24,0,3276.7,0,80,13/12/2024 14:23
4274,0,11.8515,24.4538,789.276,37.4064,25,26,25,26,26,25,0,0.0335,88.0298,8171.31,8171.31,37.4064,3277,31,3276.7,29.1,29.1,30,30,118.515,0.0303,-11.9701,88.0298,26,3276,0,25,24,24,0,3276.7,0,80,13/12/2024 14:23
4275,0,11.8515,24.4394,788.528,36.9077,25,26,25,26,26,25,0,0.0335,86.783,8171.31,8171.31,36.9077,3277,31,3276.7,29.1,29.1,30,30,118.515,0.0308,-13.2169,86.783,26,3276,0,25,24,24,0,3276.7,0,80,13/12/2024 14:23
4276,0,11.8515,24.4538,788.279,36.9077,25,26,25,26,26,25,0,0.0335,85.0373,8171.31,8171.31,36.9077,3277,31,3276.7,29.1,29.1,30,30,118.515,0.0308,-14.2145,85.0373,26,3276,0,25,24,24,0,3276.7,0,80,13/12/2024 14:23
4277,0,11.8515,24.4502,788.279,37.4064,25,26,25,26,26,25,0,0.0335,86.0348,8171.31,8171.31,37.4064,3277,31,3276.7,29.1,29.1,30,30,118.515,0.0306,-12.4688,86.0348,26,3276,0,25,24,24,0,3276.7,0,80,13/12/2024 14:23
4278,0,11.8515,24.443,788.528,36.6583,25,26,25,26,26,25,0,0.0335,87.7805,8171.31,8171.31,36.6583,3277,31,3276.7,29.1,29.1,30,30,118.515,0.0309,-14.2145,87.7805,26,3276,0,25,24,24,0,3276.7,0,80,13/12/2024 14:23
4279,0,11.8515,24.443,788.279,37.9052,25,26,25,26,26,25,0,0.0335,88.5286,8171.31,8171.31,37.9052,3277,31,3276.7,29.1,29.1,30,30,118.515,0.0309,-14.4638,88.5286,26,3276,0,25,24,24,0,3276.7,0,80,13/12/2024 14:23
4280,0,11.8515,24.4502,788.777,36.6583,25,26,25,26,26,25,0,0.0335,87.5311,8171.31,8171.31,36.6583,3277,31,3276.7,29.1,29.1,30,30,118.515,0.0314,-12.2194,87.5311,26,3276,0,25,24,24,0,3276.7,0,80,13/12/2024 14:23
4281,0,11.8515,24.4502,788.279,36.4089,25,26,25,26,26,25,0,0.0335,85.0373,8171.31,8171.31,36.4089,3277,31,3276.7,29.1,29.1,30,30,118.515,0.0314,-12.9676,85.0373,26,3276,0,25,24,24,0,3276.7,0,80,13/12/2024 14:23
4282,0,11.8515,24.443,788.029,37.4064,25,26,25,26,26,25,0,0.0335,86.2842,8171.31,8171.31,37.4064,3277,31,3276.7,29.1,29.1,30,30,118.515,0.0314,-14.2145,86.2842,26,3276,0,25,24,24,0,3276.7,0,80,13/12/2024 14:23
4283,0,11.8515,24.4502,788.279,36.9077,25,26,25,26,26,25,0,0.0335,88.0298,8171.31,8171.31,36.9077,3277,31,3276.7,29.1,29.1,30,30,118.515,0.0308,-13.4663,88.0298,26,3276,0,25,24,24,0,3276.7,0,80,13/12/2024 14:23
4284,0,11.8515,24.4502,788.279,37.4064,25,26,25,26,26,25,0,0.0335,87.2817,8171.31,8171.31,37.4064,3277,31,3276.7,29.1,29.1,30,30,118.515,0.0308,-12.2194,87.2817,26,3276,0,25,24,24,0,3276.7,0,80,13/12/2024 14:23
4285,0,11.8515,24.4538,788.279,37.4064,25,26,25,26,26,25,0,0.0335,85.5361,8171.31,8171.31,37.4064,3277,31,3276.7,29.1,29.1,30,30,118.515,0.031,-12.2194,85.5361,26,3276,0,25,24,24,0,3276.7,0,80,13/12/2024 14:23
4286,0,11.8515,24.4538,788.777,36.9077,25,26,25,26,26,25,0,0.0335,87.5311,8171.31,8171.31,36.9077,3277,31,3276.7,29.1,29.1,30,30,118.515,0.0305,-14.7132,87.5311,26,3276,0,25,24,24,0,3276.7,0,80,13/12/2024 14:23
4287,0,11.8515,24.4394,789.276,37.6558,25,26,25,26,26,25,0,0.0335,87.7805,8171.31,8171.31,37.6558,3277,31,3276.7,29.1,29.1,30,30,118.515,0.0311,-14.4638,87.7805,26,3276,0,25,24,24,0,3276.7,0,80,13/12/2024 14:23
4288,0,11.8515,24.4394,788.279,37.6558,25,26,25,26,26,25,0,0.0335,85.5361,8171.31,8171.31,37.6558,3277,31,3276.7,29.1,29.1,30,30,118.515,0.0311,-12.4688,85.5361,26,3276,0,25,24,24,0,3276.7,0,80,13/12/2024 14:23
4289,0,11.8515,24.4502,788.279,37.4064,25,26,25,26,26,25,0,0.0335,87.2817,8171.31,8171.31,37.4064,3277,31,3276.7,29.1,29.1,30,30,118.515,0.0311,-12.2194,87.2817,26,3276,0,25,24,24,0,3276.7,0,80,13/12/2024 14:23
4290,0,11.8515,24.4394,788.777,36.9077,25,26,25,26,26,25,0,0.0335,88.778,8171.31,8171.31,36.9077,3277,31,3276.7,29.1,29.1,30,30,118.515,0.0308,-13.7157,88.778,26,3276,0,25,24,24,0,3276.7,0,80,13/12/2024 14:23
4291,0,11.8515,24.443,788.777,37.6558,25,26,25,26,26,25,0,0.0335,86.2842,8171.31,8171.31,37.6558,3277,31,3276.7,29.1,29.1,30,30,118.515,0.0308,-14.4638,86.2842,26,3276,0,25,24,24,0,3276.7,0,80,13/12/2024 14:23
4292,0,11.8515,24.443,788.279,36.6583,25,26,25,26,26,25,0,0.0335,86.2842,8171.31,8171.31,36.6583,3277,31,3276.7,29.1,29.1,30,30,118.515,0.0308,-14.2145,86.2842,26,3276,0,25,24,24,0,3276.7,0,80,13/12/2024 14:23
4293,0,11.8515,24.4502,788.528,36.9077,25,26,25,26,26,25,0,0.0335,88.778,8171.31,8171.31,36.9077,3277,31,3276.7,29.1,29.1,30,30,118.515,0.0308,-12.2194,88.778,26,3276,0,25,24,24,0,3276.7,0,80,13/12/2024 14:23
4294,0,11.8515,24.4502,788.029,37.4064,25,26,25,26,26,25,0,0.0335,88.0298,8171.31,8171.31,37.4064,3277,31,3276.7,29.1,29.1,30,30,118.515,0.0308,-13.7157,88.0298,26,3276,0,25,24,24,0,3276.7,0,80,13/12/2024 14:23
4295,0,11.8515,24.4321,788.528,37.9052,25,26,25,26,26,25,0,0.0335,86.0348,8171.31,8171.31,37.9052,3277,31,3276.7,29.1,29.1,30,30,118.515,0.0308,-13.4663,86.0348,26,3276,0,25,24,24,0,3276.7,0,80,13/12/2024 14:23
4296,0,11.8515,24.4538,789.276,37.4064,25,26,25,26,26,25,0,0.0335,87.7805,8171.31,8171.31,37.4064,3277,31,3276.7,29.1,29.1,30,30,118.515,0.0308,-14.4638,87.7805,26,3276,0,25,24,24,0,3276.7,0,80,13/12/2024 14:23
4297,0,11.8515,24.4394,789.276,37.4064,25,26,25,26,26,25,0,0.0335,88.5286,8171.31,8171.31,37.4064,3277,31,3276.7,29.1,29.1,30,30,118.515,0.0308,-12.4688,88.5286,26,3276,0,25,24,24,0,3276.7,0,80,13/12/2024 14:23
4298,0,11.8515,24.443,788.029,37.4064,25,26,25,26,26,25,0,0.0335,85.5361,8171.31,8171.31,37.4064,3277,31,3276.7,29.1,29.1,30,30,118.515,0.031,-12.4688,85.5361,26,3276,0,25,24,24,0,3276.7,0,80,13/12/2024 14:23
4299,0,11.8515,24.4394,788.777,36.9077,25,26,25,26,26,25,0,0.0335,87.7805,8171.31,8171.31,36.9077,3277,31,3276.7,29.1,29.1,30,30,118.515,0.0307,-13.7157,87.7805,26,3276,0,25,24,24,0,3276.7,0,80,13/12/2024 14:23
4300,0,11.8515,24.4394,789.276,37.9052,25,26,25,26,26,25,0,0.0335,89.0274,8171.31,8171.31,37.9052,3277,31,3276.7,29.1,29.1,30,30,118.515,0.0307,-14.4638,89.0274,26,3276,0,25,24,24,0,3276.7,0,80,13/12/2024 14:23
4301,0,11.8515,24.4538,788.777,37.6558,25,26,25,26,26,25,0,0.0335,87.2817,8171.31,8171.31,37.6558,3277,31,3276.7,29.1,29.1,30,30,118.515,0.0307,-14.4638,87.2817,26,3276,0,25,24,24,0,3276.7,0,80,13/12/2024 14:23
4302,0,11.8515,24.4321,789.276,37.6558,25,26,25,26,26,25,0,0.0335,86.5336,8171.31,8171.31,37.6558,3277,31,3276.7,29.1,29.1,30,30,118.515,0.031,-12.4688,86.5336,26,3276,0,25,24,24,0,3276.7,0,80,13/12/2024 14:23
4303,0,11.8515,24.4538,788.777,37.4064,25,26,25,26,26,25,0,0.0335,90.0249,8171.31,8171.31,37.4064,3277,31,3276.7,29.1,29.1,30,30,118.515,0.031,-12.2194,90.0249,26,3276,0,25,24,24,0,3276.7,0,80,13/12/2024 14:23
4304,0,11.8515,24.4502,788.279,37.9052,25,26,25,26,26,25,0,0.0335,88.0298,8171.31,8171.31,37.9052,3277,31,3276.7,29.1,29.1,30,30,118.515,0.031,-14.2145,88.0298,26,3276,0,25,24,24,0,3276.7,0,80,13/12/2024 14:23
4305,0,11.8515,24.4394,788.528,37.4064,25,26,25,26,26,25,0,0.0335,86.0348,8171.31,8171.31,37.4064,3277,31,3276.7,29.1,29.1,30,30,118.515,0.031,-15.4613,86.0348,26,3276,0,25,24,24,0,3276.7,0,80,13/12/2024 14:24
4306,0,11.8515,24.443,788.777,36.9077,25,26,25,26,26,25,0,0.0335,86.5336,8171.31,8171.31,36.9077,3277,31,3276.7,29.1,29.1,30,30,118.515,0.031,-11.9701,86.5336,26,3276,0,25,24,24,0,3276.7,0,80,13/12/2024 14:24
4307,0,11.8515,24.4502,788.777,37.6558,25,26,25,26,26,25,0,0.0335,89.2767,8171.31,8171.31,37.6558,3277,31,3276.7,29.1,29.1,30,30,118.515,0.031,-12.4688,89.2767,26,3276,0,25,24,24,0,3276.7,0,80,13/12/2024 14:24
4308,0,11.8515,24.4394,788.777,38.1546,25,26,25,26,26,25,0,0.0335,88.5286,8171.31,8171.31,38.1546,3277,31,3276.7,29.1,29.1,30,30,118.515,0.031,-14.4638,88.5286,26,3276,0,25,24,24,0,3276.7,0,80,13/12/2024 14:24
4309,0,11.8515,24.4502,788.777,37.9052,25,26,25,26,26,25,0,0.0335,85.5361,8171.31,8171.31,37.9052,3277,31,3276.7,29.1,29.1,30,30,118.515,0.0308,-12.9676,85.5361,26,3276,0,25,24,24,0,3276.7,0,80,13/12/2024 14:24
4310,0,11.8515,24.4358,788.528,37.4064,25,26,25,26,26,25,0,0.0335,86.5336,8171.31,8171.31,37.4064,3277,31,3276.7,29.1,29.1,30,30,118.515,0.0313,-12.2194,86.5336,26,3276,0,25,24,24,0,3276.7,0,80,13/12/2024 14:24
4311,0,11.8515,24.443,788.528,37.6558,25,26,25,26,26,25,0,0.0335,87.7805,8171.31,8171.31,37.6558,3277,31,3276.7,29.1,29.1,30,30,118.515,0.0307,-14.2145,87.7805,26,3276,0,25,24,24,0,3276.7,0,80,13/12/2024 14:24
4312,0,11.8515,24.4502,788.777,37.4064,25,26,25,26,26,25,0,0.0335,88.5286,8171.31,8171.31,37.4064,3277,31,3276.7,29.1,29.1,30,30,118.515,0.0312,-14.4638,88.5286,26,3276,0,25,24,24,0,3276.7,0,80,13/12/2024 14:24
4313,0,11.8515,24.443,789.276,37.9052,25,26,25,26,26,25,0,0.0335,86.783,8171.31,8171.31,37.9052,3277,31,3276.7,29.1,29.1,30,30,118.515,0.0312,-12.9676,86.783,26,3276,0,25,24,24,0,3276.7,0,80,13/12/2024 14:24
4314,0,11.8515,24.4502,789.276,38.6533,25,26,25,26,26,25,0,0.0335,85.5361,8171.31,8171.31,38.6533,3277,31,3276.7,29.1,29.1,30,30,118.515,0.0305,-13.4663,85.5361,26,3276,0,25,24,24,0,3276.7,0,80,13/12/2024 14:24
4315,0,11.8515,24.443,788.777,37.6558,25,26,25,26,26,25,0,0.0335,86.783,8171.31,8171.31,37.6558,3277,31,3276.7,29.1,29.1,30,30,118.515,0.0309,-14.9626,86.783,26,3276,0,25,24,24,0,3276.7,0,80,13/12/2024 14:24
4316,0,11.8515,24.443,788.029,37.9052,25,26,25,26,26,25,0,0.0339,88.778,8171.31,8171.31,37.9052,3277,31,3276.7,29.1,29.1,30,30,118.515,0.0309,-12.2194,88.778,26,3276,0,25,24,24,0,3276.7,0,80,13/12/2024 14:24
4317,0,11.8515,24.4394,788.528,37.4064,25,26,25,26,26,25,0,0.0339,88.0298,8171.31,8171.31,37.4064,3277,31,3276.7,29.1,29.1,30,30,118.515,0.0311,-12.2194,88.0298,26,3276,0,25,24,24,0,3276.7,0,80,13/12/2024 14:24
4318,0,11.8515,24.4502,789.276,38.1546,25,26,25,26,26,25,0,0.0339,87.2817,8171.31,8171.31,38.1546,3277,31,3276.7,29.1,29.1,30,30,118.515,0.0311,-14.7132,87.2817,26,3276,0,25,24,24,0,3276.7,0,80,13/12/2024 14:24
4319,0,11.8515,24.4394,788.279,37.6558,25,26,25,26,26,25,0,0.0339,86.5336,8171.31,8171.31,37.6558,3277,31,3276.7,29.1,29.1,30,30,118.515,0.0309,-12.9676,86.5336,26,3276,0,25,24,24,0,3276.7,0,80,13/12/2024 14:24
4320,0,11.8515,24.4502,788.777,37.6558,25,26,25,26,26,25,0,0.0339,87.5311,8171.31,8171.31,37.6558,3277,31,3276.7,29.1,29.1,30,30,118.515,0.0312,-12.9676,87.5311,26,3276,0,25,24,24,0,3276.7,0,80,13/12/2024 14:24
4321,0,11.8515,24.443,788.777,37.6558,25,26,25,26,26,25,0,0.0339,88.5286,8171.31,8171.31,37.6558,3277,31,3276.7,29.1,29.1,30,30,118.515,0.0312,-14.9626,88.5286,26,3276,0,25,24,24,0,3276.7,0,80,13/12/2024 14:24
4322,0,11.8515,24.443,788.029,37.4064,25,26,25,26,26,25,0,0.0339,88.778,8171.31,8171.31,37.4064,3277,31,3276.7,29.1,29.1,30,30,118.515,0.0307,-12.2194,88.778,26,3276,0,25,24,24,0,3276.7,0,80,13/12/2024 14:24
4323,0,11.8515,24.4394,788.528,36.9077,25,26,25,26,26,25,0,0.0339,87.7805,8171.31,8171.31,36.9077,3277,31,3276.7,29.1,29.1,30,30,118.515,0.0304,-12.2194,87.7805,26,3276,0,25,24,24,0,3276.7,0,80,13/12/2024 14:24
4324,0,11.8515,24.4538,788.279,37.4064,25,26,25,26,26,25,0,0.0339,86.5336,8171.31,8171.31,37.4064,3277,31,3276.7,29.1,29.1,30,30,118.515,0.0304,-14.4638,86.5336,26,3276,0,25,24,24,0,3276.7,0,80,13/12/2024 14:24
4325,0,11.8515,24.443,788.777,36.9077,25,26,25,26,26,25,0,0.0339,86.783,8171.31,8171.31,36.9077,3277,31,3276.7,29.1,29.1,30,30,118.515,0.0308,-13.2169,86.783,26,3276,0,25,24,24,0,3276.7,0,80,13/12/2024 14:24
4326,0,11.8515,24.4538,788.528,37.4064,25,26,25,26,26,25,0,0.0339,88.5286,8171.31,8171.31,37.4064,3277,31,3276.7,29.1,29.1,30,30,118.515,0.0306,-12.2194,88.5286,26,3276,0,25,24,24,0,3276.7,0,80,13/12/2024 14:24
4327,0,11.8515,24.443,788.777,37.9052,25,26,25,26,26,25,0,0.0339,88.5286,8171.31,8171.31,37.9052,3277,31,3276.7,29.1,29.1,30,30,118.515,0.031,-14.2145,88.5286,26,3276,0,25,24,24,0,3276.7,0,80,13/12/2024 14:24
4328,0,11.8515,24.4502,788.528,37.9052,25,26,25,26,26,25,0,0.0339,88.0298,8171.31,8171.31,37.9052,3277,31,3276.7,29.1,29.1,30,30,118.515,0.031,-13.4663,88.0298,26,3276,0,25,24,24,0,3276.7,0,80,13/12/2024 14:24
4329,0,11.8515,24.4538,788.279,37.6558,25,26,25,26,26,25,0,0.0339,86.2842,8171.31,8171.31,37.6558,3277,31,3276.7,29.1,29.1,30,30,118.515,0.031,-11.9701,86.2842,26,3276,0,25,24,24,0,3276.7,0,80,13/12/2024 14:24
4330,0,11.8515,24.443,789.276,37.6558,25,26,25,26,26,25,0,0.0339,87.7805,8171.31,8171.31,37.6558,3277,31,3276.7,29.1,29.1,30,30,118.515,0.0313,-14.4638,87.7805,26,3276,0,25,24,24,0,3276.7,0,80,13/12/2024 14:24
4331,0,11.8515,24.4394,789.276,37.6558,25,26,25,26,26,25,0,0.0339,88.5286,8171.31,8171.31,37.6558,3277,31,3276.7,29.1,29.1,30,30,118.515,0.0313,-14.4638,88.5286,26,3276,0,25,24,24,0,3276.7,0,80,13/12/2024 14:24
4332,0,11.8515,24.4502,789.526,37.6558,25,26,25,26,26,25,0,0.0339,88.0298,8171.31,8171.31,37.6558,3277,31,3276.7,29.1,29.1,30,30,118.515,0.0308,-12.2194,88.0298,26,3276,0,25,24,24,0,3276.7,0,80,13/12/2024 14:24
4333,0,11.8515,24.4502,789.775,37.9052,25,26,25,26,26,25,0,0.0339,87.7805,8171.31,8171.31,37.9052,3277,31,3276.7,29.1,29.1,30,30,118.515,0.0308,-12.2194,87.7805,26,3276,0,25,24,24,0,3276.7,0,80,13/12/2024 14:24
4334,0,11.8515,24.443,788.777,37.9052,25,26,25,26,26,25,0,0.0339,86.783,8171.31,8171.31,37.9052,3277,31,3276.7,29.1,29.1,30,30,118.515,0.0303,-14.4638,86.783,26,3276,0,25,24,24,0,3276.7,0,80,13/12/2024 14:24
4335,0,11.8515,24.4538,788.279,37.9052,25,26,25,26,26,25,0,0.0339,87.5311,8171.31,8171.31,37.9052,3277,31,3276.7,29.1,29.1,30,30,118.515,0.0314,-12.2194,87.5311,26,3276,0,25,24,24,0,3276.7,0,80,13/12/2024 14:24
4336,0,11.8515,24.4394,789.276,37.9052,25,26,25,26,26,25,0,0.0339,88.0298,8171.31,8171.31,37.9052,3277,31,3276.7,29.1,29.1,30,30,118.515,0.0306,-14.2145,88.0298,26,3276,0,25,24,24,0,3276.7,0,80,13/12/2024 14:24
4337,0,11.8515,24.4394,789.526,37.9052,25,26,25,26,26,25,0,0.0339,90.0249,8171.31,8171.31,37.9052,3277,31,3276.7,29.1,29.1,30,30,118.515,0.0306,-14.4638,90.0249,26,3276,0,25,24,24,0,3276.7,0,80,13/12/2024 14:24
4338,0,11.8515,24.4394,789.526,37.9052,25,26,25,26,26,25,0,0.0339,90.0249,8171.31,8171.31,37.9052,3277,31,3276.7,29.1,29.1,30,30,118.515,0.0306,-14.4638,90.0249,26,3276,0,25,24,24,0,3276.7,0,80,13/12/2024 14:24
4339,0,11.8515,24.4575,788.528,38.1546,25,26,25,26,26,25,0,0.0339,87.5311,8171.31,8171.31,38.1546,3277,31,3276.7,29.1,29.1,30,30,118.515,0.0308,-11.9701,87.5311,26,3276,0,25,24,24,0,3276.7,0,80,13/12/2024 14:24
4340,0,11.8515,24.4538,788.528,37.9052,25,26,25,26,26,25,0,0.0339,86.5336,8171.31,8171.31,37.9052,3277,31,3276.7,29.1,29.1,30,30,118.515,0.0308,-13.7157,86.5336,26,3276,0,25,24,24,0,3276.7,0,80,13/12/2024 14:24
4341,0,11.8515,24.443,788.777,37.9052,25,26,25,26,26,25,0,0.0339,87.5311,8171.31,8171.31,37.9052,3277,31,3276.7,29.1,29.1,30,30,118.515,0.0308,-14.7132,87.5311,26,3276,0,25,24,24,0,3276.7,0,80,13/12/2024 14:24
4342,0,11.8515,24.4358,789.526,37.4064,25,26,25,26,26,25,0,0.0339,88.5286,8171.31,8171.31,37.4064,3277,31,3276.7,29.1,29.1,30,30,118.515,0.0305,-12.9676,88.5286,26,3276,0,25,24,24,0,3276.7,0,80,13/12/2024 14:24
4343,0,11.8515,24.4358,788.279,38.6533,25,26,25,26,26,25,0,0.0339,89.7755,8171.31,8171.31,38.6533,3277,31,3276.7,29.1,29.1,30,30,118.515,0.0311,-13.2169,89.7755,26,3276,0,25,24,24,0,3276.7,0,80,13/12/2024 14:24
4344,0,11.8515,24.443,789.526,38.1546,25,26,25,26,26,25,0,0.0339,88.778,8171.31,8171.31,38.1546,3277,31,3276.7,29.1,29.1,30,30,118.515,0.0311,-14.4638,88.778,26,3276,0,25,24,24,0,3276.7,0,80,13/12/2024 14:24
4345,0,11.8515,24.443,788.029,37.9052,25,26,25,26,26,25,0,0.0339,88.5286,8171.31,8171.31,37.9052,3277,31,3276.7,29.1,29.1,30,30,118.515,0.0309,-11.9701,88.5286,26,3276,0,25,24,24,0,3276.7,0,80,13/12/2024 14:24
4346,0,11.8515,24.4575,788.528,37.6558,25,26,25,26,26,25,0,0.0339,87.2817,8171.31,8171.31,37.6558,3277,31,3276.7,29.1,29.1,30,30,118.515,0.0309,-14.2145,87.2817,26,3276,0,25,24,24,0,3276.7,0,80,13/12/2024 14:24
4347,0,11.8515,24.443,788.777,37.9052,25,26,25,26,26,25,0,0.0339,87.5311,8171.31,8171.31,37.9052,3277,31,3276.7,29.1,29.1,30,30,118.515,0.0309,-11.2219,87.5311,26,3276,0,25,24,24,0,3276.7,0,80,13/12/2024 14:24
4348,0,11.8515,24.4358,789.775,37.9052,25,26,25,26,26,25,0,0.0338,88.0298,8171.31,8171.31,37.9052,3277,31,3276.7,29.1,29.1,30,30,118.515,0.0312,-11.7207,88.0298,26,3276,0,25,24,24,0,3276.7,0,80,13/12/2024 14:24
4349,0,11.8515,24.4502,788.777,37.9052,25,26,25,26,26,25,0,0.0338,89.7755,8171.31,8171.31,37.9052,3277,31,3276.7,29.1,29.1,30,30,118.515,0.0312,-14.9626,89.7755,26,3276,0,25,24,24,0,3276.7,0,80,13/12/2024 14:24
4350,0,11.8515,24.4502,788.528,37.4064,25,26,25,26,26,25,0,0.0338,89.2767,8171.31,8171.31,37.4064,3277,31,3276.7,29.1,29.1,30,30,118.515,0.0301,-12.2194,89.2767,26,3276,0,25,24,24,0,3276.7,0,80,13/12/2024 14:24
4351,0,11.8515,24.4502,789.276,37.9052,25,26,25,26,26,25,0,0.0338,89.2767,8171.31,8171.31,37.9052,3277,31,3276.7,29.1,29.1,30,30,118.515,0.0313,-13.2169,89.2767,26,3276,0,25,24,24,0,3276.7,0,80,13/12/2024 14:24
4352,0,11.8515,24.4502,788.777,37.4064,25,26,25,26,26,25,0,0.0338,88.0298,8171.31,8171.31,37.4064,3277,31,3276.7,29.1,29.1,30,30,118.515,0.0309,-14.7132,88.0298,26,3276,0,25,24,24,0,3276.7,0,80,13/12/2024 14:24
4353,0,11.8515,24.443,788.777,37.9052,25,26,25,26,26,25,0,0.0338,87.2817,8171.31,8171.31,37.9052,3277,31,3276.7,29.1,29.1,30,30,118.515,0.0313,-11.7207,87.2817,26,3276,0,25,24,24,0,3276.7,0,80,13/12/2024 14:24
4354,0,11.8515,24.4538,788.777,38.6533,25,26,25,26,26,25,0,0.0338,87.5311,8171.31,8171.31,38.6533,3277,31,3276.7,29.1,29.1,30,30,118.515,0.0313,-14.4638,87.5311,26,3276,0,25,24,24,0,3276.7,0,80,13/12/2024 14:24
4355,0,11.8515,24.443,788.528,38.1546,25,26,25,26,26,25,0,0.0338,87.5311,8171.31,8171.31,38.1546,3277,31,3276.7,29.1,29.1,30,30,118.515,0.0304,-12.4688,87.5311,26,3276,0,25,24,24,0,3276.7,0,80,13/12/2024 14:24
4356,0,11.8515,24.4502,788.528,37.9052,25,26,25,26,26,25,0,0.0338,89.2767,8171.31,8171.31,37.9052,3277,31,3276.7,29.1,29.1,30,30,118.515,0.031,-13.2169,89.2767,26,3276,0,25,24,24,0,3276.7,0,80,13/12/2024 14:24
4357,0,11.8515,24.443,789.526,37.6558,25,26,25,26,26,25,0,0.0338,89.7755,8171.31,8171.31,37.6558,3277,31,3276.7,29.1,29.1,30,30,118.515,0.031,-14.9626,89.7755,26,3276,0,25,24,24,0,3276.7,0,80,13/12/2024 14:24
4358,0,11.8515,24.443,788.029,38.1546,25,26,25,26,26,25,0,0.0338,89.7755,8171.31,8171.31,38.1546,3277,31,3276.7,29.1,29.1,30,30,118.515,0.031,-11.9701,89.7755,26,3276,0,25,24,24,0,3276.7,0,80,13/12/2024 14:24
4359,0,11.8515,24.4538,788.528,37.9052,25,26,25,26,26,25,0,0.0338,89.7755,8171.31,8171.31,37.9052,3277,31,3276.7,29.1,29.1,30,30,118.515,0.031,-14.4638,89.7755,26,3276,0,25,24,24,0,3276.7,0,80,13/12/2024 14:24
4360,0,11.8515,24.4502,788.777,37.6558,25,26,25,26,26,25,0,0.0338,87.2817,8171.31,8171.31,37.6558,3277,31,3276.7,29.1,29.1,30,30,118.515,0.031,-14.2145,87.2817,26,3276,0,25,24,24,0,3276.7,0,80,13/12/2024 14:24
4361,0,11.8515,24.4502,789.276,37.9052,25,26,25,26,26,25,0,0.0338,87.5311,8171.31,8171.31,37.9052,3277,31,3276.7,29.1,29.1,30,30,118.515,0.0313,-12.4688,87.5311,26,3276,0,25,24,24,0,3276.7,0,80,13/12/2024 14:24
4362,0,11.8515,24.443,788.777,38.1546,25,26,25,26,26,25,0,0.0338,88.5286,8171.31,8171.31,38.1546,3277,31,3276.7,29.1,29.1,30,30,118.515,0.0313,-14.7132,88.5286,26,3276,0,25,24,24,0,3276.7,0,80,13/12/2024 14:24
4363,0,11.8515,24.443,788.029,38.1546,25,26,25,26,26,25,0,0.0338,89.7755,8171.31,8171.31,38.1546,3277,31,3276.7,29.1,29.1,30,30,118.515,0.0312,-12.4688,89.7755,26,3276,0,25,24,24,0,3276.7,0,80,13/12/2024 14:24
4364,0,11.8515,24.4502,788.777,37.9052,25,26,25,26,26,25,0,0.0338,90.0249,8171.31,8171.31,37.9052,3277,31,3276.7,29.1,29.1,30,30,118.515,0.0306,-12.2194,90.0249,26,3276,0,25,24,24,0,3276.7,0,80,13/12/2024 14:24
4365,0,11.8515,24.4502,789.526,38.1546,25,26,25,26,26,25,0,0.0338,89.2767,8171.31,8171.31,38.1546,3277,31,3276.7,29.1,29.1,30,30,118.515,0.0306,-14.4638,89.2767,26,3276,0,25,24,24,0,3276.7,0,80,13/12/2024 14:25
4366,0,11.8515,24.4502,788.528,37.6558,25,26,25,26,26,25,0,0.0338,87.7805,8171.31,8171.31,37.6558,3277,31,3276.7,29.1,29.1,30,30,118.515,0.0309,-11.9701,87.7805,26,3276,0,25,24,24,0,3276.7,0,80,13/12/2024 14:25
4367,0,11.8515,24.443,789.526,37.9052,25,26,25,26,26,25,0,0.0338,87.2817,8171.31,8171.31,37.9052,3277,31,3276.7,29.1,29.1,30,30,118.515,0.0309,-12.4688,87.2817,26,3276,0,25,24,24,0,3276.7,0,80,13/12/2024 14:25
4368,0,11.8515,24.4394,788.528,37.9052,25,26,25,26,26,25,0,0.0338,89.2767,8171.31,8171.31,37.9052,3277,31,3276.7,29.1,29.1,30,30,118.515,0.0309,-13.7157,89.2767,26,3276,0,25,24,24,0,3276.7,0,80,13/12/2024 14:25
4369,0,11.8515,24.443,789.276,37.9052,25,26,25,26,26,25,0,0.0338,89.2767,8171.31,8171.31,37.9052,3277,31,3276.7,29.1,29.1,30,30,118.515,0.0309,-12.9676,89.2767,26,3276,0,25,24,24,0,3276.7,0,80,13/12/2024 14:25
4370,0,11.8515,24.4394,788.279,37.9052,25,26,25,26,26,25,0,0.0338,90.0249,8171.31,8171.31,37.9052,3277,31,3276.7,29.1,29.1,30,30,118.515,0.0309,-11.9701,90.0249,26,3276,0,25,24,24,0,3276.7,0,80,13/12/2024 14:25
4371,0,11.8515,24.443,788.528,37.6558,25,26,25,26,26,25,0,0.0338,88.0298,8171.31,8171.31,37.6558,3277,31,3276.7,29.1,29.1,30,30,118.515,0.0309,-14.4638,88.0298,26,3276,0,25,24,24,0,3276.7,0,80,13/12/2024 14:25
4372,0,11.8515,24.4358,788.279,38.1546,25,26,25,26,26,25,0,0.0338,87.7805,8171.31,8171.31,38.1546,3277,31,3276.7,29.1,29.1,30,30,118.515,0.0309,-12.4688,87.7805,26,3276,0,25,24,24,0,3276.7,0,80,13/12/2024 14:25
4373,0,11.8515,24.4538,788.528,37.9052,25,26,25,26,26,25,0,0.0338,88.5286,8171.31,8171.31,37.9052,3277,31,3276.7,29.1,29.1,30,30,118.515,0.0309,-11.9701,88.5286,26,3276,0,25,24,24,0,3276.7,0,80,13/12/2024 14:25
4374,0,11.8515,24.443,788.279,37.9052,25,26,25,26,26,25,0,0.0338,89.7755,8171.31,8171.31,37.9052,3277,31,3276.7,29.1,29.1,30,30,118.515,0.0306,-14.2145,89.7755,26,3276,0,25,24,24,0,3276.7,0,80,13/12/2024 14:25
4375,0,11.8515,24.4502,788.777,37.9052,25,26,25,26,26,25,0,0.0338,89.0274,8171.31,8171.31,37.9052,3277,31,3276.7,29.1,29.1,30,30,118.515,0.0311,-14.2145,89.0274,26,3276,0,25,24,24,0,3276.7,0,80,13/12/2024 14:25
4376,0,11.8515,24.443,788.528,38.1546,25,26,25,26,26,25,0,0.0338,88.0298,8171.31,8171.31,38.1546,3277,31,3276.7,29.1,29.1,30,30,118.515,0.0311,-11.9701,88.0298,26,3276,0,25,24,24,0,3276.7,0,80,13/12/2024 14:25
4377,0,11.8515,24.4538,788.528,37.9052,25,26,25,26,26,25,0,0.0338,87.7805,8171.31,8171.31,37.9052,3277,31,3276.7,29.1,29.1,30,30,118.515,0.0307,-13.7157,87.7805,26,3276,0,25,24,24,0,3276.7,0,80,13/12/2024 14:25
4378,0,11.8515,24.443,789.526,38.1546,25,26,25,26,26,25,0,0.034,88.5286,8171.31,8171.31,38.1546,3277,31,3276.7,29.1,29.1,30,30,118.515,0.0307,-14.4638,88.5286,26,3276,0,25,24,24,0,3276.7,0,80,13/12/2024 14:25
4379,0,11.8515,24.4538,789.526,37.9052,25,26,25,26,26,25,0,0.034,89.7755,8171.31,8171.31,37.9052,3277,31,3276.7,29.1,29.1,30,30,118.515,0.0307,-11.9701,89.7755,26,3276,0,25,24,24,0,3276.7,0,80,13/12/2024 14:25
4380,0,11.8515,24.4502,788.528,37.9052,25,26,25,26,26,25,0,0.034,87.7805,8171.31,8171.31,37.9052,3277,31,3276.7,29.1,29.1,30,30,118.515,0.0309,-12.2194,87.7805,26,3276,0,25,24,24,0,3276.7,0,80,13/12/2024 14:25
4381,0,11.8515,24.4358,789.526,38.1546,25,26,25,26,26,25,0,0.034,87.7805,8171.31,8171.31,38.1546,3277,31,3276.7,29.1,29.1,30,30,118.515,0.0309,-14.4638,87.7805,26,3276,0,25,24,24,0,3276.7,0,80,13/12/2024 14:25
4382,0,11.8515,24.443,788.777,38.9027,25,26,25,26,26,25,0,0.034,88.0298,8171.31,8171.31,38.9027,3277,31,3276.7,29.1,29.1,30,30,118.515,0.0309,-12.4688,88.0298,26,3276,0,25,24,24,0,3276.7,0,80,13/12/2024 14:25
4383,0,11.8515,24.4358,789.276,37.9052,25,26,25,26,26,25,0,0.034,90.2742,8171.31,8171.31,37.9052,3277,31,3276.7,29.1,29.1,30,30,118.515,0.0316,-11.9701,90.2742,26,3276,0,25,24,24,0,3276.7,0,80,13/12/2024 14:25
4384,0,11.8515,24.443,788.777,38.1546,25,26,25,26,26,25,0,0.034,90.0249,8171.31,8171.31,38.1546,3277,31,3276.7,29.1,29.1,30,30,118.515,0.0307,-14.2145,90.0249,26,3276,0,25,24,24,0,3276.7,0,80,13/12/2024 14:25
4385,0,11.8515,24.443,789.276,37.9052,25,26,25,26,26,25,0,0.034,87.5311,8171.31,8171.31,37.9052,3277,31,3276.7,29.1,29.1,30,30,118.515,0.03,-13.7157,87.5311,26,3276,0,25,24,24,0,3276.7,0,80,13/12/2024 14:25
4386,0,11.8515,24.4502,789.775,38.6533,25,26,25,26,26,25,0,0.034,87.7805,8171.31,8171.31,38.6533,3277,31,3276.7,29.1,29.1,30,30,118.515,0.03,-11.9701,87.7805,26,3276,0,25,24,24,0,3276.7,0,80,13/12/2024 14:25
4387,0,11.8515,24.443,789.276,37.9052,25,26,25,26,26,25,0,0.034,89.7755,8171.31,8171.31,37.9052,3277,31,3276.7,29.1,29.1,30,30,118.515,0.0309,-12.9676,89.7755,26,3276,0,25,24,24,0,3276.7,0,80,13/12/2024 14:25
4388,0,11.8515,24.443,789.276,38.6533,25,26,25,26,26,25,0,0.034,90.0249,8171.31,8171.31,38.6533,3277,31,3276.7,29.1,29.1,30,30,118.515,0.0309,-14.4638,90.0249,26,3276,0,25,24,24,0,3276.7,0,80,13/12/2024 14:25
4389,0,11.8515,24.443,788.528,37.9052,25,26,25,26,26,25,0,0.034,88.0298,8171.31,8171.31,37.9052,3277,31,3276.7,29.1,29.1,30,30,118.515,0.0307,-11.9701,88.0298,26,3276,0,25,24,24,0,3276.7,0,80,13/12/2024 14:25
4390,0,11.8515,24.4502,788.029,38.1546,25,26,25,26,26,25,0,0.034,87.7805,8171.31,8171.31,38.1546,3277,31,3276.7,29.1,29.1,30,30,118.515,0.0304,-12.2194,87.7805,26,3276,0,25,24,24,0,3276.7,0,80,13/12/2024 14:25
4391,0,11.8515,24.443,789.276,37.9052,25,26,25,26,26,25,0,0.034,88.5286,8171.31,8171.31,37.9052,3277,31,3276.7,29.1,29.1,30,30,118.515,0.0311,-14.2145,88.5286,26,3276,0,25,24,24,0,3276.7,0,80,13/12/2024 14:25
4392,0,11.8515,24.4575,788.528,38.1546,25,26,25,26,26,25,0,0.034,89.7755,8171.31,8171.31,38.1546,3277,31,3276.7,29.1,29.1,30,30,118.515,0.0309,-12.2194,89.7755,26,3276,0,25,24,24,0,3276.7,0,80,13/12/2024 14:25
4393,0,11.8515,24.4394,789.276,38.1546,25,26,25,26,26,25,0,0.034,89.7755,8171.31,8171.31,38.1546,3277,31,3276.7,29.1,29.1,30,30,118.515,0.0309,-11.9701,89.7755,26,3276,0,25,24,24,0,3276.7,0,80,13/12/2024 14:25
4394,0,11.8515,24.4538,788.777,37.9052,25,26,25,26,26,25,0,0.034,87.7805,8171.31,8171.31,37.9052,3277,31,3276.7,29.1,29.1,30,30,118.515,0.0309,-13.2169,87.7805,26,3276,0,25,24,24,0,3276.7,0,80,13/12/2024 14:25
4395,0,11.8515,24.4502,789.775,37.9052,25,26,25,26,26,25,0,0.034,87.7805,8171.31,8171.31,37.9052,3277,31,3276.7,29.1,29.1,30,30,118.515,0.0302,-13.4663,87.7805,26,3276,0,25,24,24,0,3276.7,0,80,13/12/2024 14:25
4396,0,11.8515,24.443,789.526,38.6533,25,26,25,26,26,25,0,0.034,90.0249,8171.31,8171.31,38.6533,3277,31,3276.7,29.1,29.1,30,30,118.515,0.0308,-11.9701,90.0249,26,3276,0,25,24,24,0,3276.7,0,80,13/12/2024 14:25
4397,0,11.8515,24.4394,789.276,38.9027,25,26,25,26,26,25,0,0.034,90.2742,8171.31,8171.31,38.9027,3277,31,3276.7,29.1,29.1,30,30,118.515,0.0308,-12.9676,90.2742,26,3276,0,25,24,24,0,3276.7,0,80,13/12/2024 14:25
4398,0,11.8515,24.4538,788.528,38.1546,25,26,25,26,26,25,0,0.034,90.0249,8171.31,8171.31,38.1546,3277,31,3276.7,29.1,29.1,30,30,118.515,0.0308,-14.2145,90.0249,26,3276,0,25,24,24,0,3276.7,0,80,13/12/2024 14:25
4399,0,11.8515,24.443,788.777,38.6533,25,26,25,26,26,25,0,0.034,87.7805,8171.31,8171.31,38.6533,3277,31,3276.7,29.1,29.1,30,30,118.515,0.0312,-11.9701,87.7805,26,3276,0,25,24,24,0,3276.7,0,80,13/12/2024 14:25
4400,0,11.8515,24.4538,789.526,38.1546,25,26,25,26,26,25,0,0.034,87.7805,8171.31,8171.31,38.1546,3277,31,3276.7,29.1,29.1,30,30,118.515,0.0309,-13.2169,87.7805,26,3276,0,25,24,24,0,3276.7,0,80,13/12/2024 14:25
4401,0,11.8515,24.4502,789.775,38.1546,25,26,25,26,26,25,0,0.034,90.0249,8171.31,8171.31,38.1546,3277,31,3276.7,29.1,29.1,30,30,118.515,0.0313,-13.7157,90.0249,26,3276,0,25,24,24,0,3276.7,0,80,13/12/2024 14:25
4402,0,11.8515,24.4502,789.775,38.1546,25,26,25,26,26,25,0,0.034,89.7755,8171.31,8171.31,38.1546,3277,31,3276.7,29.1,29.1,30,30,118.515,0.0313,-11.9701,89.7755,26,3276,0,25,24,24,0,3276.7,0,80,13/12/2024 14:25
4403,0,11.8515,24.4394,788.777,37.9052,25,26,25,26,26,25,0,0.034,88.778,8171.31,8171.31,37.9052,3277,31,3276.7,29.1,29.1,30,30,118.515,0.0303,-12.2194,88.778,26,3276,0,25,24,24,0,3276.7,0,80,13/12/2024 14:25
4404,0,11.8515,24.4358,789.526,37.9052,25,26,25,26,26,25,0,0.034,87.7805,8171.31,8171.31,37.9052,3277,31,3276.7,29.1,29.1,30,30,118.515,0.0307,-13.7157,87.7805,26,3276,0,25,24,24,0,3276.7,0,80,13/12/2024 14:25
4405,0,11.8515,24.4394,788.029,38.1546,25,26,25,26,26,25,0,0.034,89.2767,8171.31,8171.31,38.1546,3277,31,3276.7,29.1,29.1,30,30,118.515,0.0307,-12.9676,89.2767,26,3276,0,25,24,24,0,3276.7,0,80,13/12/2024 14:25
4406,0,11.8515,24.443,788.777,37.6558,25,26,25,26,26,25,0,0.034,89.7755,8171.31,8171.31,37.6558,3277,31,3276.7,29.1,29.1,30,30,118.515,0.0307,-11.2219,89.7755,26,3276,0,25,24,24,0,3276.7,0,80,13/12/2024 14:25
4407,0,11.8515,24.4358,789.775,38.9027,25,26,25,26,26,25,0,0.034,90.2742,8171.31,8171.31,38.9027,3277,31,3276.7,29.1,29.1,30,30,118.515,0.0307,-13.7157,90.2742,26,3276,0,25,24,24,0,3276.7,0,80,13/12/2024 14:25
4408,0,11.8515,24.4358,789.276,37.9052,25,26,25,26,26,25,0,0.0342,87.7805,8171.31,8171.31,37.9052,3277,31,3276.7,29.1,29.1,30,30,118.515,0.0307,-13.7157,87.7805,26,3276,0,25,24,24,0,3276.7,0,80,13/12/2024 14:25
4409,0,11.8515,24.4538,789.276,38.1546,25,26,25,26,26,25,0,0.0342,87.5311,8171.31,8171.31,38.1546,3277,31,3276.7,29.1,29.1,30,30,118.515,0.031,-11.7207,87.5311,26,3276,0,25,24,24,0,3276.7,0,80,13/12/2024 14:25
4410,0,11.8515,24.4358,788.777,38.6533,25,26,25,26,26,25,0,0.0342,89.7755,8171.31,8171.31,38.6533,3277,31,3276.7,29.1,29.1,30,30,118.515,0.031,-13.2169,89.7755,26,3276,0,25,24,24,0,3276.7,0,80,13/12/2024 14:25
4411,0,11.8515,24.4538,789.276,38.9027,25,26,25,26,26,25,0,0.0342,90.2742,8171.31,8171.31,38.9027,3277,31,3276.7,29.1,29.1,30,30,118.515,0.0306,-14.4638,90.2742,26,3276,0,25,24,24,0,3276.7,0,80,13/12/2024 14:25
4412,0,11.8515,24.4538,788.777,37.9052,25,26,25,26,26,25,0,0.0342,90.2742,8171.31,8171.31,37.9052,3277,31,3276.7,29.1,29.1,30,30,118.515,0.0306,-11.7207,90.2742,26,3276,0,25,24,24,0,3276.7,0,80,13/12/2024 14:25
4413,0,11.8515,24.4575,788.029,38.6533,25,26,25,26,26,25,0,0.0342,88.0298,8171.31,8171.31,38.6533,3277,31,3276.7,29.1,29.1,30,30,118.515,0.0309,-12.2194,88.0298,26,3276,0,25,24,24,0,3276.7,0,80,13/12/2024 14:25
4414,0,11.8515,24.4502,789.276,38.6533,25,26,25,26,26,25,0,0.0342,87.2817,8171.31,8171.31,38.6533,3277,31,3276.7,29.1,29.1,30,30,118.515,0.0305,-14.2145,87.2817,26,3276,0,25,24,24,0,3276.7,0,80,13/12/2024 14:25
4415,0,11.8515,24.4358,789.276,38.6533,25,26,25,26,26,25,0,0.0342,88.0298,8171.31,8171.31,38.6533,3277,31,3276.7,29.1,29.1,30,30,118.515,0.0311,-10.9726,88.0298,26,3276,0,25,24,24,0,3276.7,0,80,13/12/2024 14:25
4416,0,11.8515,24.4394,789.276,38.6533,25,26,25,26,26,25,0,0.0342,90.0249,8171.31,8171.31,38.6533,3277,31,3276.7,29.1,29.1,30,30,118.515,0.0308,-13.7157,90.0249,26,3276,0,25,24,24,0,3276.7,0,80,13/12/2024 14:25
4417,0,11.8515,24.4394,788.777,38.1546,25,26,25,26,26,25,0,0.0342,90.2742,8171.31,8171.31,38.1546,3277,31,3276.7,29.1,29.1,30,30,118.515,0.0308,-13.2169,90.2742,26,3276,0,25,24,24,0,3276.7,0,80,13/12/2024 14:25
4418,0,11.8515,24.4394,789.276,39.4015,25,26,25,26,26,25,0,0.0342,90.5236,8171.31,8171.31,39.4015,3277,31,3276.7,29.1,29.1,30,30,118.515,0.0308,-11.9701,90.5236,26,3276,0,25,24,24,0,3276.7,0,80,13/12/2024 14:25
4419,0,11.8515,24.443,788.777,38.6533,25,26,25,26,26,25,0,0.0342,89.0274,8171.31,8171.31,38.6533,3277,31,3276.7,29.1,29.1,30,30,118.515,0.0308,-14.4638,89.0274,26,3276,0,25,24,24,0,3276.7,0,80,13/12/2024 14:25
4420,0,11.8515,24.443,788.777,37.9052,25,26,25,26,26,25,0,0.0342,87.7805,8171.31,8171.31,37.9052,3277,31,3276.7,29.1,29.1,30,30,118.515,0.0303,-11.7207,87.7805,26,3276,0,25,24,24,0,3276.7,0,80,13/12/2024 14:25
4421,0,11.8515,24.4502,789.276,38.6533,25,26,25,26,26,25,0,0.0342,87.7805,8171.31,8171.31,38.6533,3277,31,3276.7,29.1,29.1,30,30,118.515,0.0303,-12.2194,87.7805,26,25,0,25,24,24,0,3276.7,0,80,13/12/2024 14:25
4422,0,11.8515,24.4394,788.279,39.1521,25,26,25,26,26,25,0,0.0342,88.5286,8171.31,8171.31,39.1521,3277,31,3276.7,29.1,29.1,30,30,118.515,0.0309,-13.4663,88.5286,26,3276,0,25,24,24,0,3276.7,0,80,13/12/2024 14:25
4423,0,11.8515,24.443,788.528,38.1546,25,26,25,26,26,25,0,0.0342,89.2767,8171.31,8171.31,38.1546,3277,31,3276.7,29.1,29.1,30,30,118.515,0.0312,-10.9726,89.2767,26,3276,0,25,24,24,0,3276.7,0,80,13/12/2024 14:25
4424,0,11.8515,24.4502,789.526,37.9052,25,26,25,26,26,25,0,0.0342,90.0249,8171.31,8171.31,37.9052,3277,31,3276.7,29.1,29.1,30,30,118.515,0.0307,-14.2145,90.0249,26,3276,0,25,24,24,0,3276.7,0,80,13/12/2024 14:25
4425,0,11.8515,24.4358,788.777,38.6533,25,26,25,26,26,25,0,0.0342,90.2742,8171.31,8171.31,38.6533,3277,31,3276.7,29.1,29.1,30,30,118.515,0.0303,-12.4688,90.2742,26,3276,0,25,24,24,0,3276.7,0,80,13/12/2024 14:26
4426,0,11.8515,24.443,788.777,38.1546,25,26,25,26,26,25,0,0.0342,89.7755,8171.31,8171.31,38.1546,3277,31,3276.7,29.1,29.1,30,30,118.515,0.0303,-12.2194,89.7755,26,3276,0,25,24,24,0,3276.7,0,80,13/12/2024 14:26
4427,0,11.8515,24.4394,788.777,39.1521,25,26,25,26,26,25,0,0.0342,89.0274,8171.31,8171.31,39.1521,3277,31,3276.7,29.1,29.1,30,30,118.515,0.0307,-14.2145,89.0274,26,3276,0,25,24,24,0,3276.7,0,80,13/12/2024 14:26
4428,0,11.8515,24.4502,788.777,38.9027,25,26,25,26,26,25,0,0.0342,87.7805,8171.31,8171.31,38.9027,3277,31,3276.7,29.1,29.1,30,30,118.515,0.0307,-10.9726,87.7805,26,3276,0,25,24,24,0,3276.7,0,80,13/12/2024 14:26
4429,0,11.8515,24.4394,787.53,38.1546,25,26,25,26,26,25,0,0.0342,87.7805,8171.31,8171.31,38.1546,3277,31,3276.7,29.1,29.1,30,30,118.515,0.0307,-13.4663,87.7805,26,3276,0,25,24,24,0,3276.7,0,80,13/12/2024 14:26
4430,0,11.8515,24.4358,788.029,38.6533,25,26,25,26,26,25,0,0.0342,88.0298,8171.31,8171.31,38.6533,3277,31,3276.7,29.1,29.1,30,30,118.515,0.031,-11.9701,88.0298,26,3276,0,25,24,24,0,3276.7,0,80,13/12/2024 14:26
4431,0,11.8515,24.443,789.526,37.9052,25,26,25,26,26,25,0,0.0342,89.2767,8171.31,8171.31,37.9052,3277,31,3276.7,29.1,29.1,30,30,118.515,0.0312,-11.7207,89.2767,26,3276,0,25,24,24,0,3276.7,0,80,13/12/2024 14:26
4432,0,11.8515,24.443,788.029,38.6533,25,26,25,26,26,25,0,0.0342,90.2742,8171.31,8171.31,38.6533,3277,31,3276.7,29.1,29.1,30,30,118.515,0.0309,-14.4638,90.2742,26,3276,0,25,24,24,0,3276.7,0,80,13/12/2024 14:26
4433,0,11.8515,24.4502,788.279,37.9052,25,26,25,26,26,25,0,0.0342,90.2742,8171.31,8171.31,37.9052,3277,31,3276.7,29.1,29.1,30,30,118.515,0.0313,-12.2194,90.2742,26,3276,0,25,24,24,0,3276.7,0,80,13/12/2024 14:26
4434,0,11.8515,24.4394,789.276,38.9027,25,26,25,26,26,25,0,0.0342,90.0249,8171.31,8171.31,38.9027,3277,31,3276.7,29.1,29.1,30,30,118.515,0.0313,-13.7157,90.0249,26,3276,0,25,24,24,0,3276.7,0,80,13/12/2024 14:26
4435,0,11.8515,24.4538,788.777,38.6533,25,26,25,26,26,25,0,0.0342,89.7755,8171.31,8171.31,38.6533,3277,31,3276.7,29.1,29.1,30,30,118.515,0.0305,-12.2194,89.7755,26,3276,0,25,24,24,0,3276.7,0,80,13/12/2024 14:26
4436,0,11.8515,24.4502,789.276,39.4015,25,26,25,26,26,25,0,0.0342,88.5286,8171.31,8171.31,39.4015,3277,31,3276.7,29.1,29.1,30,30,118.515,0.0308,-11.2219,88.5286,26,3276,0,25,24,24,0,3276.7,0,80,13/12/2024 14:26
4437,0,11.8515,24.4538,789.526,38.1546,25,26,25,26,26,25,0,0.0338,88.5286,8171.31,8171.31,38.1546,3277,31,3276.7,29.1,29.1,30,30,118.515,0.0308,-14.2145,88.5286,26,3276,0,25,24,24,0,3276.7,0,80,13/12/2024 14:26
4438,0,11.8515,24.4538,788.777,38.9027,25,26,25,26,26,25,0,0.0334,89.2767,8171.31,8171.31,38.9027,3277,31,3276.7,29.1,29.1,30,30,118.515,0.0304,-11.9701,89.2767,26,3276,0,25,24,24,0,3276.7,0,80,13/12/2024 14:26
4439,0,11.8515,24.4538,788.777,38.6533,25,26,25,26,26,25,0,0.0334,90.2742,8171.31,8171.31,38.6533,3277,31,3276.7,29.1,29.1,30,30,118.515,0.0304,-11.9701,90.2742,26,3276,0,25,24,24,0,3276.7,0,80,13/12/2024 14:26
4440,0,11.8515,24.443,789.526,37.9052,25,26,25,26,26,25,0,0.0334,90.2742,8171.31,8171.31,37.9052,3277,31,3276.7,29.1,29.1,30,30,118.515,0.0309,-14.4638,90.2742,26,3276,0,25,24,24,0,3276.7,0,80,13/12/2024 14:26
4441,0,11.8515,24.4358,789.276,37.9052,25,26,25,26,26,25,0,0.0334,90.2742,8171.31,8171.31,37.9052,3277,31,3276.7,29.1,29.1,30,30,118.515,0.0307,-11.7207,90.2742,26,3276,0,25,24,24,0,3276.7,0,80,13/12/2024 14:26
4442,0,11.8515,24.443,788.528,40.399,25,26,25,26,26,25,0,0.0334,90.0249,8171.31,8171.31,40.399,3277,31,3276.7,29.1,29.1,30,30,118.515,0.0307,-11.7207,90.0249,26,3276,0,25,24,24,0,3276.7,0,80,13/12/2024 14:26
4443,0,11.8515,24.4394,788.528,42.394,25,26,25,26,26,25,0,0.0334,91.2717,8171.31,8171.31,42.394,3277,31,3276.7,29.1,29.1,30,30,118.515,0.031,-9.72568,91.2717,26,3276,0,25,24,24,0,3276.7,0,80,13/12/2024 14:26
4444,0,11.8515,24.4394,789.276,44.1396,25,26,25,26,26,25,0,0.0334,93.5161,8171.31,8171.31,44.1396,3277,31,3276.7,29.1,29.1,30,30,118.515,0.0308,-5.98503,93.5161,26,3276,0,25,24,24,0,3276.7,0,80,13/12/2024 14:26
4445,0,11.8515,24.4502,788.777,45.6359,25,26,25,26,26,25,0,0.0334,96.758,8171.31,8171.31,45.6359,3277,31,3276.7,29.1,29.1,30,30,118.515,0.0308,-6.98254,96.758,26,3276,0,25,24,24,0,3276.7,0,80,13/12/2024 14:26
4446,0,11.8515,24.4538,789.526,47.8803,25,26,25,26,26,25,0,0.0334,99.2518,8171.31,8171.31,47.8803,3277,31,3276.7,29.1,29.1,30,30,118.515,0.0308,-4.2394,99.2518,26,3276,0,25,24,24,0,3276.7,0,80,13/12/2024 14:26
4447,0,11.8515,24.4538,788.528,48.8778,25,26,25,26,26,25,0,0.0334,100.997,8171.31,8171.31,48.8778,3277,31,3276.7,29.1,29.1,30,30,118.515,0.031,-0.498753,100.997,26,3276,0,25,24,24,0,3276.7,0,80,13/12/2024 14:26
4448,0,11.8515,24.4502,788.777,51.3715,25,26,25,26,26,25,0,0.0334,101.496,8171.31,8171.31,51.3715,3277,31,3276.7,29.1,29.1,30,30,118.515,0.0305,-0.748129,101.496,26,3276,0,25,24,24,0,3276.7,0,80,13/12/2024 14:26
4449,0,11.8515,24.4502,788.777,52.8678,25,26,25,26,26,25,0,0.0334,102.743,8171.31,8171.31,52.8678,3277,31,3276.7,29.1,29.1,30,30,118.515,0.031,2.74314,102.743,26,3276,0,25,24,24,0,3276.7,0,80,13/12/2024 14:26
4450,0,11.8515,24.443,789.775,55.3615,25,26,25,26,26,25,0,0.0334,105.237,8171.31,8171.31,55.3615,3277,31,3276.7,29.1,29.1,30,30,118.515,0.031,4.2394,105.237,26,3276,0,25,24,24,0,3276.7,0,80,13/12/2024 14:26
4451,0,11.8515,24.4502,788.777,57.8553,25,26,25,26,26,25,0,0.0334,107.98,8171.31,8171.31,57.8553,3277,31,3276.7,29.1,29.1,30,30,118.515,0.03,4.98753,107.98,26,3276,0,25,24,24,0,3276.7,0,80,13/12/2024 14:26
4452,0,11.8515,24.4394,789.526,59.8503,25,26,25,26,26,25,0,0.0334,110.474,8171.31,8171.31,59.8503,3277,31,3276.7,29.1,29.1,30,30,118.515,0.0312,8.72817,110.474,26,3276,0,25,24,24,0,3276.7,0,80,13/12/2024 14:26
4453,0,11.8515,24.443,788.528,60.5984,25,26,25,26,26,25,0,0.0334,112.718,8171.31,8171.31,60.5984,3277,31,3276.7,29.1,29.1,30,30,118.515,0.0312,10.4738,112.718,26,3276,0,25,24,24,0,3276.7,0,80,13/12/2024 14:26
4454,0,11.8515,24.443,788.528,62.5935,25,26,25,26,26,25,0,0.0334,113.716,8171.31,8171.31,62.5935,3277,31,3276.7,29.1,29.1,30,30,118.515,0.0306,10.2244,113.716,26,3276,0,25,24,24,0,3276.7,0,80,13/12/2024 14:26
4455,0,11.8515,24.4502,788.777,65.3366,25,26,25,26,26,25,0,0.0334,114.214,8171.31,8171.31,65.3366,3277,31,3276.7,29.1,29.1,30,30,118.515,0.0308,12.9676,114.214,26,3276,0,25,24,24,0,3276.7,0,80,13/12/2024 14:26
4456,0,11.8515,24.443,789.526,66.5835,25,26,25,26,26,25,0,0.0334,117.456,8171.31,8171.31,66.5835,3277,31,3276.7,29.1,29.1,30,30,118.515,0.0308,15.212,117.456,26,3276,0,25,24,24,0,3276.7,0,80,13/12/2024 14:26
4457,0,11.8515,24.4394,788.528,68.5785,25,26,25,26,26,25,0,0.0334,120.199,8171.31,8171.31,68.5785,3277,31,3276.7,29.1,29.1,30,30,118.515,0.0308,15.4613,120.199,26,3276,0,25,24,24,0,3276.7,0,80,13/12/2024 14:26
4458,0,11.8515,24.4502,789.276,71.3216,25,26,25,26,26,25,0,0.0334,122.693,8171.31,8171.31,71.3216,3277,31,3276.7,29.1,29.1,30,30,118.515,0.0308,20.1995,122.693,26,3276,0,25,24,24,0,3276.7,0,80,13/12/2024 14:26
4459,0,11.8515,24.4502,789.775,72.8179,25,26,25,26,26,25,0,0.0334,124.189,8171.31,8171.31,72.8179,3277,31,3276.7,29.1,29.1,30,30,118.515,0.0306,21.197,124.189,26,3276,0,25,24,24,0,3276.7,0,80,13/12/2024 14:26
4460,0,11.8515,24.4502,789.526,74.8129,25,26,25,26,26,25,0,0.0334,124.688,8171.31,8171.31,74.8129,3277,31,3276.7,29.1,29.1,30,30,118.515,0.0306,21.9451,124.688,26,3276,0,25,24,24,0,3276.7,0,80,13/12/2024 14:26
4461,0,11.8515,24.4394,788.528,75.561,25,26,25,26,26,25,0,0.0334,126.184,8171.31,8171.31,75.561,3277,31,3276.7,29.1,29.1,30,30,118.515,0.0306,25.6858,126.184,26,3276,0,25,24,24,0,3276.7,0,80,13/12/2024 14:26
4462,0,11.8515,24.4394,789.526,78.0548,25,26,25,26,26,25,0,0.0334,129.177,8171.31,8171.31,78.0548,3277,31,3276.7,29.1,29.1,30,30,118.515,0.0309,25.6858,129.177,26,3276,0,25,24,24,0,3276.7,0,80,13/12/2024 14:26
4463,0,11.8515,24.443,789.276,80.2992,25,26,25,26,26,25,0,0.0334,132.169,8171.31,8171.31,80.2992,3277,31,3276.7,29.1,29.1,30,30,118.515,0.0309,27.6808,132.169,26,3276,0,25,24,24,0,3276.7,0,80,13/12/2024 14:26
4464,0,11.8515,24.443,790.024,82.2942,25,26,25,26,26,25,0,0.0334,134.164,8171.31,8171.31,82.2942,3277,31,3276.7,29.1,29.1,30,30,118.515,0.0309,30.4239,134.164,26,3276,0,25,24,24,0,3276.7,0,80,13/12/2024 14:26
4465,0,11.8515,24.4394,789.276,84.788,25,26,25,26,26,25,0,0.0334,135.411,8171.31,8171.31,84.788,3277,31,3276.7,29.1,29.1,30,30,118.515,0.0316,30.1745,135.411,26,3276,0,25,24,24,0,3276.7,0,80,13/12/2024 14:26
4466,0,11.8515,24.4394,790.024,86.783,25,26,25,26,26,25,0,0.0334,137.406,8171.31,8171.31,86.783,3277,31,3276.7,29.1,29.1,30,30,118.515,0.0316,33.167,137.406,26,3276,0,25,24,24,0,3276.7,0,80,13/12/2024 14:26
4467,0,11.8515,24.443,789.526,87.7805,25,26,25,26,26,25,0,0.0339,137.656,8171.31,8171.31,87.7805,3277,31,3276.7,29.1,29.1,30,30,118.515,0.0308,34.9127,137.656,26,3276,0,25,24,24,0,3276.7,0,80,13/12/2024 14:26
4468,0,11.8515,24.4502,788.528,90.0249,25,26,25,26,26,25,0,0.0335,139.651,8171.31,8171.31,90.0249,3277,31,3276.7,29.1,29.1,30,30,118.515,0.0305,35.1621,139.651,26,3276,0,25,24,24,0,3276.7,0,80,13/12/2024 14:26
4469,0,11.8515,24.4538,790.024,91.5211,25,26,25,26,26,25,0,0.0335,141.646,8171.31,8171.31,91.5211,3277,31,3276.7,29.1,29.1,30,30,118.515,0.0305,39.1521,141.646,26,3276,0,25,24,24,0,3276.7,0,80,13/12/2024 14:26
4470,0,11.8515,24.4502,789.526,93.5161,25,26,25,26,26,25,0,0.0335,144.888,8171.31,8171.31,93.5161,3277,31,3276.7,29.1,29.1,30,30,118.515,0.0303,39.4015,144.888,26,3276,0,25,24,24,0,3276.7,0,80,13/12/2024 14:26
4471,0,11.8515,24.4394,789.526,95.2618,25,26,25,26,26,25,0,0.0335,147.381,8171.31,8171.31,95.2618,3277,31,3276.7,29.1,29.1,30,30,118.515,0.031,43.1421,147.381,26,3276,0,25,24,24,0,3276.7,0,80,13/12/2024 14:26
4472,0,11.8515,24.4502,789.526,98.0049,25,26,25,26,26,25,0,0.0335,149.626,8171.31,8171.31,98.0049,3277,31,3276.7,29.1,29.1,30,30,118.515,0.0312,45.3865,149.626,26,3276,0,25,24,24,0,3276.7,0,80,13/12/2024 14:26
4473,0,11.8515,24.443,788.777,99.7505,25,26,25,26,26,25,0,0.0335,151.371,8171.31,8171.31,99.7505,3277,31,3276.7,29.1,29.1,30,30,118.515,0.0307,45.3865,151.371,26,3276,0,25,24,24,0,3276.7,0,80,13/12/2024 14:26
4474,0,11.8515,24.443,789.526,101.746,25,26,25,26,26,25,0,0.0335,152.868,8171.31,8171.31,101.746,3277,31,3276.7,29.1,29.1,30,30,118.515,0.0307,50.1246,152.868,26,3276,0,25,24,24,0,3276.7,0,80,13/12/2024 14:26
4475,0,11.8515,24.4321,789.526,103.741,25,26,25,26,26,25,0,0.0335,152.618,8171.31,8171.31,103.741,3277,31,3276.7,29.1,29.1,30,30,118.515,0.0307,49.1271,152.618,26,3276,0,25,24,24,0,3276.7,0,80,13/12/2024 14:26
4476,0,11.8515,24.443,788.777,105.486,25,26,25,26,26,25,0,0.0335,155.361,8171.31,8171.31,105.486,3277,31,3276.7,29.1,29.1,30,30,118.515,0.0307,51.3715,155.361,26,3276,0,25,24,24,0,3276.7,0,80,13/12/2024 14:26
4477,0,11.8515,24.443,789.526,107.731,25,26,25,26,26,25,0,0.0335,157.855,8171.31,8171.31,107.731,3277,31,3276.7,29.1,29.1,30,30,118.515,0.0307,55.1122,157.855,26,3276,0,25,24,24,0,3276.7,0,80,13/12/2024 14:26
4478,0,11.8515,24.4575,789.526,109.227,25,26,25,26,26,25,0,0.0335,160.1,8171.31,8171.31,109.227,3277,31,3276.7,29.1,29.1,30,30,118.515,0.0305,54.364,160.1,26,3276,0,25,24,24,0,3276.7,0,80,13/12/2024 14:26
4479,0,11.8515,24.443,789.526,111.721,25,26,25,26,26,25,0,0.0335,163.84,8171.31,8171.31,111.721,3277,31,3276.7,29.1,29.1,30,30,118.515,0.0311,58.8528,163.84,26,3276,0,25,24,24,0,3276.7,0,80,13/12/2024 14:26
4480,0,11.8515,24.443,789.276,112.967,25,26,25,26,26,25,0,0.0335,165.087,8171.31,8171.31,112.967,3277,31,3276.7,29.1,29.1,30,30,118.515,0.0311,58.6034,165.087,26,3276,0,25,24,24,0,3276.7,0,80,13/12/2024 14:26
4481,0,11.8515,24.4502,788.777,115.461,25,26,25,26,26,25,0,0.0335,166.583,8171.31,8171.31,115.461,3277,31,3276.7,29.1,29.1,30,30,118.515,0.0311,60.5984,166.583,26,3276,0,25,24,24,0,3276.7,0,80,13/12/2024 14:26
4482,0,11.8515,24.443,789.775,119.701,25,26,25,26,26,25,0,0.0335,169.576,8171.31,8171.31,119.701,3277,31,3276.7,29.1,29.1,30,30,118.515,0.0308,63.0922,169.576,26,3276,0,25,24,24,0,3276.7,0,80,13/12/2024 14:26
4483,0,11.8515,24.4575,789.276,120.199,25,26,25,26,26,25,0,0.0335,170.823,8171.31,8171.31,120.199,3277,31,3276.7,29.1,29.1,30,30,118.515,0.0308,67.8304,170.823,26,3276,0,25,24,24,0,3276.7,0,80,13/12/2024 14:26
4484,0,11.8515,24.4502,789.526,122.693,25,26,25,26,26,25,0,0.0335,172.568,8171.31,8171.31,122.693,3277,31,3276.7,29.1,29.1,30,30,118.515,0.0308,68.0797,172.568,26,3276,0,25,24,24,0,3276.7,0,80,13/12/2024 14:27
4485,0,11.8515,24.4394,788.777,124.688,25,26,25,26,26,25,0,0.0335,176.06,8171.31,8171.31,124.688,3277,31,3276.7,29.1,29.1,30,30,118.515,0.031,71.0723,176.06,26,3276,0,25,24,24,0,3276.7,0,80,13/12/2024 14:27
4486,0,11.8515,24.4502,789.526,126.434,25,26,25,26,26,25,0,0.0335,178.803,8171.31,8171.31,126.434,3277,31,3276.7,29.1,29.1,30,30,118.515,0.031,73.566,178.803,26,3276,0,25,24,24,0,3276.7,0,80,13/12/2024 14:27
4487,0,11.8515,24.4394,789.775,127.93,25,26,25,26,26,25,0,0.0335,181.047,8171.31,8171.31,127.93,3277,31,3276.7,29.1,29.1,30,30,118.515,0.031,72.8179,181.047,26,3276,0,25,24,24,0,3276.7,0,80,13/12/2024 14:27
4488,0,11.8515,24.443,789.276,129.925,25,26,25,26,26,25,0,0.0335,182.543,8171.31,8171.31,129.925,3277,31,3276.7,29.1,29.1,30,30,118.515,0.0305,77.8054,182.543,26,3276,0,25,24,24,0,3276.7,0,80,13/12/2024 14:27
4489,0,11.8515,24.443,789.775,132.169,25,26,25,26,26,25,0,0.0335,184.788,8171.31,8171.31,132.169,3277,31,3276.7,29.1,29.1,30,30,118.515,0.0305,77.556,184.788,26,3276,0,25,24,24,0,3276.7,0,80,13/12/2024 14:27
4490,0,11.8515,24.4358,790.024,134.164,25,26,25,26,26,25,0,0.0335,184.788,8171.31,8171.31,134.164,3277,31,3276.7,29.1,29.1,30,30,118.515,0.031,81.2967,184.788,26,3276,0,25,24,24,0,3276.7,0,80,13/12/2024 14:27
4491,0,11.8515,24.4538,789.775,135.91,25,26,25,26,26,25,0,0.0335,186.284,8171.31,8171.31,135.91,3277,31,3276.7,29.1,29.1,30,30,118.515,0.0307,82.7929,186.284,26,3276,0,25,24,24,0,3276.7,0,80,13/12/2024 14:27
4492,0,11.8515,24.4538,789.526,137.905,25,26,25,26,26,25,0,0.0335,187.78,8171.31,8171.31,137.905,3277,31,3276.7,29.1,29.1,30,30,118.515,0.0307,82.7929,187.78,26,3276,0,25,24,24,0,3276.7,0,80,13/12/2024 14:27
4493,0,11.8515,24.4358,789.775,140.399,25,26,25,26,26,25,0,0.0335,189.775,8171.31,8171.31,140.399,3277,31,3276.7,29.1,29.1,30,30,118.515,0.0454,86.5336,189.775,26,3276,0,25,24,24,0,3276.7,0,80,13/12/2024 14:27
4494,0,11.8515,24.4538,789.276,149.626,25,26,25,26,26,25,0,0.0335,194.763,8171.31,8171.31,149.626,3277,31,3276.7,29.1,29.1,30,30,118.515,0.0454,89.7755,194.763,26,3276,0,25,24,24,0,3276.7,0,80,13/12/2024 14:27
4495,0,11.8515,24.443,789.526,182.045,25,26,25,26,26,25,0,0.0335,202.494,8171.31,8171.31,182.045,3277,31,3276.7,29.1,29.1,30,30,118.515,0.0454,97.7555,202.494,26,3276,0,25,24,24,0,3276.7,0,80,13/12/2024 14:27
4496,0,11.8515,24.443,789.775,241.396,25,26,25,26,26,25,0,0.0337,213.466,8171.31,8171.31,241.396,3277,31,3276.7,29.1,29.1,30,30,118.515,0.0454,107.731,213.466,26,3276,0,25,24,24,0,3276.7,0,80,13/12/2024 14:27
4497,0,11.8515,24.4394,789.526,296.01,25,26,25,26,26,25,0,0.034,227.431,8171.31,8171.31,296.01,3277,31,3276.7,29.1,29.1,30,30,118.515,0.0454,120.449,227.431,26,3276,0,25,24,24,0,3276.7,0,80,13/12/2024 14:27
4498,0,11.8515,24.4502,788.777,330.673,25,26,25,26,26,25,0,0.034,243.142,8171.31,8171.31,330.673,3277,31,3276.7,29.1,29.1,30,30,118.515,0.0464,137.157,243.142,26,3276,0,25,24,24,0,3276.7,0,80,13/12/2024 14:27
4499,0,11.8515,24.4358,789.775,344.638,25,26,25,26,26,25,0,0.034,258.853,8171.31,8171.31,344.638,3277,31,3276.7,29.1,29.1,30,30,118.515,0.0466,152.369,258.853,26,3276,0,25,24,24,0,3276.7,0,80,13/12/2024 14:27
4500,0,11.8515,24.4502,790.024,353.117,25,26,25,26,26,25,0,0.034,275.062,8171.31,8171.31,353.117,3277,31,3276.7,29.1,29.1,30,30,118.515,0.0466,170.324,275.062,26,3276,0,25,24,24,0,3276.7,0,80,13/12/2024 14:27
4501,0,11.8515,24.443,789.526,358.603,25,26,25,26,26,25,0,0.034,292.518,8171.31,8171.31,358.603,3277,31,3276.7,29.1,29.1,30,30,118.515,0.0461,187.282,292.518,26,3276,0,25,24,24,0,3276.7,0,80,13/12/2024 14:27
4502,0,11.8515,24.443,789.526,365.835,25,26,25,26,26,25,0,0.034,309.975,8171.31,8171.31,365.835,3277,31,3276.7,29.1,29.1,30,30,118.515,0.0315,203.491,309.975,26,3276,0,25,24,24,0,3276.7,0,80,13/12/2024 14:27
4503,0,11.8515,24.4502,790.024,374.065,25,26,25,26,26,25,0,0.034,329.177,8171.31,8171.31,374.065,3277,31,3276.7,29.1,29.1,30,30,118.515,0.0319,222.693,329.177,26,3276,0,25,24,24,0,3276.7,0,80,13/12/2024 14:27
4504,0,11.8515,24.4358,790.024,382.294,25,26,25,26,26,25,0,0.034,346.134,8171.31,8171.31,382.294,3277,31,3276.7,29.1,29.1,30,30,118.515,0.0323,236.409,346.134,26,3276,0,25,24,24,0,3276.7,0,80,13/12/2024 14:27
4505,0,11.8515,24.4502,788.777,394.015,25,26,25,26,26,25,0,0.034,363.092,8171.31,8171.31,394.015,3277,31,3276.7,29.1,29.1,30,30,118.515,0.0323,254.863,363.092,26,3276,0,25,24,24,0,3276.7,0,80,13/12/2024 14:27
4506,0,11.8515,24.4538,789.775,404.239,25,26,25,26,26,25,0,0.034,378.553,8171.31,8171.31,404.239,3277,31,3276.7,29.1,29.1,30,30,118.515,0.0317,271.072,378.553,26,3276,0,25,24,24,0,3276.7,0,80,13/12/2024 14:27
4507,0,11.8515,24.443,790.024,413.965,25,26,25,26,26,25,0,0.034,395.76,8171.31,8171.31,413.965,3277,31,3276.7,29.1,29.1,30,30,118.515,0.0317,287.032,395.76,26,3276,0,25,24,24,0,3276.7,0,80,13/12/2024 14:27
4508,0,11.8515,24.4502,790.024,423.441,25,26,25,26,26,25,0,0.034,410.972,8171.31,8171.31,423.441,3277,31,3276.7,29.1,29.1,30,30,118.515,0.0317,305.985,410.972,26,3276,0,25,24,24,0,3276.7,0,80,13/12/2024 14:27
4509,0,11.8515,24.443,789.526,435.411,25,26,25,26,26,25,0,0.034,426.932,8171.31,8171.31,435.411,3277,31,3276.7,29.1,29.1,30,30,118.515,0.0316,319.202,426.932,26,3276,0,25,24,24,0,3276.7,0,80,13/12/2024 14:27
4510,0,11.8515,24.4394,790.024,447.88,25,26,25,26,26,25,0,0.034,443.391,8171.31,8171.31,447.88,3277,31,3276.7,29.1,29.1,30,30,118.515,0.0316,337.406,443.391,26,3276,0,25,24,24,0,3276.7,0,80,13/12/2024 14:27
4511,0,11.8515,24.4394,789.775,459.102,25,26,25,26,26,25,0,0.034,459.601,8171.31,8171.31,459.102,3277,31,3276.7,29.1,29.1,30,30,118.515,0.0318,350.623,459.601,26,3276,0,25,24,24,0,3276.7,0,80,13/12/2024 14:27
4512,0,11.8515,24.4394,790.523,471.321,25,26,25,26,26,25,0,0.034,475.81,8171.31,8171.31,471.321,3277,31,3276.7,29.1,29.1,30,30,118.515,0.032,367.331,475.81,26,3276,0,25,24,24,0,3276.7,0,80,13/12/2024 14:27
4513,0,11.8515,24.4394,790.024,482.793,25,26,25,26,26,25,0,0.034,493.017,8171.31,8171.31,482.793,3277,31,3276.7,29.1,29.1,30,30,118.515,0.032,383.541,493.017,26,3276,0,25,24,24,0,3276.7,0,80,13/12/2024 14:27
4514,0,11.8515,24.4394,790.523,496.259,25,26,25,26,26,25,0,0.034,507.98,8171.31,8171.31,496.259,3277,31,3276.7,29.1,29.1,30,30,118.515,0.0314,398.254,507.98,26,3276,0,25,24,24,0,3276.7,0,80,13/12/2024 14:27
4515,0,11.8515,24.4502,790.024,508.229,25,26,25,26,26,25,0,0.034,523.69,8171.31,8171.31,508.229,3277,31,3276.7,29.1,29.1,30,30,118.515,0.0318,415.96,523.69,26,3276,0,25,24,24,0,3276.7,0,80,13/12/2024 14:27
4516,0,11.8515,24.443,790.523,519.95,25,26,25,26,26,25,0,0.034,538.653,8171.31,8171.31,519.95,3277,31,3276.7,29.1,29.1,30,30,118.515,0.0318,428.179,538.653,26,3276,0,25,24,24,0,3276.7,0,80,13/12/2024 14:27
4517,0,11.8515,24.4358,790.772,532.668,25,26,25,26,26,25,0,0.034,553.117,8171.31,8171.31,532.668,3277,31,3276.7,29.1,29.1,30,30,118.515,0.0318,445.885,553.117,26,3276,0,25,24,24,0,3276.7,0,80,13/12/2024 14:27
4518,0,11.8515,24.443,791.77,544.389,25,26,25,26,26,25,0,0.034,567.331,8171.31,8171.31,544.389,3277,31,3276.7,29.1,29.1,30,30,118.515,0.0318,458.104,567.331,26,3276,0,25,24,24,0,3276.7,0,80,13/12/2024 14:27
4519,0,11.8515,24.4502,791.022,557.356,25,26,25,26,26,25,0,0.034,581.047,8171.31,8171.31,557.356,3277,31,3276.7,29.1,29.1,30,30,118.515,0.032,473.815,581.047,26,3276,0,25,24,24,0,3276.7,0,80,13/12/2024 14:27
4520,0,11.8515,24.4538,791.271,568.578,25,26,25,26,26,25,0,0.034,594.763,8171.31,8171.31,568.578,3277,31,3276.7,29.1,29.1,30,30,118.515,0.0323,487.78,594.763,26,3276,0,25,24,24,0,3276.7,0,80,13/12/2024 14:27
4521,0,11.8515,24.4538,791.271,580.299,25,26,25,26,26,25,0,0.034,608.977,8171.31,8171.31,580.299,3277,31,3276.7,29.1,29.1,30,30,118.515,0.0323,498.753,608.977,26,3276,0,25,24,24,0,3276.7,0,80,13/12/2024 14:27
4522,0,11.8515,24.4538,791.271,592.768,25,26,25,26,26,25,0,0.034,622.942,8171.31,8171.31,592.768,3277,31,3276.7,29.1,29.1,30,30,118.515,0.0319,514.962,622.942,26,3276,0,25,24,24,0,3276.7,0,80,13/12/2024 14:27
4523,0,11.8515,24.4394,791.271,604.738,25,26,25,26,26,25,0,0.034,637.157,8171.31,8171.31,604.738,3277,31,3276.7,29.1,29.1,30,30,118.515,0.0316,525.685,637.157,26,3276,0,25,24,24,0,3276.7,0,80,13/12/2024 14:27
4524,0,11.8515,24.4538,791.271,613.965,25,26,25,26,26,25,0,0.034,650.373,8171.31,8171.31,613.965,3277,31,3276.7,29.1,29.1,30,30,118.515,0.0316,541.147,650.373,26,3276,0,25,24,24,0,3276.7,0,80,13/12/2024 14:27
4525,0,11.8515,24.443,792.518,625.187,25,26,25,26,26,25,0,0.034,662.842,8171.31,8171.31,625.187,3277,31,3276.7,29.1,29.1,30,30,118.515,0.0319,553.117,662.842,26,3276,0,25,24,24,0,3276.7,0,80,13/12/2024 14:27
4526,0,11.8515,24.4502,792.269,635.91,25,26,25,26,26,25,0,0.0338,674.064,8171.31,8171.31,635.91,3277,31,3276.7,29.1,29.1,30,30,118.515,0.0319,564.089,674.064,26,3276,0,25,24,24,0,3276.7,0,80,13/12/2024 14:27
4527,0,11.8515,24.443,792.518,647.88,25,26,25,26,26,25,0,0.0341,686.034,8171.31,8171.31,647.88,3277,31,3276.7,29.1,29.1,30,30,118.515,0.0322,579.301,686.034,26,3276,0,25,24,24,0,3276.7,0,80,13/12/2024 14:27
4528,0,11.8515,24.4502,792.518,657.855,25,26,25,26,26,25,0,0.0341,696.508,8171.31,8171.31,657.855,3277,31,3276.7,29.1,29.1,30,30,118.515,0.0319,586.533,696.508,26,3276,0,25,24,24,0,3276.7,0,80,13/12/2024 14:27
4529,0,11.8515,24.443,793.266,667.331,25,26,25,26,26,25,0,0.0341,706.982,8171.31,8171.31,667.331,3277,31,3276.7,29.1,29.1,30,30,118.515,0.0319,600.249,706.982,26,3276,0,25,24,24,0,3276.7,0,80,13/12/2024 14:27
4530,0,11.8515,24.4575,793.516,676.558,25,26,25,26,26,25,0,0.0341,718.204,8171.31,8171.31,676.558,3277,31,3276.7,29.1,29.1,30,30,118.515,0.0321,610.224,718.204,26,3276,0,25,24,24,0,3276.7,0,80,13/12/2024 14:27
4531,0,11.8515,24.443,794.264,685.785,25,26,25,26,26,25,0,0.0341,730.174,8171.31,8171.31,685.785,3277,31,3276.7,29.1,29.1,30,30,118.515,0.0321,620.199,730.174,26,3276,0,25,24,24,0,3276.7,0,80,13/12/2024 14:27
4532,0,11.8515,24.4502,793.516,695.76,25,26,25,26,26,25,0,0.0341,740.648,8171.31,8171.31,695.76,3277,31,3276.7,29.1,29.1,30,30,118.515,0.0318,632.418,740.648,26,3276,0,25,24,24,0,3276.7,0,80,13/12/2024 14:27
4533,0,11.8515,24.4502,794.762,703.241,25,26,25,26,26,25,0,0.0341,751.371,8171.31,8171.31,703.241,3277,31,3276.7,29.1,29.1,30,30,118.515,0.0317,638.902,751.371,26,3276,0,25,24,24,0,3276.7,0,80,13/12/2024 14:27
4534,0,11.8515,24.443,794.264,712.718,25,26,25,26,26,25,0,0.0341,760.598,8171.31,8171.31,712.718,3277,31,3276.7,29.1,29.1,30,30,118.515,0.0319,651.62,760.598,26,3276,0,25,24,24,0,3276.7,0,80,13/12/2024 14:27
4535,0,11.8515,24.4358,796.009,720.698,25,26,25,26,26,25,0,0.0341,770.074,8171.31,8171.31,720.698,3277,31,3276.7,29.1,29.1,30,30,118.515,0.032,658.603,770.074,26,3276,0,25,24,24,0,3276.7,0,80,13/12/2024 14:27
4536,0,11.8515,24.4394,795.76,728.428,25,26,25,26,26,25,0,0.0341,777.555,8171.31,8171.31,728.428,3277,31,3276.7,29.1,29.1,30,30,118.515,0.032,667.082,777.555,26,3276,0,25,24,24,0,3276.7,0,80,13/12/2024 14:27
4537,0,11.8515,24.4538,795.51,735.66,25,26,25,26,26,25,0,0.0341,785.535,8171.31,8171.31,735.66,3277,31,3276.7,29.1,29.1,30,30,118.515,0.032,676.059,785.535,26,3276,0,25,24,24,0,3276.7,0,80,13/12/2024 14:27
4538,0,11.8515,24.4502,795.76,742.643,25,26,25,26,26,25,0,0.0341,792.518,8171.31,8171.31,742.643,3277,31,3276.7,29.1,29.1,30,30,118.515,0.0315,681.546,792.518,26,3276,0,25,24,24,0,3276.7,0,80,13/12/2024 14:27
4539,0,11.8515,24.4502,795.76,749.625,25,26,25,26,26,25,0,0.0341,798.503,8171.31,8171.31,749.625,3277,31,3276.7,29.1,29.1,30,30,118.515,0.0314,691.521,798.503,26,3276,0,25,24,24,0,3276.7,0,80,13/12/2024 14:27
4540,0,11.8515,24.4575,796.009,755.112,26,26,25,26,26,25,0,0.0341,807.481,8171.31,8171.31,755.112,3277,31,3276.7,29.1,29.1,30,30,118.515,0.0314,696.009,807.481,26,3276,0,25,24,24,0,3276.7,0,80,13/12/2024 14:27
4541,0,11.8515,24.443,797.007,761.097,26,26,25,26,26,25,0,0.0341,814.962,8171.31,8171.31,761.097,3277,31,3276.7,29.1,29.1,30,30,118.515,0.0319,703.74,814.962,26,3276,0,25,24,24,0,3276.7,0,80,13/12/2024 14:27
4542,0,11.8515,24.4538,797.007,767.58,26,26,25,26,26,25,0,0.0341,821.944,8171.31,8171.31,767.58,3277,31,3276.7,29.1,29.1,30,30,118.515,0.0322,710.723,821.944,26,3276,0,25,24,24,0,3276.7,0,80,13/12/2024 14:27
4543,0,11.8515,24.4502,797.007,772.568,26,26,25,26,26,25,0,0.0341,826.184,8171.31,8171.31,772.568,3277,31,3276.7,29.1,29.1,30,30,118.515,0.0316,713.715,826.184,26,3276,0,25,24,24,0,3276.7,0,80,13/12/2024 14:27
4544,0,11.8515,24.4502,797.506,776.807,26,26,25,26,26,25,0,0.0341,831.919,8171.31,8171.31,776.807,3277,31,3276.7,29.1,29.1,30,30,118.515,0.0316,722.194,831.919,26,3276,0,25,24,24,0,3276.7,0,80,13/12/2024 14:28
4545,0,11.8515,24.443,797.007,781.047,26,26,25,26,26,25,0,0.0341,834.663,8171.31,8171.31,781.047,3277,31,3276.7,29.1,29.1,30,30,118.515,0.0316,723.94,834.663,26,3276,0,25,24,24,0,3276.7,0,80,13/12/2024 14:28
4546,0,11.8515,24.4394,797.007,785.037,26,26,25,26,26,25,0,0.0341,837.904,8171.31,8171.31,785.037,3277,31,3276.7,29.1,29.1,30,30,118.515,0.0319,729.925,837.904,26,3276,0,25,24,24,0,3276.7,0,80,13/12/2024 14:28
4547,0,11.8515,24.4538,798.004,789.526,26,26,25,26,26,25,0,0.0341,842.892,8171.31,8171.31,789.526,3277,31,3276.7,29.1,29.1,30,30,118.515,0.0321,734.912,842.892,26,3276,0,25,24,24,0,3276.7,0,80,13/12/2024 14:28
4548,0,11.8515,24.4394,797.506,792.269,26,26,25,26,26,25,0,0.0341,846.882,8171.31,8171.31,792.269,3277,31,3276.7,29.1,29.1,30,30,118.515,0.0321,735.161,846.882,26,3276,0,25,24,24,0,3276.7,0,80,13/12/2024 14:28
4549,0,11.8515,24.443,798.254,795.012,26,26,25,26,26,25,0,0.0341,851.87,8171.31,8171.31,795.012,3277,31,3276.7,29.1,29.1,30,30,118.515,0.0318,740.149,851.87,26,3276,0,25,24,24,0,3276.7,0,80,13/12/2024 14:28
4550,0,11.8515,24.4394,797.506,797.256,26,26,25,26,26,25,0,0.0341,854.613,8171.31,8171.31,797.256,3277,31,3276.7,29.1,29.1,30,30,118.515,0.0318,742.643,854.613,26,3276,0,25,24,24,0,3276.7,0,80,13/12/2024 14:28
4551,0,11.8515,24.4538,798.254,799.999,26,26,25,26,26,25,0,0.0341,855.86,8171.31,8171.31,799.999,3277,31,3276.7,29.1,29.1,30,30,118.515,0.0318,744.887,855.86,26,3276,0,25,24,24,0,3276.7,0,80,13/12/2024 14:28
4552,0,11.8515,24.4358,798.503,801.994,26,26,25,26,26,25,0,0.0341,857.356,8171.31,8171.31,801.994,3277,31,3276.7,29.1,29.1,30,30,118.515,0.0321,748.129,857.356,26,3276,0,25,24,24,0,3276.7,0,80,13/12/2024 14:28
4553,0,11.8515,24.443,798.752,803.241,26,26,25,26,26,25,0,0.0341,858.353,8171.31,8171.31,803.241,3277,31,3276.7,29.1,29.1,30,30,118.515,0.0321,747.63,858.353,26,3276,0,25,24,24,0,3276.7,0,80,13/12/2024 14:28
4554,0,11.8515,24.4575,798.254,803.74,26,26,25,26,26,25,0,0.0341,859.6,8171.31,8171.31,803.74,3277,31,3276.7,29.1,29.1,30,30,118.515,0.0318,750.124,859.6,26,3276,0,25,24,24,0,3276.7,0,80,13/12/2024 14:28
4555,0,11.8515,24.4538,798.004,804.987,26,26,25,26,26,25,0,0.0341,861.595,8171.31,8171.31,804.987,3277,31,3276.7,29.1,29.1,30,30,118.515,0.032,752.119,861.595,26,3276,0,25,24,24,0,3276.7,0,80,13/12/2024 14:28
4556,0,11.8515,24.4502,799.501,805.486,26,26,25,26,26,25,0,0.0338,862.343,8171.31,8171.31,805.486,3277,31,3276.7,29.1,29.1,30,30,118.515,0.032,749.376,862.343,26,3276,0,25,24,24,0,3276.7,0,80,13/12/2024 14:28
4557,0,11.8515,24.4538,799.251,805.735,26,26,25,26,26,25,0,0.0338,863.341,8171.31,8171.31,805.735,3277,31,3276.7,29.1,29.1,30,30,118.515,0.032,752.368,863.341,26,3276,0,25,24,24,0,3276.7,0,80,13/12/2024 14:28
4558,0,11.8515,24.4502,799.75,807.481,26,26,25,26,26,25,0,0.0338,864.089,8171.31,8171.31,807.481,3277,31,3276.7,29.1,29.1,30,30,118.515,0.0318,752.618,864.089,26,3276,0,25,24,24,0,3276.7,0,80,13/12/2024 14:28
4559,0,11.8515,24.443,799.75,805.984,26,26,25,26,26,25,0,0.0338,862.094,8171.31,8171.31,805.984,3277,31,3276.7,29.1,29.1,30,30,118.515,0.032,750.124,862.094,26,3276,0,25,24,24,0,3276.7,0,80,13/12/2024 14:28
4560,0,11.8515,24.4538,799.501,805.735,26,26,25,26,26,25,0,0.0338,862.094,8171.31,8171.31,805.735,3277,31,3276.7,29.1,29.1,30,30,118.515,0.0318,753.615,862.094,26,3276,0,25,24,24,0,3276.7,0,80,13/12/2024 14:28
4561,0,11.8515,24.4502,799.75,806.234,26,26,25,26,26,25,0,0.0338,862.343,8171.31,8171.31,806.234,3277,31,3276.7,29.1,29.1,30,30,118.515,0.0318,750.623,862.343,26,3276,0,25,24,24,0,3276.7,0,80,13/12/2024 14:28
4562,0,11.8515,24.443,799.999,806.732,26,26,25,26,26,25,0,0.0338,864.089,8171.31,8171.31,806.732,3277,31,3276.7,29.1,29.1,30,30,118.515,0.032,750.124,864.089,26,3276,0,25,24,24,0,3276.7,0,80,13/12/2024 14:28
4563,0,11.8515,24.4502,799.75,806.732,26,26,25,26,26,25,0,0.0338,864.338,8171.31,8171.31,806.732,3277,31,3276.7,29.1,29.1,30,30,118.515,0.0319,753.615,864.338,26,3276,0,25,24,24,0,3276.7,0,80,13/12/2024 14:28
4564,0,11.8515,24.443,799.501,807.231,26,26,25,26,26,25,0,0.0338,864.588,8171.31,8171.31,807.231,3277,31,3276.7,29.1,29.1,30,30,118.515,0.0319,750.623,864.588,26,3276,0,25,24,24,0,3276.7,0,80,13/12/2024 14:28
4565,0,11.8515,24.4394,800.498,806.234,26,26,25,26,26,25,0,0.0338,862.343,8171.31,8171.31,806.234,3277,31,3276.7,29.1,29.1,30,30,118.515,0.0321,752.119,862.343,26,3276,0,25,24,24,0,3276.7,0,80,13/12/2024 14:28
4566,0,11.8515,24.4502,798.752,806.234,26,26,25,26,26,25,0,0.0338,862.343,8171.31,8171.31,806.234,3277,31,3276.7,29.1,29.1,30,30,118.515,0.0319,752.368,862.343,26,3276,0,25,24,24,0,3276.7,0,80,13/12/2024 14:28
4567,0,11.8515,24.4538,799.75,806.732,26,26,25,26,26,25,0,0.0338,862.842,8171.31,8171.31,806.732,3277,31,3276.7,29.1,29.1,30,30,118.515,0.0319,750.124,862.842,26,3276,0,25,24,24,0,3276.7,0,80,13/12/2024 14:28
4568,0,11.8515,24.4394,799.999,806.732,26,26,25,26,26,25,0,0.0338,862.842,8171.31,8171.31,806.732,3277,31,3276.7,29.1,29.1,30,30,118.515,0.0322,753.117,862.842,26,3276,0,25,24,24,0,3276.7,0,80,13/12/2024 14:28
4569,0,11.8515,24.4502,800.747,807.231,26,26,25,26,26,25,0,0.0338,863.341,8171.31,8171.31,807.231,3277,31,3276.7,29.1,29.1,30,30,118.515,0.0322,752.618,863.341,26,3276,0,25,24,24,0,3276.7,0,80,13/12/2024 14:28
4570,0,11.8515,24.443,800.747,807.231,26,26,25,26,26,25,0,0.0338,864.089,8171.31,8171.31,807.231,3277,31,3276.7,29.1,29.1,30,30,118.515,0.0325,750.124,864.089,26,3276,0,25,24,24,0,3276.7,0,80,13/12/2024 14:28
4571,0,11.8515,24.443,800.747,806.982,26,26,25,26,26,25,0,0.0338,862.842,8171.31,8171.31,806.982,3277,31,3276.7,29.1,29.1,30,30,118.515,0.0318,753.117,862.842,26,3276,0,25,24,24,0,3276.7,0,80,13/12/2024 14:28
4572,0,11.8515,24.4394,801.745,806.234,26,26,25,26,26,25,0,0.0338,862.094,8171.31,8171.31,806.234,3277,31,3276.7,29.1,29.1,30,30,118.515,0.0318,750.872,862.094,26,3276,0,25,24,24,0,3276.7,0,80,13/12/2024 14:28
4573,0,11.8515,24.443,801.745,806.732,26,26,25,26,26,25,0,0.0338,862.094,8171.31,8171.31,806.732,3277,31,3276.7,29.1,29.1,30,30,118.515,0.0313,750.872,862.094,26,3276,0,25,24,24,0,3276.7,0,80,13/12/2024 14:28
4574,0,11.8515,24.4502,802.244,805.984,26,26,25,26,26,25,0,0.0338,862.343,8171.31,8171.31,805.984,3277,31,3276.7,29.1,29.1,30,30,118.515,0.0311,752.618,862.343,26,3276,0,25,24,24,0,3276.7,0,80,13/12/2024 14:28
4575,0,11.8515,24.4502,802.244,806.732,26,26,25,26,26,25,0,0.0338,864.089,8171.31,8171.31,806.732,3277,31,3276.7,29.1,29.1,30,30,118.515,0.0324,749.875,864.089,26,3276,0,25,24,24,0,3276.7,0,80,13/12/2024 14:28
4576,0,11.8515,24.443,802.244,806.234,26,26,25,26,26,25,0,0.0338,864.588,8171.31,8171.31,806.234,3277,31,3276.7,29.1,29.1,30,30,118.515,0.0318,751.87,864.588,26,3276,0,25,24,24,0,3276.7,0,80,13/12/2024 14:28
4577,0,11.8515,24.4502,802.992,805.984,26,26,25,26,26,25,0,0.0338,864.338,8171.31,8171.31,805.984,3277,31,3276.7,29.1,29.1,30,30,118.515,0.0318,753.117,864.338,26,3276,0,25,24,24,0,3276.7,0,80,13/12/2024 14:28
4578,0,11.8515,24.443,802.992,805.984,26,26,25,26,26,25,0,0.0338,863.091,8171.31,8171.31,805.984,3277,31,3276.7,29.1,29.1,30,30,118.515,0.0318,749.875,863.091,26,3276,0,25,24,24,0,3276.7,0,80,13/12/2024 14:28
4579,0,11.8515,24.4502,803.74,805.984,26,26,25,26,26,25,0,0.0338,862.094,8171.31,8171.31,805.984,3277,31,3276.7,29.1,29.1,30,30,118.515,0.0318,752.368,862.094,26,3276,0,25,24,24,0,3276.7,0,80,13/12/2024 14:28
4580,0,11.8515,24.4502,804.488,805.984,26,26,25,26,26,25,0,0.0338,862.094,8171.31,8171.31,805.984,3277,31,3276.7,29.1,29.1,30,30,118.515,0.0316,751.87,862.094,26,3276,0,25,24,24,0,3276.7,0,80,13/12/2024 14:28
4581,0,11.8515,24.4502,804.737,805.486,26,26,25,26,26,25,0,0.0338,863.091,8171.31,8171.31,805.486,3277,31,3276.7,29.1,29.1,30,30,118.515,0.0319,750.124,863.091,26,3276,0,25,24,24,0,3276.7,0,80,13/12/2024 14:28
4582,0,11.8515,24.4538,804.737,805.735,26,26,25,26,26,25,0,0.0338,864.089,8171.31,8171.31,805.735,3277,31,3276.7,29.1,29.1,30,30,118.515,0.0321,753.117,864.089,26,3276,0,25,24,24,0,3276.7,0,80,13/12/2024 14:28
4583,0,11.8515,24.443,805.735,807.231,26,26,25,26,26,25,0,0.0338,864.837,8171.31,8171.31,807.231,3277,31,3276.7,29.1,29.1,30,30,118.515,0.0321,750.872,864.837,26,3276,0,25,24,24,0,3276.7,0,80,13/12/2024 14:28
4584,0,11.8515,24.443,805.486,805.984,26,26,25,26,26,25,0,0.0338,863.341,8171.31,8171.31,805.984,3277,31,3276.7,29.1,29.1,30,30,118.515,0.0321,750.872,863.341,26,3276,0,25,24,24,0,3276.7,0,80,13/12/2024 14:28
4585,0,11.8515,24.4502,804.987,806.732,26,26,25,26,26,25,0,0.0338,862.842,8171.31,8171.31,806.732,3277,31,3276.7,29.1,29.1,30,30,118.515,0.0321,752.368,862.842,26,3276,0,25,24,24,0,3276.7,0,80,13/12/2024 14:28
4586,0,11.8515,24.4502,805.486,806.732,26,26,25,26,26,25,0,0.0336,861.595,8171.31,8171.31,806.732,3277,31,3276.7,29.1,29.1,30,30,118.515,0.0317,750.124,861.595,26,3276,0,25,24,24,0,3276.7,0,80,13/12/2024 14:28
4587,0,11.8515,24.4538,805.984,805.984,26,26,25,26,26,25,0,0.0338,860.598,8171.31,8171.31,805.984,3277,31,3276.7,29.1,29.1,30,30,118.515,0.0319,752.119,860.598,26,3276,0,25,24,24,0,3276.7,0,80,13/12/2024 14:28
4588,0,11.8515,24.443,806.234,806.234,26,26,25,26,26,25,0,0.0338,861.096,8171.31,8171.31,806.234,3277,31,3276.7,29.1,29.1,30,30,118.515,0.0319,751.87,861.096,26,3276,0,25,24,24,0,3276.7,0,80,13/12/2024 14:28
4589,0,11.8515,24.4538,806.982,806.234,26,26,25,26,26,25,0,0.0338,862.094,8171.31,8171.31,806.234,3277,31,3276.7,29.1,29.1,30,30,118.515,0.0319,750.124,862.094,26,3276,0,25,24,24,0,3276.7,0,80,13/12/2024 14:28
4590,0,11.8515,24.4394,807.481,805.735,26,26,25,26,26,25,0,0.0338,861.845,8171.31,8171.31,805.735,3277,31,3276.7,29.1,29.1,30,30,118.515,0.0322,752.618,861.845,26,3276,0,25,24,24,0,3276.7,0,80,13/12/2024 14:28
4591,0,11.8515,24.4394,807.481,806.732,26,26,25,26,26,25,0,0.0338,861.096,8171.31,8171.31,806.732,3277,31,3276.7,29.1,29.1,30,30,118.515,0.0318,749.875,861.096,26,3276,0,25,24,24,0,3276.7,0,80,13/12/2024 14:28
4592,0,11.8515,24.4358,807.979,806.234,26,26,25,26,26,25,0,0.0338,860.598,8171.31,8171.31,806.234,3277,31,3276.7,29.1,29.1,30,30,118.515,0.0321,750.623,860.598,26,3276,0,25,24,24,0,3276.7,0,80,13/12/2024 14:28
4593,0,11.8515,24.4538,807.481,806.982,26,26,25,26,26,25,0,0.0338,859.351,8171.31,8171.31,806.982,3277,31,3276.7,29.1,29.1,30,30,118.515,0.0321,751.87,859.351,26,3276,0,25,24,24,0,3276.7,0,80,13/12/2024 14:28
4594,0,11.8515,24.4575,808.229,806.732,26,26,25,26,26,25,0,0.0338,859.6,8171.31,8171.31,806.732,3277,31,3276.7,29.1,29.1,30,30,118.515,0.0314,749.625,859.6,26,3276,0,25,24,24,0,3276.7,0,80,13/12/2024 14:28
4595,0,11.8515,24.443,808.229,806.732,26,26,25,26,26,25,0,0.0338,859.85,8171.31,8171.31,806.732,3277,31,3276.7,29.1,29.1,30,30,118.515,0.0321,752.368,859.85,26,3276,0,25,24,24,0,3276.7,0,80,13/12/2024 14:28
4596,0,11.8515,24.443,808.229,805.984,26,26,25,26,26,25,0,0.0338,859.6,8171.31,8171.31,805.984,3277,31,3276.7,29.1,29.1,30,30,118.515,0.0321,749.625,859.6,26,3276,0,25,24,24,0,3276.7,0,80,13/12/2024 14:28
4597,0,11.8515,24.443,809.226,806.982,26,26,25,26,26,25,0,0.0338,859.85,8171.31,8171.31,806.982,3277,31,3276.7,29.1,29.1,30,30,118.515,0.0317,750.124,859.85,26,3276,0,25,24,24,0,3276.7,0,80,13/12/2024 14:28
4598,0,11.8515,24.4502,809.725,806.732,26,26,25,26,26,25,0,0.0338,859.6,8171.31,8171.31,806.732,3277,31,3276.7,29.1,29.1,30,30,118.515,0.0319,752.368,859.6,26,3276,0,25,24,24,0,3276.7,0,80,13/12/2024 14:28
4599,0,11.8515,24.443,809.725,805.735,26,26,25,26,26,25,0,0.0338,859.85,8171.31,8171.31,805.735,3277,31,3276.7,29.1,29.1,30,30,118.515,0.0321,749.875,859.85,26,3276,0,25,24,24,0,3276.7,0,80,13/12/2024 14:28
4600,0,11.8515,24.4358,809.476,806.234,26,26,25,26,26,25,0,0.0338,859.101,8171.31,8171.31,806.234,3277,31,3276.7,29.1,29.1,30,30,118.515,0.0319,751.87,859.101,26,3276,0,25,24,24,0,3276.7,0,80,13/12/2024 14:28
4601,0,11.8515,24.443,809.725,805.984,26,26,25,26,26,25,0,0.0338,857.107,8171.31,8171.31,805.984,3277,31,3276.7,29.1,29.1,30,30,118.515,0.0319,750.124,857.107,26,3276,0,25,24,24,0,3276.7,0,80,13/12/2024 14:28
4602,0,11.8515,24.443,809.476,806.234,26,26,25,26,26,25,0,0.0338,857.356,8171.31,8171.31,806.234,3277,31,3276.7,29.1,29.1,30,30,118.515,0.0323,750.124,857.356,26,3276,0,25,24,24,0,3276.7,0,80,13/12/2024 14:28
4603,0,11.8515,24.4394,809.725,806.732,26,26,25,26,26,25,0,0.0338,857.855,8171.31,8171.31,806.732,3277,31,3276.7,29.1,29.1,30,30,118.515,0.0323,752.368,857.855,26,3276,0,25,24,24,0,3276.7,0,80,13/12/2024 14:28
4604,0,11.8515,24.4575,809.226,806.732,26,26,25,26,26,25,0,0.0338,859.101,8171.31,8171.31,806.732,3277,31,3276.7,29.1,29.1,30,30,118.515,0.0316,748.378,859.101,26,3276,0,25,24,24,0,3276.7,0,80,13/12/2024 14:29
4605,0,11.8515,24.4502,809.226,805.984,26,26,25,26,26,25,0,0.0338,859.6,8171.31,8171.31,805.984,3277,31,3276.7,29.1,29.1,30,30,118.515,0.032,751.371,859.6,26,3276,0,25,24,24,0,3276.7,0,80,13/12/2024 14:29
4606,0,11.8515,24.4538,809.725,806.732,26,26,25,26,26,25,0,0.0338,859.6,8171.31,8171.31,806.732,3277,31,3276.7,29.1,29.1,30,30,118.515,0.0319,750.623,859.6,26,3276,0,25,24,24,0,3276.7,0,80,13/12/2024 14:29
4607,0,11.8515,24.443,809.725,806.732,26,26,25,26,26,25,0,0.0338,859.101,8171.31,8171.31,806.732,3277,31,3276.7,29.1,29.1,30,30,118.515,0.0317,750.623,859.101,26,3276,0,25,24,24,0,3276.7,0,80,13/12/2024 14:29
4608,0,11.8515,24.4394,809.476,806.234,26,26,25,26,26,25,0,0.0338,857.855,8171.31,8171.31,806.234,3277,31,3276.7,29.1,29.1,30,30,118.515,0.0315,752.618,857.855,26,3276,0,25,24,24,0,3276.7,0,80,13/12/2024 14:29
4609,0,11.8515,24.4394,809.974,805.984,26,26,25,26,26,25,0,0.0338,857.107,8171.31,8171.31,805.984,3277,31,3276.7,29.1,29.1,30,30,118.515,0.0315,748.628,857.107,26,3276,0,25,24,24,0,3276.7,0,80,13/12/2024 14:29
4610,0,11.8515,24.4502,808.727,805.984,26,26,25,26,26,25,0,0.0338,856.608,8171.31,8171.31,805.984,3277,31,3276.7,29.1,29.1,30,30,118.515,0.0323,751.87,856.608,26,3276,0,25,24,24,0,3276.7,0,80,13/12/2024 14:29
4611,0,11.8515,24.443,808.727,806.732,26,26,25,26,26,25,0,0.0338,857.107,8171.31,8171.31,806.732,3277,31,3276.7,29.1,29.1,30,30,118.515,0.0318,749.376,857.107,26,3276,0,25,24,24,0,3276.7,0,80,13/12/2024 14:29
4612,0,11.8515,24.443,809.974,805.984,26,26,25,26,26,25,0,0.0338,856.109,8171.31,8171.31,805.984,3277,31,3276.7,29.1,29.1,30,30,118.515,0.0318,750.124,856.109,26,3276,0,25,24,24,0,3276.7,0,80,13/12/2024 14:29
4613,0,11.8515,24.4502,810.473,805.984,26,26,25,26,26,25,0,0.0338,858.603,8171.31,8171.31,805.984,3277,31,3276.7,29.1,29.1,30,30,118.515,0.0317,751.371,858.603,26,3276,0,25,24,24,0,3276.7,0,80,13/12/2024 14:29
4614,0,11.8515,24.443,809.974,807.481,26,26,25,26,26,25,0,0.0338,858.603,8171.31,8171.31,807.481,3277,31,3276.7,29.1,29.1,30,30,118.515,0.0315,748.877,858.603,26,3276,0,25,24,24,0,3276.7,0,80,13/12/2024 14:29
4615,0,11.8515,24.4538,809.974,806.234,26,26,25,26,26,25,0,0.0338,858.603,8171.31,8171.31,806.234,3277,31,3276.7,29.1,29.1,30,30,118.515,0.0323,753.117,858.603,26,3276,0,25,24,24,0,3276.7,0,80,13/12/2024 14:29
4616,0,11.8515,24.4502,809.974,806.732,26,26,25,26,26,25,0,0.0338,857.855,8171.31,8171.31,806.732,3277,31,3276.7,29.1,29.1,30,30,118.515,0.0319,749.376,857.855,26,3276,0,25,24,24,0,3276.7,0,80,13/12/2024 14:29
4617,0,11.8515,24.4538,810.723,806.234,26,26,25,26,26,25,0,0.0336,857.855,8171.31,8171.31,806.234,3277,31,3276.7,29.1,29.1,30,30,118.515,0.0319,750.872,857.855,26,3276,0,25,24,24,0,3276.7,0,80,13/12/2024 14:29
4618,0,11.8515,24.4502,809.974,806.732,26,26,25,26,26,25,0,0.0336,856.857,8171.31,8171.31,806.732,3277,31,3276.7,29.1,29.1,30,30,118.515,0.0321,750.623,856.857,26,3276,0,25,24,24,0,3276.7,0,80,13/12/2024 14:29
4619,0,11.8515,24.443,810.723,806.982,26,26,25,26,26,25,0,0.0336,856.109,8171.31,8171.31,806.982,3277,31,3276.7,29.1,29.1,30,30,118.515,0.0315,750.872,856.109,26,3276,0,25,24,24,0,3276.7,0,80,13/12/2024 14:29
4620,0,11.8515,24.4502,810.723,805.984,26,26,25,26,26,25,0,0.0336,856.857,8171.31,8171.31,805.984,3277,31,3276.7,29.1,29.1,30,30,118.515,0.0315,752.368,856.857,26,3276,0,25,24,24,0,3276.7,0,80,13/12/2024 14:29
4621,0,11.8515,24.4502,810.972,806.732,26,26,25,26,26,25,0,0.0336,856.608,8171.31,8171.31,806.732,3277,31,3276.7,29.1,29.1,30,30,118.515,0.032,748.628,856.608,26,3276,0,25,24,24,0,3276.7,0,80,13/12/2024 14:29
4622,0,11.8515,24.443,810.473,805.735,26,26,25,26,26,25,0,0.0336,857.107,8171.31,8171.31,805.735,3277,31,3276.7,29.1,29.1,30,30,118.515,0.032,751.122,857.107,26,3276,0,25,24,24,0,3276.7,0,80,13/12/2024 14:29
4623,0,11.8515,24.4358,811.221,806.982,26,26,25,26,26,25,0,0.0336,857.855,8171.31,8171.31,806.982,3277,31,3276.7,29.1,29.1,30,30,118.515,0.0315,748.628,857.855,26,3276,0,25,24,24,0,3276.7,0,80,13/12/2024 14:29
4624,0,11.8515,24.443,810.723,806.234,26,26,25,26,26,25,0,0.0336,858.603,8171.31,8171.31,806.234,3277,31,3276.7,29.1,29.1,30,30,118.515,0.0315,750.124,858.603,26,3276,0,25,24,24,0,3276.7,0,80,13/12/2024 14:29
4625,0,11.8515,24.443,811.221,805.486,26,26,25,26,26,25,0,0.0336,857.855,8171.31,8171.31,805.486,3277,31,3276.7,29.1,29.1,30,30,118.515,0.0315,751.122,857.855,26,3276,0,25,24,24,0,3276.7,0,80,13/12/2024 14:29
4626,0,11.8515,24.4575,811.72,805.984,26,26,25,26,26,25,0,0.0336,857.356,8171.31,8171.31,805.984,3277,31,3276.7,29.1,29.1,30,30,118.515,0.0319,748.877,857.356,26,3276,0,25,24,24,0,3276.7,0,80,13/12/2024 14:29
4627,0,11.8515,24.4538,811.72,806.234,26,26,25,26,26,25,0,0.0336,857.107,8171.31,8171.31,806.234,3277,31,3276.7,29.1,29.1,30,30,118.515,0.0319,752.618,857.107,26,3276,0,25,24,24,0,3276.7,0,80,13/12/2024 14:29
4628,0,11.8515,24.4394,812.219,804.987,26,26,25,26,26,25,0,0.0336,855.61,8171.31,8171.31,804.987,3277,31,3276.7,29.1,29.1,30,30,118.515,0.0319,749.376,855.61,26,3276,0,25,24,24,0,3276.7,0,80,13/12/2024 14:29
4629,0,11.8515,24.443,811.969,805.984,26,26,25,26,26,25,0,0.0336,856.857,8171.31,8171.31,805.984,3277,31,3276.7,29.1,29.1,30,30,118.515,0.0313,749.875,856.857,26,3276,0,25,24,24,0,3276.7,0,80,13/12/2024 14:29
4630,0,11.8515,24.4538,811.969,805.486,26,26,25,26,26,25,0,0.0336,856.857,8171.31,8171.31,805.486,3277,31,3276.7,29.1,29.1,30,30,118.515,0.0319,752.119,856.857,26,3276,0,25,24,24,0,3276.7,0,80,13/12/2024 14:29
4631,0,11.8515,24.4538,811.221,805.984,26,26,25,26,26,25,0,0.0336,857.107,8171.31,8171.31,805.984,3277,31,3276.7,29.1,29.1,30,30,118.515,0.0319,748.129,857.107,26,3276,0,25,24,24,0,3276.7,0,80,13/12/2024 14:29
4632,0,11.8515,24.443,812.468,806.732,26,26,25,26,26,25,0,0.0336,857.356,8171.31,8171.31,806.732,3277,31,3276.7,29.1,29.1,30,30,118.515,0.0321,752.119,857.356,26,3276,0,25,24,24,0,3276.7,0,80,13/12/2024 14:29
4633,0,11.8515,24.4502,811.221,806.732,26,26,25,26,26,25,0,0.0336,857.855,8171.31,8171.31,806.732,3277,31,3276.7,29.1,29.1,30,30,118.515,0.0321,750.872,857.855,26,3276,0,25,24,24,0,3276.7,0,80,13/12/2024 14:29
4634,0,11.8515,24.4538,811.969,805.984,26,26,25,26,26,25,0,0.0336,857.107,8171.31,8171.31,805.984,3277,31,3276.7,29.1,29.1,30,30,118.515,0.0319,749.625,857.107,26,3276,0,25,24,24,0,3276.7,0,80,13/12/2024 14:29
4635,0,11.8515,24.443,813.715,806.234,26,26,25,26,26,25,0,0.0336,857.107,8171.31,8171.31,806.234,3277,31,3276.7,29.1,29.1,30,30,118.515,0.0319,752.368,857.107,26,3276,0,25,24,24,0,3276.7,0,80,13/12/2024 14:29
4636,0,11.8515,24.443,811.221,806.234,26,26,25,26,26,25,0,0.0336,856.109,8171.31,8171.31,806.234,3277,31,3276.7,29.1,29.1,30,30,118.515,0.0319,748.378,856.109,26,3276,0,25,24,24,0,3276.7,0,80,13/12/2024 14:29
4637,0,11.8515,24.443,812.468,805.984,26,26,25,26,26,25,0,0.0336,856.608,8171.31,8171.31,805.984,3277,31,3276.7,29.1,29.1,30,30,118.515,0.0319,750.124,856.608,26,3276,0,25,24,24,0,3276.7,0,80,13/12/2024 14:29
4638,0,11.8515,24.4502,812.219,806.234,26,26,25,26,26,25,0,0.0336,857.107,8171.31,8171.31,806.234,3277,31,3276.7,29.1,29.1,30,30,118.515,0.0316,750.623,857.107,26,3276,0,25,24,24,0,3276.7,0,80,13/12/2024 14:29
4639,0,11.8515,24.443,811.969,805.984,26,26,25,26,26,25,0,0.0336,858.353,8171.31,8171.31,805.984,3277,31,3276.7,29.1,29.1,30,30,118.515,0.0318,748.877,858.353,26,3276,0,25,24,24,0,3276.7,0,80,13/12/2024 14:29
4640,0,11.8515,24.4538,811.969,806.234,26,26,25,26,26,25,0,0.0336,858.603,8171.31,8171.31,806.234,3277,31,3276.7,29.1,29.1,30,30,118.515,0.0321,750.623,858.603,26,3276,0,25,24,24,0,3276.7,0,80,13/12/2024 14:29
4641,0,11.8515,24.4502,811.72,805.735,26,26,25,26,26,25,0,0.0336,857.855,8171.31,8171.31,805.735,3277,31,3276.7,29.1,29.1,30,30,118.515,0.0321,749.625,857.855,26,3276,0,25,24,24,0,3276.7,0,80,13/12/2024 14:29
4642,0,11.8515,24.443,812.468,805.735,26,26,25,26,26,25,0,0.0336,856.608,8171.31,8171.31,805.735,3277,31,3276.7,29.1,29.1,30,30,118.515,0.0317,749.875,856.608,26,3276,0,25,24,24,0,3276.7,0,80,13/12/2024 14:29
4643,0,11.8515,24.4502,812.219,805.984,26,26,25,26,26,25,0,0.0336,855.61,8171.31,8171.31,805.984,3277,31,3276.7,29.1,29.1,30,30,118.515,0.0318,751.87,855.61,26,3276,0,25,24,24,0,3276.7,0,80,13/12/2024 14:29
4644,0,11.8515,24.4394,812.468,805.984,26,26,25,26,26,25,0,0.0336,856.857,8171.31,8171.31,805.984,3277,31,3276.7,29.1,29.1,30,30,118.515,0.0318,748.628,856.857,26,3276,0,25,24,24,0,3276.7,0,80,13/12/2024 14:29
4645,0,11.8515,24.4502,812.967,806.732,26,26,25,26,26,25,0,0.0336,857.356,8171.31,8171.31,806.732,3277,31,3276.7,29.1,29.1,30,30,118.515,0.0318,749.875,857.356,26,3276,0,25,24,24,0,3276.7,0,80,13/12/2024 14:29
4646,0,11.8515,24.4358,812.219,805.735,26,26,25,26,26,25,0,0.0338,859.101,8171.31,8171.31,805.735,3277,31,3276.7,29.1,29.1,30,30,118.515,0.0318,750.623,859.101,26,3276,0,25,24,24,0,3276.7,0,80,13/12/2024 14:29
4647,0,11.8515,24.4502,811.221,805.984,26,26,25,26,26,25,0,0.0338,857.107,8171.31,8171.31,805.984,3277,31,3276.7,29.1,29.1,30,30,118.515,0.0318,749.625,857.107,26,3276,0,25,24,24,0,3276.7,0,80,13/12/2024 14:29
4648,0,11.8515,24.4502,812.468,805.984,26,26,25,26,26,25,0,0.0338,855.361,8171.31,8171.31,805.984,3277,31,3276.7,29.1,29.1,30,30,118.515,0.032,748.877,855.361,26,3276,0,25,24,24,0,3276.7,0,80,13/12/2024 14:29
4649,0,11.8515,24.4611,812.219,805.735,26,26,25,26,26,25,0,0.0338,857.855,8171.31,8171.31,805.735,3277,31,3276.7,29.1,29.1,30,30,118.515,0.032,750.872,857.855,26,3276,0,25,24,24,0,3276.7,0,80,13/12/2024 14:29
4650,0,11.8515,24.4502,811.72,806.982,26,26,25,26,26,25,0,0.0338,857.356,8171.31,8171.31,806.982,3277,31,3276.7,29.1,29.1,30,30,118.515,0.0324,749.376,857.356,26,3276,0,25,24,24,0,3276.7,0,80,13/12/2024 14:29
4651,0,11.8515,24.443,811.969,805.735,26,26,25,26,26,25,0,0.0338,857.107,8171.31,8171.31,805.735,3277,31,3276.7,29.1,29.1,30,30,118.515,0.032,748.628,857.107,26,3276,0,25,24,24,0,3276.7,0,80,13/12/2024 14:29
4652,0,11.8515,24.4611,812.219,805.735,26,26,25,26,26,25,0,0.0338,856.608,8171.31,8171.31,805.735,3277,31,3276.7,29.1,29.1,30,30,118.515,0.032,750.872,856.608,26,3276,0,25,24,24,0,3276.7,0,80,13/12/2024 14:29
4653,0,11.8515,24.4538,812.468,805.735,26,26,25,26,26,25,0,0.0338,856.109,8171.31,8171.31,805.735,3277,31,3276.7,29.1,29.1,30,30,118.515,0.0319,749.376,856.109,26,3276,0,25,24,24,0,3276.7,0,80,13/12/2024 14:29
4654,0,11.8515,24.4538,812.967,805.486,26,26,25,26,26,25,0,0.0338,855.86,8171.31,8171.31,805.486,3277,31,3276.7,29.1,29.1,30,30,118.515,0.0321,749.625,855.86,26,3276,0,25,24,24,0,3276.7,0,80,13/12/2024 14:29
4655,0,11.8515,24.4538,812.468,805.984,26,26,25,26,26,25,0,0.0338,857.107,8171.31,8171.31,805.984,3277,31,3276.7,29.1,29.1,30,30,118.515,0.0319,750.124,857.107,26,3276,0,25,24,24,0,3276.7,0,80,13/12/2024 14:29
4656,0,11.8515,24.443,812.219,805.984,26,26,25,26,26,25,0,0.0338,857.855,8171.31,8171.31,805.984,3277,31,3276.7,29.1,29.1,30,30,118.515,0.0321,748.877,857.855,26,3276,0,25,24,24,0,3276.7,0,80,13/12/2024 14:29
4657,0,11.8515,24.4502,812.468,805.984,26,26,25,26,26,25,0,0.0338,857.855,8171.31,8171.31,805.984,3277,31,3276.7,29.1,29.1,30,30,118.515,0.0321,749.625,857.855,26,3276,0,25,24,24,0,3276.7,0,80,13/12/2024 14:29
4658,0,11.8515,24.4502,812.219,806.234,26,26,25,26,26,25,0,0.0338,857.107,8171.31,8171.31,806.234,3277,31,3276.7,29.1,29.1,30,30,118.515,0.0318,751.371,857.107,26,3276,0,25,24,24,0,3276.7,0,80,13/12/2024 14:29
4659,0,11.8515,24.443,811.221,806.234,26,26,25,26,26,25,0,0.0338,856.608,8171.31,8171.31,806.234,3277,31,3276.7,29.1,29.1,30,30,118.515,0.032,748.877,856.608,26,3276,0,25,24,24,0,3276.7,0,80,13/12/2024 14:29
4660,0,11.8515,24.4321,812.219,806.234,26,26,25,26,26,25,0,0.0338,856.857,8171.31,8171.31,806.234,3277,31,3276.7,29.1,29.1,30,30,118.515,0.032,748.877,856.857,26,3276,0,25,24,24,0,3276.7,0,80,13/12/2024 14:29
4661,0,11.8515,24.4394,812.468,805.984,26,26,25,26,26,25,0,0.0338,857.356,8171.31,8171.31,805.984,3277,31,3276.7,29.1,29.1,30,30,118.515,0.0318,750.623,857.356,26,3276,0,25,24,24,0,3276.7,0,80,13/12/2024 14:29
4662,0,11.8515,24.4538,807.481,806.234,26,26,25,26,26,25,0,0.0338,857.855,8171.31,8171.31,806.234,3277,31,3276.7,29.1,29.1,30,30,118.515,0.0318,749.376,857.855,26,3276,0,25,24,24,0,3276.7,0,80,13/12/2024 14:29
4663,0,11.8515,24.4321,804.737,806.234,26,26,25,26,26,25,0,0.0338,857.107,8171.31,8171.31,806.234,3277,31,3276.7,29.1,29.1,30,30,118.515,0.0318,749.625,857.107,26,3276,0,25,24,24,0,3276.7,0,80,13/12/2024 14:29
4664,0,11.8515,24.443,802.493,806.732,26,26,25,26,26,25,0,0.0338,855.361,8171.31,8171.31,806.732,3277,31,3276.7,29.1,29.1,30,30,118.515,0.0315,750.623,855.361,26,3276,0,25,24,24,0,3276.7,0,80,13/12/2024 14:30
4665,0,11.8515,24.443,802.493,806.234,26,26,25,26,26,25,0,0.0338,855.61,8171.31,8171.31,806.234,3277,31,3276.7,29.1,29.1,30,30,118.515,0.0315,749.376,855.61,26,3276,0,25,24,24,0,3276.7,0,80,13/12/2024 14:30
4666,0,11.8515,24.4502,801.994,806.234,26,26,25,26,26,25,0,0.0338,857.107,8171.31,8171.31,806.234,3277,31,3276.7,29.1,29.1,30,30,118.515,0.0315,749.625,857.107,26,3276,0,25,24,24,0,3276.7,0,80,13/12/2024 14:30
4667,0,11.8515,24.4502,802.244,805.735,26,26,25,26,26,25,0,0.0338,857.855,8171.31,8171.31,805.735,3277,31,3276.7,29.1,29.1,30,30,118.515,0.0319,750.872,857.855,26,3276,0,25,24,24,0,3276.7,0,80,13/12/2024 14:30
4668,0,11.8515,24.443,801.994,805.984,26,26,25,26,26,25,0,0.0338,857.107,8171.31,8171.31,805.984,3277,31,3276.7,29.1,29.1,30,30,118.515,0.0319,749.625,857.107,26,3276,0,25,24,24,0,3276.7,0,80,13/12/2024 14:30
4669,0,11.8515,24.443,801.745,806.732,26,26,25,26,26,25,0,0.0338,855.86,8171.31,8171.31,806.732,3277,31,3276.7,29.1,29.1,30,30,118.515,0.0319,748.129,855.86,26,3276,0,25,24,24,0,3276.7,0,80,13/12/2024 14:30
4670,0,11.8515,24.4394,801.745,805.735,26,26,25,26,26,25,0,0.0338,855.86,8171.31,8171.31,805.735,3277,31,3276.7,29.1,29.1,30,30,118.515,0.0321,750.124,855.86,26,3276,0,25,24,24,0,3276.7,0,80,13/12/2024 14:30
4671,0,11.8515,24.4394,801.745,806.234,26,26,25,26,26,25,0,0.0338,857.356,8171.31,8171.31,806.234,3277,31,3276.7,29.1,29.1,30,30,118.515,0.0321,749.376,857.356,26,3276,0,25,24,24,0,3276.7,0,80,13/12/2024 14:30
4672,0,11.8515,24.443,801.745,805.735,26,26,25,26,26,25,0,0.0338,857.107,8171.31,8171.31,805.735,3277,31,3276.7,29.1,29.1,30,30,118.515,0.0319,748.877,857.107,26,3276,0,25,24,24,0,3276.7,0,80,13/12/2024 14:30
4673,0,11.8515,24.5443,801.745,805.735,26,26,25,26,26,25,0,0.0338,857.107,8171.31,8171.31,805.735,3277,31,3276.7,29.1,29.1,30,30,118.515,0.0319,750.623,857.107,26,3276,0,25,24,24,0,3276.7,0,80,13/12/2024 14:30
4674,0,11.8515,24.5443,802.244,805.735,26,26,25,26,26,25,0,0.0338,855.361,8171.31,8171.31,805.735,3277,31,3276.7,29.1,29.1,30,30,118.515,0.0314,750.124,855.361,26,3276,0,25,24,24,0,3276.7,0,80,13/12/2024 14:30
4675,0,11.8515,24.5153,801.994,806.234,26,26,25,26,26,25,0,0.0338,856.109,8171.31,8171.31,806.234,3277,31,3276.7,29.1,29.1,30,30,118.515,0.0314,748.129,856.109,26,3276,0,25,24,24,0,3276.7,0,80,13/12/2024 14:30
4676,0,11.8515,24.4502,801.246,806.982,26,26,25,26,26,25,0,0.0338,856.857,8171.31,8171.31,806.982,3277,31,3276.7,29.1,29.1,30,30,118.515,0.0318,750.124,856.857,26,3276,0,25,24,24,0,3276.7,0,80,13/12/2024 14:30
4677,0,11.8515,24.4502,800.747,805.735,26,26,25,26,26,25,0,0.0338,857.855,8171.31,8171.31,805.735,3277,31,3276.7,29.1,29.1,30,30,118.515,0.0318,750.124,857.855,26,3276,0,25,24,24,0,3276.7,0,80,13/12/2024 14:30
4678,0,11.8515,24.4502,801.745,806.234,26,26,25,26,26,25,0,0.0338,857.107,8171.31,8171.31,806.234,3277,31,3276.7,29.1,29.1,30,30,118.515,0.0318,747.63,857.107,26,3276,0,25,24,24,0,3276.7,0,80,13/12/2024 14:30
4679,0,11.8515,24.4394,801.246,806.234,26,26,25,26,26,25,0,0.0338,854.862,8171.31,8171.31,806.234,3277,31,3276.7,29.1,29.1,30,30,118.515,0.0316,749.625,854.862,26,3276,0,25,24,24,0,3276.7,0,80,13/12/2024 14:30
4680,0,11.8515,24.4394,802.493,805.486,26,26,25,26,26,25,0,0.0338,856.608,8171.31,8171.31,805.486,3277,31,3276.7,29.1,29.1,30,30,118.515,0.0322,750.124,856.608,26,3276,0,25,24,24,0,3276.7,0,80,13/12/2024 14:30
4681,0,11.8515,24.4502,801.994,805.486,26,26,25,26,26,25,0,0.0338,857.107,8171.31,8171.31,805.486,3277,31,3276.7,29.1,29.1,30,30,118.515,0.0322,749.376,857.107,26,3276,0,25,24,24,0,3276.7,0,80,13/12/2024 14:30
4682,0,11.8515,24.4394,800.997,805.984,26,26,25,26,26,25,0,0.0338,856.608,8171.31,8171.31,805.984,3277,31,3276.7,29.1,29.1,30,30,118.515,0.0322,748.628,856.608,26,3276,0,25,24,24,0,3276.7,0,80,13/12/2024 14:30
4683,0,11.8515,24.4394,802.244,805.486,26,26,25,26,26,25,0,0.0338,854.613,8171.31,8171.31,805.486,3277,31,3276.7,29.1,29.1,30,30,118.515,0.0319,750.623,854.613,26,3276,0,25,24,24,0,3276.7,0,80,13/12/2024 14:30
4684,0,11.8515,24.4611,801.994,805.486,26,26,25,26,26,25,0,0.0338,854.363,8171.31,8171.31,805.486,3277,31,3276.7,29.1,29.1,30,30,118.515,0.0319,749.875,854.363,26,3276,0,25,24,24,0,3276.7,0,80,13/12/2024 14:30
4685,0,11.8515,24.443,801.994,806.234,26,26,25,26,26,25,0,0.0338,856.109,8171.31,8171.31,806.234,3277,31,3276.7,29.1,29.1,30,30,118.515,0.0319,747.63,856.109,26,3276,0,25,24,24,0,3276.7,0,80,13/12/2024 14:30
4686,0,11.8515,24.4502,801.994,805.735,26,26,25,26,26,25,0,0.0338,856.608,8171.31,8171.31,805.735,3277,31,3276.7,29.1,29.1,30,30,118.515,0.032,750.124,856.608,26,3276,0,25,24,24,0,3276.7,0,80,13/12/2024 14:30
4687,0,11.8515,24.443,801.994,805.984,26,26,25,26,26,25,0,0.0338,854.862,8171.31,8171.31,805.984,3277,31,3276.7,29.1,29.1,30,30,118.515,0.032,750.623,854.862,26,3276,0,25,24,24,0,3276.7,0,80,13/12/2024 14:30
4688,0,11.8515,24.443,802.244,805.735,26,26,25,26,26,25,0,0.0338,854.363,8171.31,8171.31,805.735,3277,31,3276.7,29.1,29.1,30,30,118.515,0.032,748.378,854.363,26,3276,0,25,24,24,0,3276.7,0,80,13/12/2024 14:30
4689,0,11.8515,24.443,801.994,805.984,26,26,25,26,26,25,0,0.0338,854.862,8171.31,8171.31,805.984,3277,31,3276.7,29.1,29.1,30,30,118.515,0.032,748.877,854.862,26,3276,0,25,24,24,0,3276.7,0,80,13/12/2024 14:30
4690,0,11.8515,24.4502,802.493,806.982,26,26,25,26,26,25,0,0.0338,856.608,8171.31,8171.31,806.982,3277,31,3276.7,29.1,29.1,30,30,118.515,0.0323,750.124,856.608,26,3276,0,25,24,24,0,3276.7,0,80,13/12/2024 14:30
4691,0,11.8515,24.4502,801.994,806.234,26,26,25,26,26,25,0,0.0338,857.107,8171.31,8171.31,806.234,3277,31,3276.7,29.1,29.1,30,30,118.515,0.0319,749.376,857.107,26,3276,0,25,24,24,0,3276.7,0,80,13/12/2024 14:30
4692,0,11.8515,24.4394,801.745,806.234,26,26,25,26,26,25,0,0.0338,854.613,8171.31,8171.31,806.234,3277,31,3276.7,29.1,29.1,30,30,118.515,0.0319,748.129,854.613,26,3276,0,25,24,24,0,3276.7,0,80,13/12/2024 14:30
4693,0,11.8515,24.4575,802.493,806.234,26,26,25,26,26,25,0,0.0338,854.114,8171.31,8171.31,806.234,3277,31,3276.7,29.1,29.1,30,30,118.515,0.0319,750.124,854.114,26,3276,0,25,24,24,0,3276.7,0,80,13/12/2024 14:30
4694,0,11.8515,24.4538,801.246,805.486,26,26,25,26,26,25,0,0.0338,855.86,8171.31,8171.31,805.486,3277,31,3276.7,29.1,29.1,30,30,118.515,0.0314,749.875,855.86,26,3276,0,25,24,24,0,3276.7,0,80,13/12/2024 14:30
4695,0,11.8515,24.443,801.745,805.735,26,26,25,26,26,25,0,0.0338,857.107,8171.31,8171.31,805.735,3277,31,3276.7,29.1,29.1,30,30,118.515,0.0323,748.129,857.107,26,3276,0,25,24,24,0,3276.7,0,80,13/12/2024 14:30
4696,0,11.8515,24.443,801.994,805.486,26,26,25,26,26,25,0,0.0338,855.361,8171.31,8171.31,805.486,3277,31,3276.7,29.1,29.1,30,30,118.515,0.0319,749.875,855.361,26,3276,0,25,24,24,0,3276.7,0,80,13/12/2024 14:30
4697,0,11.8515,24.443,802.493,806.982,26,26,25,26,26,25,0,0.0338,854.613,8171.31,8171.31,806.982,3277,31,3276.7,29.1,29.1,30,30,118.515,0.0319,750.124,854.613,26,3276,0,25,24,24,0,3276.7,0,80,13/12/2024 14:30
4698,0,11.8515,24.4538,802.244,806.234,26,26,25,26,26,25,0,0.0338,855.61,8171.31,8171.31,806.234,3277,31,3276.7,29.1,29.1,30,30,118.515,0.032,748.129,855.61,26,3276,0,25,24,24,0,3276.7,0,80,13/12/2024 14:30
4699,0,11.8515,24.443,801.994,805.735,26,26,25,26,26,25,0,0.0338,856.109,8171.31,8171.31,805.735,3277,31,3276.7,29.1,29.1,30,30,118.515,0.0317,748.129,856.109,26,3276,0,25,24,24,0,3276.7,0,80,13/12/2024 14:30
4700,0,11.8515,24.443,802.493,805.735,26,26,25,26,26,25,0,0.0338,855.86,8171.31,8171.31,805.735,3277,31,3276.7,29.1,29.1,30,30,118.515,0.0317,750.124,855.86,26,3276,0,25,24,24,0,3276.7,0,80,13/12/2024 14:30
4701,0,11.8515,24.4502,802.244,805.735,26,26,25,26,26,25,0,0.0338,854.613,8171.31,8171.31,805.735,3277,31,3276.7,29.1,29.1,30,30,118.515,0.0324,749.875,854.613,26,3276,0,25,24,24,0,3276.7,0,80,13/12/2024 14:30
4702,0,11.8515,24.4394,801.745,806.234,26,26,25,26,26,25,0,0.0338,854.114,8171.31,8171.31,806.234,3277,31,3276.7,29.1,29.1,30,30,118.515,0.0319,747.381,854.114,26,3276,0,25,24,24,0,3276.7,0,80,13/12/2024 14:30
4703,0,11.8515,24.443,801.994,805.735,26,26,25,26,26,25,0,0.0338,855.86,8171.31,8171.31,805.735,3277,31,3276.7,29.1,29.1,30,30,118.515,0.032,749.625,855.86,26,3276,0,25,24,24,0,3276.7,0,80,13/12/2024 14:30
4704,0,11.8515,24.4538,800.498,805.984,26,26,25,26,26,25,0,0.0338,856.857,8171.31,8171.31,805.984,3277,31,3276.7,29.1,29.1,30,30,118.515,0.0325,750.124,856.857,26,3276,0,25,24,24,0,3276.7,0,80,13/12/2024 14:30
4705,0,11.8515,24.443,800.997,805.735,26,26,25,26,26,25,0,0.0338,854.862,8171.31,8171.31,805.735,3277,31,3276.7,29.1,29.1,30,30,118.515,0.0325,747.381,854.862,26,3276,0,25,24,24,0,3276.7,0,80,13/12/2024 14:30
4706,0,11.8515,24.443,801.246,805.486,26,26,25,26,26,25,0,0.0338,853.615,8171.31,8171.31,805.486,3277,31,3276.7,29.1,29.1,30,30,118.515,0.032,748.378,853.615,26,3276,0,25,24,24,0,3276.7,0,80,13/12/2024 14:30
4707,0,11.8515,24.4394,801.745,805.486,26,26,25,26,26,25,0,0.0338,856.857,8171.31,8171.31,805.486,3277,31,3276.7,29.1,29.1,30,30,118.515,0.0319,749.875,856.857,27,3276,0,25,24,24,0,3276.7,0,80,13/12/2024 14:30
4708,0,11.8515,24.443,802.244,806.234,26,26,25,26,26,25,0,0.0338,856.857,8171.31,8171.31,806.234,3277,31,3276.7,29.1,29.1,30,30,118.515,0.0319,748.129,856.857,27,3276,0,25,24,24,0,3276.7,0,80,13/12/2024 14:30
4709,0,11.8515,24.443,801.994,805.984,26,26,25,26,26,25,0,0.0338,856.109,8171.31,8171.31,805.984,3277,31,3276.7,29.1,29.1,30,30,118.515,0.0312,747.63,856.109,27,3276,0,25,24,24,0,3276.7,0,80,13/12/2024 14:30
4710,0,11.8515,24.443,801.745,805.984,26,26,25,26,26,25,0,0.0338,854.862,8171.31,8171.31,805.984,3277,31,3276.7,29.1,29.1,30,30,118.515,0.032,749.875,854.862,27,3276,0,25,24,24,0,3276.7,0,80,13/12/2024 14:30
4711,0,11.8515,24.443,801.745,805.735,26,26,25,26,26,25,0,0.0338,854.363,8171.31,8171.31,805.735,3277,31,3276.7,29.1,29.1,30,30,118.515,0.0319,749.625,854.363,27,3276,0,25,24,24,0,3276.7,0,80,13/12/2024 14:30
4712,0,11.8515,24.4538,802.244,806.234,26,26,25,26,26,25,0,0.0338,855.86,8171.31,8171.31,806.234,3277,31,3276.7,29.1,29.1,30,30,118.515,0.032,747.63,855.86,27,3276,0,25,24,24,0,3276.7,0,80,13/12/2024 14:30
4713,0,11.8515,24.443,802.244,805.984,26,26,25,26,26,25,0,0.0338,856.109,8171.31,8171.31,805.984,3277,31,3276.7,29.1,29.1,30,30,118.515,0.032,750.124,856.109,27,3276,0,25,24,24,0,3276.7,0,80,13/12/2024 14:30
4714,0,11.8515,24.4502,800.747,804.987,26,26,25,26,26,25,0,0.0338,854.862,8171.31,8171.31,804.987,3277,31,3276.7,29.1,29.1,30,30,118.515,0.0312,750.623,854.862,27,3276,0,25,24,24,0,3276.7,0,80,13/12/2024 14:30
4715,0,11.8515,24.4538,801.994,805.735,26,26,25,26,26,25,0,0.0338,853.366,8171.31,8171.31,805.735,3277,31,3276.7,29.1,29.1,30,30,118.515,0.0319,747.63,853.366,27,3276,0,25,24,24,0,3276.7,0,80,13/12/2024 14:30
4716,0,11.8515,24.4358,801.994,805.735,26,26,25,26,26,25,0,0.0338,854.114,8171.31,8171.31,805.735,3277,31,3276.7,29.1,29.1,30,30,118.515,0.0319,748.628,854.114,27,3276,0,25,24,24,0,3276.7,0,80,13/12/2024 14:30
4717,0,11.8515,24.4358,802.244,805.735,26,26,25,26,26,25,0,0.0338,855.86,8171.31,8171.31,805.735,3277,31,3276.7,29.1,29.1,30,30,118.515,0.032,750.124,855.86,27,3276,0,25,24,24,0,3276.7,0,80,13/12/2024 14:30
4718,0,11.8515,24.443,801.994,805.486,26,26,25,26,26,25,0,0.0338,856.109,8171.31,8171.31,805.486,3277,31,3276.7,29.1,29.1,30,30,118.515,0.0319,748.129,856.109,27,3276,0,25,24,24,0,3276.7,0,80,13/12/2024 14:30
4719,0,11.8515,24.4502,802.244,806.732,26,26,25,26,26,25,0,0.0338,854.613,8171.31,8171.31,806.732,3277,31,3276.7,29.1,29.1,30,30,118.515,0.0317,747.63,854.613,27,3276,0,25,24,24,0,3276.7,0,80,13/12/2024 14:30
4720,0,11.8515,24.4575,801.994,805.984,26,26,25,26,26,25,0,0.0338,854.114,8171.31,8171.31,805.984,3277,31,3276.7,29.1,29.1,30,30,118.515,0.032,749.875,854.114,27,3276,0,25,24,24,0,3276.7,0,80,13/12/2024 14:30
4721,0,11.8515,24.4502,800.997,805.735,26,26,25,26,26,25,0,0.0338,855.61,8171.31,8171.31,805.735,3277,31,3276.7,29.1,29.1,30,30,118.515,0.032,748.877,855.61,27,3276,0,25,24,24,0,3276.7,0,80,13/12/2024 14:30
4722,0,11.8515,24.4502,801.994,805.486,26,26,25,26,26,25,0,0.0338,856.857,8171.31,8171.31,805.486,3277,31,3276.7,29.1,29.1,30,30,118.515,0.0319,747.63,856.857,27,3276,0,25,24,24,0,3276.7,0,80,13/12/2024 14:30
4723,0,11.8515,24.4502,802.244,805.486,26,26,25,26,26,25,0,0.0338,855.361,8171.31,8171.31,805.486,3277,31,3276.7,29.1,29.1,30,30,118.515,0.0319,749.625,855.361,27,3276,0,25,24,24,0,3276.7,0,80,13/12/2024 14:30
4724,0,11.8515,24.4394,801.745,805.486,26,26,25,26,26,25,0,0.0338,853.366,8171.31,8171.31,805.486,3277,31,3276.7,29.1,29.1,30,30,118.515,0.0319,750.623,853.366,27,3276,0,25,24,24,0,3276.7,0,80,13/12/2024 14:31
4725,0,11.8515,24.443,801.745,805.984,26,26,25,26,26,25,0,0.0338,854.363,8171.31,8171.31,805.984,3277,31,3276.7,29.1,29.1,30,30,118.515,0.0319,747.131,854.363,27,3276,0,25,24,24,0,3276.7,0,80,13/12/2024 14:31
4726,0,11.8515,24.443,801.745,805.486,26,26,25,26,26,25,0,0.0338,856.109,8171.31,8171.31,805.486,3277,31,3276.7,29.1,29.1,30,30,118.515,0.0319,748.877,856.109,27,3276,0,25,24,24,0,3276.7,0,80,13/12/2024 14:31
4727,0,11.8515,24.4502,801.994,805.486,26,26,25,26,26,25,0,0.0338,855.61,8171.31,8171.31,805.486,3277,31,3276.7,29.1,29.1,30,30,118.515,0.0319,750.124,855.61,27,3276,0,25,24,24,0,3276.7,0,80,13/12/2024 14:31
4728,0,11.8515,24.443,802.493,805.486,26,26,25,26,26,25,0,0.0338,854.613,8171.31,8171.31,805.486,3277,31,3276.7,29.1,29.1,30,30,118.515,0.0321,748.628,854.613,27,3276,0,25,24,24,0,3276.7,0,80,13/12/2024 14:31
4729,0,11.8515,24.4538,801.994,805.735,26,26,25,26,26,25,0,0.0338,854.363,8171.31,8171.31,805.735,3277,31,3276.7,29.1,29.1,30,30,118.515,0.0321,747.63,854.363,27,3276,0,25,24,24,0,3276.7,0,80,13/12/2024 14:31
4730,0,11.8515,24.4538,800.997,805.486,26,26,25,26,26,25,0,0.0338,855.361,8171.31,8171.31,805.486,3277,31,3276.7,29.1,29.1,30,30,118.515,0.0321,749.376,855.361,27,3276,0,25,24,24,0,3276.7,0,80,13/12/2024 14:31
4731,0,11.8515,24.4502,801.745,805.984,26,26,25,26,26,25,0,0.0338,855.61,8171.31,8171.31,805.984,3277,31,3276.7,29.1,29.1,30,30,118.515,0.0319,749.875,855.61,27,3276,0,25,24,24,0,3276.7,0,80,13/12/2024 14:31
4732,0,11.8515,24.4502,802.244,805.735,26,26,25,26,26,25,0,0.0338,855.361,8171.31,8171.31,805.735,3277,31,3276.7,29.1,29.1,30,30,118.515,0.0319,747.131,855.361,27,3276,0,25,24,24,0,3276.7,0,80,13/12/2024 14:31
4733,0,11.8515,24.4394,802.244,804.987,26,26,25,26,26,25,0,0.0338,854.114,8171.31,8171.31,804.987,3277,31,3276.7,29.1,29.1,30,30,118.515,0.032,749.625,854.114,27,3276,0,25,24,24,0,3276.7,0,80,13/12/2024 14:31
4734,0,11.8515,24.443,801.246,805.486,26,26,25,26,26,25,0,0.0338,854.114,8171.31,8171.31,805.486,3277,31,3276.7,29.1,29.1,30,30,118.515,0.0309,748.877,854.114,27,3276,0,25,24,24,0,3276.7,0,80,13/12/2024 14:31
4735,0,11.8515,24.4502,801.994,805.735,26,26,25,26,26,25,0,0.0338,855.86,8171.31,8171.31,805.735,3277,31,3276.7,29.1,29.1,30,30,118.515,0.0326,747.63,855.86,27,3276,0,25,24,24,0,3276.7,0,80,13/12/2024 14:31
4736,0,11.8515,24.443,802.244,805.735,26,26,25,26,26,25,0,0.0338,856.857,8171.31,8171.31,805.735,3277,31,3276.7,29.1,29.1,30,30,118.515,0.0321,748.877,856.857,27,3276,0,25,24,24,0,3276.7,0,80,13/12/2024 14:31
4737,0,11.8515,24.4538,801.745,805.486,26,26,25,26,26,25,0,0.0338,855.361,8171.31,8171.31,805.486,3277,31,3276.7,29.1,29.1,30,30,118.515,0.0321,749.625,855.361,27,3276,0,25,24,24,0,3276.7,0,80,13/12/2024 14:31
4738,0,11.8515,24.4502,801.745,805.486,26,26,25,26,26,25,0,0.0338,854.363,8171.31,8171.31,805.486,3277,31,3276.7,29.1,29.1,30,30,118.515,0.0321,747.63,854.363,27,3276,0,25,24,24,0,3276.7,0,80,13/12/2024 14:31
4739,0,11.8515,24.4502,801.745,804.987,26,26,25,26,26,25,0,0.0338,854.613,8171.31,8171.31,804.987,3277,31,3276.7,29.1,29.1,30,30,118.515,0.0312,749.875,854.613,27,3276,0,25,24,24,0,3276.7,0,80,13/12/2024 14:31
4740,0,11.8515,24.4394,801.994,804.987,26,26,25,26,26,25,0,0.0338,854.862,8171.31,8171.31,804.987,3277,31,3276.7,29.1,29.1,30,30,118.515,0.0312,749.625,854.862,27,3276,0,25,24,24,0,3276.7,0,80,13/12/2024 14:31
4741,0,11.8515,24.4538,802.244,805.486,26,26,25,26,26,25,0,0.0338,856.109,8171.31,8171.31,805.486,3277,31,3276.7,29.1,29.1,30,30,118.515,0.0321,747.381,856.109,27,3276,0,25,24,24,0,3276.7,0,80,13/12/2024 14:31
4742,0,11.8515,24.4538,801.246,805.735,26,26,25,26,26,25,0,0.0338,856.109,8171.31,8171.31,805.735,3277,31,3276.7,29.1,29.1,30,30,118.515,0.0317,749.376,856.109,27,3276,0,25,24,24,0,3276.7,0,80,13/12/2024 14:31
4743,0,11.8515,24.4538,801.994,805.486,26,26,25,26,26,25,0,0.0338,854.862,8171.31,8171.31,805.486,3277,31,3276.7,29.1,29.1,30,30,118.515,0.032,750.124,854.862,27,3276,0,25,24,24,0,3276.7,0,80,13/12/2024 14:31
4744,0,11.8515,24.443,802.244,804.987,26,26,25,26,26,25,0,0.0338,854.363,8171.31,8171.31,804.987,3277,31,3276.7,29.1,29.1,30,30,118.515,0.0315,747.63,854.363,27,3276,0,25,24,24,0,3276.7,0,80,13/12/2024 14:31
4745,0,11.8515,24.4358,801.745,805.735,26,26,25,26,26,25,0,0.0338,854.613,8171.31,8171.31,805.735,3277,31,3276.7,29.1,29.1,30,30,118.515,0.0315,748.628,854.613,27,3276,0,25,24,24,0,3276.7,0,80,13/12/2024 14:31
4746,0,11.8515,24.4538,801.994,805.735,26,26,25,26,26,25,0,0.0338,855.86,8171.31,8171.31,805.735,3277,31,3276.7,29.1,29.1,30,30,118.515,0.032,748.877,855.86,27,3276,0,25,24,24,0,3276.7,0,80,13/12/2024 14:31
4747,0,11.8515,24.443,801.994,805.984,26,26,25,26,26,25,0,0.0338,856.608,8171.31,8171.31,805.984,3277,31,3276.7,29.1,29.1,30,30,118.515,0.0319,747.63,856.608,27,3276,0,25,24,24,0,3276.7,0,80,13/12/2024 14:31
4748,0,11.8515,24.4394,801.246,805.486,26,26,25,26,26,25,0,0.0338,855.86,8171.31,8171.31,805.486,3277,31,3276.7,29.1,29.1,30,30,118.515,0.0319,749.625,855.86,27,3276,0,25,24,24,0,3276.7,0,80,13/12/2024 14:31
4749,0,11.8515,24.443,801.994,805.735,26,26,25,26,26,25,0,0.0338,854.613,8171.31,8171.31,805.735,3277,31,3276.7,29.1,29.1,30,30,118.515,0.0319,748.378,854.613,27,3276,0,25,24,24,0,3276.7,0,80,13/12/2024 14:31
4750,0,11.8515,24.4502,801.745,806.234,26,26,25,26,26,25,0,0.0338,854.363,8171.31,8171.31,806.234,3277,31,3276.7,29.1,29.1,30,30,118.515,0.0321,747.131,854.363,27,3276,0,25,24,24,0,3276.7,0,80,13/12/2024 14:31
4751,0,11.8515,24.4502,801.994,805.984,26,26,25,26,26,25,0,0.0338,854.613,8171.31,8171.31,805.984,3277,31,3276.7,29.1,29.1,30,30,118.515,0.0319,748.877,854.613,27,3276,0,25,24,24,0,3276.7,0,80,13/12/2024 14:31
4752,0,11.8515,24.4394,801.994,805.486,26,26,25,26,26,25,0,0.0338,856.109,8171.31,8171.31,805.486,3277,31,3276.7,29.1,29.1,30,30,118.515,0.0319,747.63,856.109,27,3276,0,25,24,24,0,3276.7,0,80,13/12/2024 14:31
4753,0,11.8515,24.4538,800.997,805.984,26,26,25,26,26,25,0,0.0338,854.862,8171.31,8171.31,805.984,3277,31,3276.7,29.1,29.1,30,30,118.515,0.0319,747.381,854.862,27,3276,0,25,24,24,0,3276.7,0,80,13/12/2024 14:31
4754,0,11.8515,24.4502,801.745,804.987,26,26,25,26,26,25,0,0.0338,855.361,8171.31,8171.31,804.987,3277,31,3276.7,29.1,29.1,30,30,118.515,0.0314,748.628,855.361,27,3276,0,25,24,24,0,3276.7,0,80,13/12/2024 14:31
4755,0,11.8515,24.4538,801.745,804.987,26,26,25,26,26,25,0,0.0338,854.114,8171.31,8171.31,804.987,3277,31,3276.7,29.1,29.1,30,30,118.515,0.0322,748.129,854.114,27,3276,0,25,24,24,0,3276.7,0,80,13/12/2024 14:31
4756,0,11.8515,24.443,801.246,805.984,26,26,25,26,26,25,0,0.0338,854.363,8171.31,8171.31,805.984,3277,31,3276.7,29.1,29.1,30,30,118.515,0.0322,747.381,854.363,27,3276,0,25,24,24,0,3276.7,0,80,13/12/2024 14:31
4757,0,11.8515,24.4502,801.745,805.486,26,26,25,26,26,25,0,0.0338,855.61,8171.31,8171.31,805.486,3277,31,3276.7,29.1,29.1,30,30,118.515,0.032,749.625,855.61,27,3276,0,25,24,24,0,3276.7,0,80,13/12/2024 14:31
4758,0,11.8515,24.4538,800.997,805.735,26,26,25,26,26,25,0,0.0338,856.109,8171.31,8171.31,805.735,3277,31,3276.7,29.1,29.1,30,30,118.515,0.032,748.129,856.109,27,3276,0,25,24,24,0,3276.7,0,80,13/12/2024 14:31
4759,0,11.8515,24.4502,802.244,804.987,26,26,25,26,26,25,0,0.0338,855.86,8171.31,8171.31,804.987,3277,31,3276.7,29.1,29.1,30,30,118.515,0.0314,746.882,855.86,27,3276,0,25,24,24,0,3276.7,0,80,13/12/2024 14:31
4760,0,11.8515,24.4358,802.244,805.735,26,26,25,26,26,25,0,0.0338,854.613,8171.31,8171.31,805.735,3277,31,3276.7,29.1,29.1,30,30,118.515,0.0318,749.875,854.613,27,3276,0,25,24,24,0,3276.7,0,80,13/12/2024 14:31
4761,0,11.8515,24.4394,801.994,805.486,26,26,25,26,26,25,0,0.0338,854.363,8171.31,8171.31,805.486,3277,31,3276.7,29.1,29.1,30,30,118.515,0.0318,748.129,854.363,27,3276,0,25,24,24,0,3276.7,0,80,13/12/2024 14:31
4762,0,11.8515,24.4502,801.745,805.735,26,26,25,26,26,25,0,0.0338,854.613,8171.31,8171.31,805.735,3277,31,3276.7,29.1,29.1,30,30,118.515,0.0322,747.131,854.613,27,3276,0,25,24,24,0,3276.7,0,80,13/12/2024 14:31
4763,0,11.8515,24.4502,802.992,805.735,26,26,25,26,26,25,0,0.0338,856.608,8171.31,8171.31,805.735,3277,31,3276.7,29.1,29.1,30,30,118.515,0.0322,749.625,856.608,27,3276,0,25,24,24,0,3276.7,0,80,13/12/2024 14:31
4764,0,11.8515,24.4394,800.997,805.486,26,26,25,26,26,25,0,0.0338,854.862,8171.31,8171.31,805.486,3277,31,3276.7,29.1,29.1,30,30,118.515,0.0322,748.877,854.862,27,3276,0,25,24,24,0,3276.7,0,80,13/12/2024 14:31
4765,0,11.8515,24.4394,801.994,805.486,26,26,25,26,26,25,0,0.0338,854.613,8171.31,8171.31,805.486,3277,31,3276.7,29.1,29.1,30,30,118.515,0.032,747.63,854.613,27,3276,0,25,24,24,0,3276.7,0,80,13/12/2024 14:31
4766,0,11.8515,24.4502,801.994,805.735,26,26,25,26,26,25,0,0.0338,853.615,8171.31,8171.31,805.735,3277,31,3276.7,29.1,29.1,30,30,118.515,0.0323,748.877,853.615,27,3276,0,25,24,24,0,3276.7,0,80,13/12/2024 14:31
4767,0,11.8515,24.4394,801.994,805.486,26,26,25,26,26,25,0,0.0338,855.86,8171.31,8171.31,805.486,3277,31,3276.7,29.1,29.1,30,30,118.515,0.0321,749.625,855.86,27,3276,0,25,24,24,0,3276.7,0,80,13/12/2024 14:31
4768,0,11.8515,24.4502,801.745,805.486,26,26,25,26,26,25,0,0.0338,856.857,8171.31,8171.31,805.486,3277,31,3276.7,29.1,29.1,30,30,118.515,0.0319,747.63,856.857,27,3276,0,25,24,24,0,3276.7,0,80,13/12/2024 14:31
4769,0,11.8515,24.443,801.994,805.735,26,26,25,26,26,25,0,0.0338,854.613,8171.31,8171.31,805.735,3277,31,3276.7,29.1,29.1,30,30,118.515,0.0319,748.129,854.613,27,3276,0,25,24,24,0,3276.7,0,80,13/12/2024 14:31
4770,0,11.8515,24.4502,802.244,804.987,26,26,25,26,26,25,0,0.0338,854.862,8171.31,8171.31,804.987,3277,31,3276.7,29.1,29.1,30,30,118.515,0.0325,748.877,854.862,27,3276,0,25,24,24,0,3276.7,0,80,13/12/2024 14:31
4771,0,11.8515,24.4394,801.994,805.735,26,26,25,26,26,25,0,0.0338,854.613,8171.31,8171.31,805.735,3277,31,3276.7,29.1,29.1,30,30,118.515,0.0325,747.63,854.613,27,3276,0,25,24,24,0,3276.7,0,80,13/12/2024 14:31
4772,0,11.8515,24.4502,802.244,806.234,26,26,25,26,26,25,0,0.0338,856.857,8171.31,8171.31,806.234,3277,31,3276.7,29.1,29.1,30,30,118.515,0.0318,747.63,856.857,27,3276,0,25,24,24,0,3276.7,0,80,13/12/2024 14:31
4773,0,11.8515,24.4502,801.745,805.486,26,26,25,26,26,25,0,0.0338,855.361,8171.31,8171.31,805.486,3277,31,3276.7,29.1,29.1,30,30,118.515,0.0317,748.877,855.361,27,3276,0,25,24,24,0,3276.7,0,80,13/12/2024 14:31
4774,0,11.8515,24.4502,802.244,805.735,26,26,25,26,26,25,0,0.0338,854.363,8171.31,8171.31,805.735,3277,31,3276.7,29.1,29.1,30,30,118.515,0.0316,748.877,854.363,27,3276,0,25,24,24,0,3276.7,0,80,13/12/2024 14:31
4775,0,11.8515,24.4538,802.244,806.732,26,26,25,26,26,25,0,0.0338,854.862,8171.31,8171.31,806.732,3277,31,3276.7,29.1,29.1,30,30,118.515,0.0325,747.381,854.862,27,3276,0,25,24,24,0,3276.7,0,80,13/12/2024 14:31
4776,0,11.8515,24.443,802.244,805.486,26,26,25,26,26,25,0,0.0338,856.857,8171.31,8171.31,805.486,3277,31,3276.7,29.1,29.1,30,30,118.515,0.0319,747.63,856.857,27,3276,0,25,24,24,0,3276.7,0,80,13/12/2024 14:31
4777,0,11.8515,24.4502,802.493,805.735,26,26,25,26,26,25,0,0.0338,855.86,8171.31,8171.31,805.735,3277,31,3276.7,29.1,29.1,30,30,118.515,0.0319,749.875,855.86,27,3276,0,25,24,24,0,3276.7,0,80,13/12/2024 14:31
4778,0,11.8515,24.4502,801.994,805.984,26,26,25,26,26,25,0,0.0338,854.363,8171.31,8171.31,805.984,3277,31,3276.7,29.1,29.1,30,30,118.515,0.0322,747.63,854.363,27,3276,0,25,24,24,0,3276.7,0,80,13/12/2024 14:31
4779,0,11.8515,24.4358,801.994,805.735,26,26,25,26,26,25,0,0.0338,854.363,8171.31,8171.31,805.735,3277,31,3276.7,29.1,29.1,30,30,118.515,0.0311,747.381,854.363,27,3276,0,25,24,24,0,3276.7,0,80,13/12/2024 14:31
4780,0,11.8515,24.4358,801.745,805.735,26,26,25,26,26,25,0,0.0338,855.361,8171.31,8171.31,805.735,3277,31,3276.7,29.1,29.1,30,30,118.515,0.0311,748.877,855.361,27,3276,0,25,24,24,0,3276.7,0,80,13/12/2024 14:31
4781,0,11.8515,24.5443,802.244,804.987,26,26,25,26,26,25,0,0.0338,856.109,8171.31,8171.31,804.987,3277,31,3276.7,29.1,29.1,30,30,118.515,0.0318,748.877,856.109,27,3276,0,25,24,24,0,3276.7,0,80,13/12/2024 14:31
4782,0,11.8515,24.5443,801.994,805.735,26,26,25,26,26,25,0,0.0338,855.361,8171.31,8171.31,805.735,3277,31,3276.7,29.1,29.1,30,30,118.515,0.0321,747.381,855.361,27,3276,0,25,24,24,0,3276.7,0,80,13/12/2024 14:31
4783,0,11.8515,24.4502,801.745,804.987,26,26,25,26,26,25,0,0.0338,854.613,8171.31,8171.31,804.987,3277,31,3276.7,29.1,29.1,30,30,118.515,0.0322,748.378,854.613,27,3276,0,25,24,24,0,3276.7,0,80,13/12/2024 14:31
4784,0,11.8515,24.443,801.994,806.732,26,26,25,26,26,25,0,0.0338,855.86,8171.31,8171.31,806.732,3277,31,3276.7,29.1,29.1,30,30,118.515,0.0315,748.628,855.86,27,3276,0,25,24,24,0,3276.7,0,80,13/12/2024 14:32
4785,0,11.8515,24.4502,801.994,805.984,26,26,25,26,26,25,0,0.0338,855.86,8171.31,8171.31,805.984,3277,31,3276.7,29.1,29.1,30,30,118.515,0.0315,747.63,855.86,27,3276,0,25,24,24,0,3276.7,0,80,13/12/2024 14:32
4786,0,11.8515,24.4358,802.493,805.735,26,26,25,26,26,25,0,0.0338,854.114,8171.31,8171.31,805.735,3277,31,3276.7,29.1,29.1,30,30,118.515,0.0319,747.381,854.114,27,3276,0,25,24,24,0,3276.7,0,80,13/12/2024 14:32
4787,0,11.8515,24.443,801.745,805.735,26,26,25,26,26,25,0,0.0338,854.363,8171.31,8171.31,805.735,3277,31,3276.7,29.1,29.1,30,30,118.515,0.0319,749.376,854.363,27,3276,0,25,24,24,0,3276.7,0,80,13/12/2024 14:32
4788,0,11.8515,24.4538,801.246,805.486,26,26,25,26,26,25,0,0.0338,855.61,8171.31,8171.31,805.486,3277,31,3276.7,29.1,29.1,30,30,118.515,0.0319,749.875,855.61,27,3276,0,25,24,24,0,3276.7,0,80,13/12/2024 14:32
4789,0,11.8515,24.4502,802.493,804.987,26,26,25,26,26,25,0,0.0338,856.608,8171.31,8171.31,804.987,3277,31,3276.7,29.1,29.1,30,30,118.515,0.0319,747.131,856.608,27,3276,0,25,24,24,0,3276.7,0,80,13/12/2024 14:32
4790,0,11.8515,24.443,801.994,805.735,26,26,25,26,26,25,0,0.0339,855.61,8171.31,8171.31,805.735,3277,31,3276.7,29.1,29.1,30,30,118.515,0.032,746.882,855.61,27,3276,0,25,24,24,0,3276.7,0,80,13/12/2024 14:32
4791,0,11.8515,24.443,801.994,804.987,26,26,25,26,26,25,0,0.0337,854.114,8171.31,8171.31,804.987,3277,31,3276.7,29.1,29.1,30,30,118.515,0.0319,748.378,854.114,27,3276,0,25,24,24,0,3276.7,0,80,13/12/2024 14:32
4792,0,11.8515,24.4502,802.244,805.984,26,26,25,26,26,25,0,0.0337,854.613,8171.31,8171.31,805.984,3277,31,3276.7,29.1,29.1,30,30,118.515,0.0321,747.63,854.613,27,3276,0,25,24,24,0,3276.7,0,80,13/12/2024 14:32
4793,0,11.8515,24.4394,802.244,805.486,26,26,25,26,26,25,0,0.0337,856.109,8171.31,8171.31,805.486,3277,31,3276.7,29.1,29.1,30,30,118.515,0.0321,746.882,856.109,27,3276,0,25,24,24,0,3276.7,0,80,13/12/2024 14:32
4794,0,11.8515,24.443,802.244,805.486,26,26,25,26,26,25,0,0.0337,855.361,8171.31,8171.31,805.486,3277,31,3276.7,29.1,29.1,30,30,118.515,0.0319,748.628,855.361,27,3276,0,25,24,24,0,3276.7,0,80,13/12/2024 14:32
4795,0,11.8515,24.4502,801.745,805.486,26,26,25,26,26,25,0,0.0337,854.613,8171.31,8171.31,805.486,3277,31,3276.7,29.1,29.1,30,30,118.515,0.0321,748.628,854.613,27,3276,0,25,24,24,0,3276.7,0,80,13/12/2024 14:32
4796,0,11.8515,24.443,801.745,804.987,26,26,25,26,26,25,0,0.0337,854.613,8171.31,8171.31,804.987,3277,31,3276.7,29.1,29.1,30,30,118.515,0.0321,747.381,854.613,27,3276,0,25,24,24,0,3276.7,0,80,13/12/2024 14:32
4797,0,11.8515,24.4394,801.994,805.735,26,26,25,26,26,25,0,0.0337,855.361,8171.31,8171.31,805.735,3277,31,3276.7,29.1,29.1,30,30,118.515,0.0321,748.129,855.361,27,3276,0,25,24,24,0,3276.7,0,80,13/12/2024 14:32
4798,0,11.8515,24.443,801.994,805.735,26,26,25,26,26,25,0,0.0337,855.61,8171.31,8171.31,805.735,3277,31,3276.7,29.1,29.1,30,30,118.515,0.0319,749.875,855.61,27,3276,0,25,24,24,0,3276.7,0,80,13/12/2024 14:32
4799,0,11.8515,24.443,801.994,805.486,26,26,25,26,26,25,0,0.0337,855.86,8171.31,8171.31,805.486,3277,31,3276.7,29.1,29.1,30,30,118.515,0.0315,746.882,855.86,27,3276,0,25,24,24,0,3276.7,0,80,13/12/2024 14:32
4800,0,11.8515,24.4575,801.745,804.987,26,26,25,26,26,25,0,0.0337,854.114,8171.31,8171.31,804.987,3277,31,3276.7,29.1,29.1,30,30,118.515,0.0322,747.63,854.114,27,3276,0,25,24,24,0,3276.7,0,80,13/12/2024 14:32
4801,0,11.8515,24.4502,800.997,805.486,26,26,25,26,26,25,0,0.0337,854.613,8171.31,8171.31,805.486,3277,31,3276.7,29.1,29.1,30,30,118.515,0.0322,749.625,854.613,27,3276,0,25,24,24,0,3276.7,0,80,13/12/2024 14:32
4802,0,11.8515,24.443,802.493,804.987,26,26,25,26,26,25,0,0.0337,855.86,8171.31,8171.31,804.987,3277,31,3276.7,29.1,29.1,30,30,118.515,0.0316,747.63,855.86,27,3276,0,25,24,24,0,3276.7,0,80,13/12/2024 14:32
4803,0,11.8515,24.443,801.246,805.486,26,26,25,26,26,25,0,0.0337,856.109,8171.31,8171.31,805.486,3277,31,3276.7,29.1,29.1,30,30,118.515,0.0317,747.381,856.109,27,3276,0,25,24,24,0,3276.7,0,80,13/12/2024 14:32
4804,0,11.8515,24.443,801.994,805.984,26,26,25,26,26,25,0,0.0337,855.361,8171.31,8171.31,805.984,3277,31,3276.7,29.1,29.1,30,30,118.515,0.0317,749.875,855.361,27,3276,0,25,24,24,0,3276.7,0,80,13/12/2024 14:32
4805,0,11.8515,24.4575,801.246,805.735,26,26,25,26,26,25,0,0.0337,854.363,8171.31,8171.31,805.735,3277,31,3276.7,29.1,29.1,30,30,118.515,0.0322,747.131,854.363,27,3276,0,25,24,24,0,3276.7,0,80,13/12/2024 14:32
4806,0,11.8515,24.443,800.997,804.987,26,26,25,26,26,25,0,0.0337,854.363,8171.31,8171.31,804.987,3277,31,3276.7,29.1,29.1,30,30,118.515,0.0319,748.129,854.363,27,3276,0,25,24,24,0,3276.7,0,80,13/12/2024 14:32
4807,0,11.8515,24.4394,800.747,805.486,26,26,25,26,26,25,0,0.0337,854.862,8171.31,8171.31,805.486,3277,31,3276.7,29.1,29.1,30,30,118.515,0.0319,748.877,854.862,27,3276,0,25,24,24,0,3276.7,0,80,13/12/2024 14:32
4808,0,11.8515,24.443,801.994,805.486,26,26,25,26,26,25,0,0.0337,856.109,8171.31,8171.31,805.486,3277,31,3276.7,29.1,29.1,30,30,118.515,0.0322,747.381,856.109,27,3276,0,25,24,24,0,3276.7,0,80,13/12/2024 14:32
4809,0,11.8515,24.4502,802.244,804.987,26,26,25,26,26,25,0,0.0337,855.361,8171.31,8171.31,804.987,3277,31,3276.7,29.1,29.1,30,30,118.515,0.0322,747.381,855.361,27,3276,0,25,24,24,0,3276.7,0,80,13/12/2024 14:32
4810,0,11.8515,24.4502,801.994,805.735,26,26,25,26,26,25,0,0.0337,854.862,8171.31,8171.31,805.735,3277,31,3276.7,29.1,29.1,30,30,118.515,0.0324,749.625,854.862,27,3276,0,25,24,24,0,3276.7,0,80,13/12/2024 14:32
4811,0,11.8515,24.4394,801.246,805.984,26,26,25,26,26,25,0,0.0337,854.363,8171.31,8171.31,805.984,3277,31,3276.7,29.1,29.1,30,30,118.515,0.0319,747.63,854.363,27,3276,0,25,24,24,0,3276.7,0,80,13/12/2024 14:32
4812,0,11.8515,24.443,802.244,805.735,26,26,25,26,26,25,0,0.0337,854.613,8171.31,8171.31,805.735,3277,31,3276.7,29.1,29.1,30,30,118.515,0.0319,748.129,854.613,27,3276,0,25,24,24,0,3276.7,0,80,13/12/2024 14:32
4813,0,11.8515,24.4502,801.994,805.735,26,26,25,26,26,25,0,0.0337,854.613,8171.31,8171.31,805.735,3277,31,3276.7,29.1,29.1,30,30,118.515,0.0319,749.376,854.613,27,3276,0,25,24,24,0,3276.7,0,80,13/12/2024 14:32
4814,0,11.8515,24.4502,801.994,805.735,26,26,25,26,26,25,0,0.0337,857.107,8171.31,8171.31,805.735,3277,31,3276.7,29.1,29.1,30,30,118.515,0.0315,746.134,857.107,27,3276,0,25,24,24,0,3276.7,0,80,13/12/2024 14:32
4815,0,11.8515,24.443,801.246,805.735,26,26,25,26,26,25,0,0.0337,856.109,8171.31,8171.31,805.735,3277,31,3276.7,29.1,29.1,30,30,118.515,0.0322,748.129,856.109,27,3276,0,25,24,24,0,3276.7,0,80,13/12/2024 14:32
4816,0,11.8515,24.4394,801.745,804.987,26,26,25,26,26,25,0,0.0337,854.862,8171.31,8171.31,804.987,3277,31,3276.7,29.1,29.1,30,30,118.515,0.0322,748.628,854.862,27,3276,0,25,24,24,0,3276.7,0,80,13/12/2024 14:32
4817,0,11.8515,24.4394,801.745,805.486,26,26,25,26,26,25,0,0.0337,854.613,8171.31,8171.31,805.486,3277,31,3276.7,29.1,29.1,30,30,118.515,0.0322,745.885,854.613,27,3276,0,25,24,24,0,3276.7,0,80,13/12/2024 14:32
4818,0,11.8515,24.4394,801.246,805.486,26,26,25,26,26,25,0,0.0337,854.862,8171.31,8171.31,805.486,3277,31,3276.7,29.1,29.1,30,30,118.515,0.0319,748.877,854.862,27,3276,0,25,24,24,0,3276.7,0,80,13/12/2024 14:32
4819,0,11.8515,24.5407,801.994,806.234,26,26,25,26,26,25,0,0.0337,854.363,8171.31,8171.31,806.234,3277,31,3276.7,29.1,29.1,30,30,118.515,0.0323,747.381,854.363,27,3276,0,25,24,24,0,3276.7,0,80,13/12/2024 14:32
4820,0,11.8515,24.5407,801.246,805.735,26,26,25,26,26,25,0,0.0337,855.86,8171.31,8171.31,805.735,3277,31,3276.7,29.1,29.1,30,30,118.515,0.0319,748.129,855.86,27,3276,0,25,24,24,0,3276.7,0,80,13/12/2024 14:32
4821,0,11.8515,24.443,801.745,805.735,26,26,25,26,26,25,0,0.0337,856.109,8171.31,8171.31,805.735,3277,31,3276.7,29.1,29.1,30,30,118.515,0.0321,749.376,856.109,27,3276,0,25,24,24,0,3276.7,0,80,13/12/2024 14:32
4822,0,11.8515,24.4538,801.745,804.987,26,26,25,26,26,25,0,0.0337,855.86,8171.31,8171.31,804.987,3277,31,3276.7,29.1,29.1,30,30,118.515,0.032,746.134,855.86,27,3276,0,25,24,24,0,3276.7,0,80,13/12/2024 14:32
4823,0,11.8515,24.4538,801.745,804.987,26,26,25,26,26,25,0,0.0337,855.86,8171.31,8171.31,804.987,3277,31,3276.7,29.1,29.1,30,30,118.515,0.032,746.134,855.86,27,3276,0,25,24,24,0,3276.7,0,80,13/12/2024 14:32
4824,0,11.8515,24.4538,801.745,804.987,26,26,25,26,26,25,0,0.0337,855.86,8171.31,8171.31,804.987,3277,31,3276.7,29.1,29.1,30,30,118.515,0.032,746.134,855.86,27,3276,0,25,24,24,0,3276.7,0,80,13/12/2024 14:32
4825,0,11.8515,24.4538,801.745,804.987,26,26,25,26,26,25,0,0.0337,855.86,8171.31,8171.31,804.987,3277,31,3276.7,29.1,29.1,30,30,118.515,0.032,746.134,855.86,27,3276,0,25,24,24,0,3276.7,0,80,13/12/2024 14:32
4826,0,11.8515,24.4538,801.745,804.987,26,26,25,26,26,25,0,0.0337,855.86,8171.31,8171.31,804.987,3277,31,3276.7,29.1,29.1,30,30,118.515,0.032,746.134,855.86,27,3276,0,25,24,24,0,3276.7,0,80,13/12/2024 14:32
4827,0,11.8515,24.4538,801.745,804.987,26,26,25,26,26,25,0,0.0337,855.86,8171.31,8171.31,804.987,3277,31,3276.7,29.1,29.1,30,30,118.515,0.032,746.134,855.86,27,3276,0,25,24,24,0,3276.7,0,80,13/12/2024 14:32
4828,0,11.8515,24.4538,801.745,804.987,26,26,25,26,26,25,0,0.0337,855.86,8171.31,8171.31,804.987,3277,31,3276.7,29.1,29.1,30,30,118.515,0.032,746.134,855.86,27,3276,0,25,24,24,0,3276.7,0,80,13/12/2024 14:32
4829,0,11.8515,24.4538,801.745,804.987,26,26,25,26,26,25,0,0.0337,855.86,8171.31,8171.31,804.987,3277,31,3276.7,29.1,29.1,30,30,118.515,0.032,746.134,855.86,27,3276,0,25,24,24,0,3276.7,0,80,13/12/2024 14:32
4830,0,11.8515,24.4538,801.745,804.987,26,26,25,26,26,25,0,0.0337,855.86,8171.31,8171.31,804.987,3277,31,3276.7,29.1,29.1,30,30,118.515,0.032,746.134,855.86,27,3276,0,25,24,24,0,3276.7,0,80,13/12/2024 14:32
4831,0,11.8515,24.4538,801.745,804.987,26,26,25,26,26,25,0,0.0337,855.86,8171.31,8171.31,804.987,3277,31,3276.7,29.1,29.1,30,30,118.515,0.032,746.134,855.86,27,3276,0,25,24,24,0,3276.7,0,80,13/12/2024 14:32
4832,0,11.8515,24.4538,801.745,804.987,26,26,25,26,26,25,0,0.0337,855.86,8171.31,8171.31,804.987,3277,31,3276.7,29.1,29.1,30,30,118.515,0.032,746.134,855.86,27,3276,0,25,24,24,0,3276.7,0,80,13/12/2024 14:32
4833,0,11.8515,24.4538,801.745,804.987,26,26,25,26,26,25,0,0.0337,855.86,8171.31,8171.31,804.987,3277,31,3276.7,29.1,29.1,30,30,118.515,0.032,746.134,855.86,27,3276,0,25,24,24,0,3276.7,0,80,13/12/2024 14:32
4834,0,11.8515,24.4538,801.745,804.987,26,26,25,26,26,25,0,0.0337,855.86,8171.31,8171.31,804.987,3277,31,3276.7,29.1,29.1,30,30,118.515,0.032,746.134,855.86,27,3276,0,25,24,24,0,3276.7,0,80,13/12/2024 14:32
4835,0,11.8515,24.4538,801.745,804.987,26,26,25,26,26,25,0,0.0337,855.86,8171.31,8171.31,804.987,3277,31,3276.7,29.1,29.1,30,30,118.515,0.032,746.134,855.86,27,3276,0,25,24,24,0,3276.7,0,80,13/12/2024 14:32
4836,0,11.8515,24.4538,801.745,804.987,26,26,25,26,26,25,0,0.0337,855.86,8171.31,8171.31,804.987,3277,31,3276.7,29.1,29.1,30,30,118.515,0.032,746.134,855.86,27,3276,0,25,24,24,0,3276.7,0,80,13/12/2024 14:32
4837,0,11.8515,24.4538,801.745,804.987,26,26,25,26,26,25,0,0.0337,855.86,8171.31,8171.31,804.987,3277,31,3276.7,29.1,29.1,30,30,118.515,0.032,746.134,855.86,27,3276,0,25,24,24,0,3276.7,0,80,13/12/2024 14:32
4838,0,11.8515,24.4538,801.745,804.987,26,26,25,26,26,25,0,0.0337,855.86,8171.31,8171.31,804.987,3277,31,3276.7,29.1,29.1,30,30,118.515,0.032,746.134,855.86,27,3276,0,25,24,24,0,3276.7,0,80,13/12/2024 14:32
4839,0,11.8515,24.4538,801.745,804.987,26,26,25,26,26,25,0,0.0337,855.86,8171.31,8171.31,804.987,3277,31,3276.7,29.1,29.1,30,30,118.515,0.032,746.134,855.86,27,3276,0,25,24,24,0,3276.7,0,80,13/12/2024 14:32
4840,0,11.8515,24.4538,801.745,804.987,26,26,25,26,26,25,0,0.0337,855.86,8171.31,8171.31,804.987,3277,31,3276.7,29.1,29.1,30,30,118.515,0.032,746.134,855.86,27,3276,0,25,24,24,0,3276.7,0,80,13/12/2024 14:32
4841,0,11.8515,24.4538,801.745,804.987,26,26,25,26,26,25,0,0.0337,855.86,8171.31,8171.31,804.987,3277,31,3276.7,29.1,29.1,30,30,118.515,0.032,746.134,855.86,27,3276,0,25,24,24,0,3276.7,0,80,13/12/2024 14:32
4842,0,11.8515,24.4538,801.745,804.987,26,26,25,26,26,25,0,0.0337,855.86,8171.31,8171.31,804.987,3277,31,3276.7,29.1,29.1,30,30,118.515,0.032,746.134,855.86,27,3276,0,25,24,24,0,3276.7,0,80,13/12/2024 14:32
4843,0,11.8515,24.4538,801.745,804.987,26,26,25,26,26,25,0,0.0337,855.86,8171.31,8171.31,804.987,3277,31,3276.7,29.1,29.1,30,30,118.515,0.032,746.134,855.86,27,3276,0,25,24,24,0,3276.7,0,80,13/12/2024 14:32
4844,0,11.8515,24.4538,801.745,804.987,26,26,25,26,26,25,0,0.0337,855.86,8171.31,8171.31,804.987,3277,31,3276.7,29.1,29.1,30,30,118.515,0.032,746.134,855.86,27,3276,0,25,24,24,0,3276.7,0,80,13/12/2024 14:33
4845,0,11.8515,24.4538,801.745,804.987,26,26,25,26,26,25,0,0.0337,855.86,8171.31,8171.31,804.987,3277,31,3276.7,29.1,29.1,30,30,118.515,0.032,746.134,855.86,27,3276,0,25,24,24,0,3276.7,0,80,13/12/2024 14:33
4846,0,11.8515,24.4538,801.745,804.987,26,26,25,26,26,25,0,0.0337,855.86,8171.31,8171.31,804.987,3277,31,3276.7,29.1,29.1,30,30,118.515,0.032,746.134,855.86,27,3276,0,25,24,24,0,3276.7,0,80,13/12/2024 14:33
4847,0,11.8515,24.4538,801.745,804.987,26,26,25,26,26,25,0,0.0337,855.86,8171.31,8171.31,804.987,3277,31,3276.7,29.1,29.1,30,30,118.515,0.032,746.134,855.86,27,3276,0,25,24,24,0,3276.7,0,80,13/12/2024 14:33
4848,0,11.8515,24.4538,801.745,804.987,26,26,25,26,26,25,0,0.0337,855.86,8171.31,8171.31,804.987,3277,31,3276.7,29.1,29.1,30,30,118.515,0.032,746.134,855.86,27,3276,0,25,24,24,0,3276.7,0,80,13/12/2024 14:34
4849,0,11.8515,24.4538,801.745,804.987,26,26,25,26,26,25,0,0.0337,855.86,8171.31,8171.31,804.987,3277,31,3276.7,29.1,29.1,30,30,118.515,0.032,746.134,855.86,27,3276,0,25,24,24,0,3276.7,0,80,13/12/2024 14:34
4850,0,11.8515,24.4538,801.745,804.987,26,26,25,26,26,25,0,0.0337,855.86,8171.31,8171.31,804.987,3277,31,3276.7,29.1,29.1,30,30,118.515,0.032,746.134,855.86,27,3276,0,25,24,24,0,3276.7,0,80,13/12/2024 14:35
4851,0,11.8515,24.4538,801.745,804.987,26,26,25,26,26,25,0,0.0337,855.86,8171.31,8171.31,804.987,3277,31,3276.7,29.1,29.1,30,30,118.515,0.032,746.134,855.86,27,3276,0,25,24,24,0,3276.7,0,80,13/12/2024 14:35
4852,0,11.8515,24.4538,801.745,804.987,26,26,25,26,26,25,0,0.0337,855.86,8171.31,8171.31,804.987,3277,31,3276.7,29.1,29.1,30,30,118.515,0.032,746.134,855.86,27,3276,0,25,24,24,0,3276.7,0,80,13/12/2024 14:36
4853,0,11.8515,24.4538,801.745,804.987,26,26,25,26,26,25,0,0.0337,855.86,8171.31,8171.31,804.987,3277,31,3276.7,29.1,29.1,30,30,118.515,0.032,746.134,855.86,27,3276,0,25,24,24,0,3276.7,0,80,13/12/2024 14:36
4854,0,11.8515,24.4538,801.745,804.987,26,26,25,26,26,25,0,0.0337,855.86,8171.31,8171.31,804.987,3277,31,3276.7,29.1,29.1,30,30,118.515,0.032,746.134,855.86,27,3276,0,25,24,24,0,3276.7,0,80,13/12/2024 14:37
4855,0,11.8515,24.4538,801.745,804.987,26,26,25,26,26,25,0,0.0337,855.86,8171.31,8171.31,804.987,3277,31,3276.7,29.1,29.1,30,30,118.515,0.032,746.134,855.86,27,3276,0,25,24,24,0,3276.7,0,80,13/12/2024 14:37
4856,0,11.8515,24.4538,801.745,804.987,26,26,25,26,26,25,0,0.0337,855.86,8171.31,8171.31,804.987,3277,31,3276.7,29.1,29.1,30,30,118.515,0.032,746.134,855.86,27,3276,0,25,24,24,0,3276.7,0,80,13/12/2024 14:38
4857,0,11.8515,24.4538,801.745,804.987,26,26,25,26,26,25,0,0.0337,855.86,8171.31,8171.31,804.987,3277,31,3276.7,29.1,29.1,30,30,118.515,0.032,746.134,855.86,27,3276,0,25,24,24,0,3276.7,0,80,13/12/2024 14:38
4858,0,11.8515,24.4538,801.745,804.987,26,26,25,26,26,25,0,0.0337,855.86,8171.31,8171.31,804.987,3277,31,3276.7,29.1,29.1,30,30,118.515,0.032,746.134,855.86,27,3276,0,25,24,24,0,3276.7,0,80,13/12/2024 14:38
4859,0,11.8515,24.4538,801.745,804.987,26,26,25,26,26,25,0,0.0337,855.86,8171.31,8171.31,804.987,3277,31,3276.7,29.1,29.1,30,30,118.515,0.032,746.134,855.86,27,3276,0,25,24,24,0,3276.7,0,80,13/12/2024 14:38
4860,0,11.8515,24.4538,801.745,804.987,26,26,25,26,26,25,0,0.0337,855.86,8171.31,8171.31,804.987,3277,31,3276.7,29.1,29.1,30,30,118.515,0.032,746.134,855.86,27,3276,0,25,24,24,0,3276.7,0,80,13/12/2024 14:38
4861,0,11.8515,24.4538,801.745,804.987,26,26,25,26,26,25,0,0.0337,855.86,8171.31,8171.31,804.987,3277,31,3276.7,29.1,29.1,30,30,118.515,0.032,746.134,855.86,27,3276,0,25,24,24,0,3276.7,0,80,13/12/2024 14:38
4862,0,11.8515,24.4538,801.745,804.987,26,26,25,26,26,25,0,0.0337,855.86,8171.31,8171.31,804.987,3277,31,3276.7,29.1,29.1,30,30,118.515,0.032,746.134,855.86,27,3276,0,25,24,24,0,3276.7,0,80,13/12/2024 14:38
4863,0,11.8515,24.4538,801.745,804.987,26,26,25,26,26,25,0,0.0337,855.86,8171.31,8171.31,804.987,3277,31,3276.7,29.1,29.1,30,30,118.515,0.032,746.134,855.86,27,3276,0,25,24,24,0,3276.7,0,80,13/12/2024 14:38
4864,0,11.8515,24.4538,801.745,804.987,26,26,25,26,26,25,0,0.0337,855.86,8171.31,8171.31,804.987,3277,31,3276.7,29.1,29.1,30,30,118.515,0.032,746.134,855.86,27,3276,0,25,24,24,0,3276.7,0,80,13/12/2024 14:38
4865,0,11.8515,24.4538,801.745,804.987,26,26,25,26,26,25,0,0.0337,855.86,8171.31,8171.31,804.987,3277,31,3276.7,29.1,29.1,30,30,118.515,0.032,746.134,855.86,27,3276,0,25,24,24,0,3276.7,0,80,13/12/2024 14:38
4866,0,11.8515,24.4538,801.745,804.987,26,26,25,26,26,25,0,0.0337,855.86,8171.31,8171.31,804.987,3277,31,3276.7,29.1,29.1,30,30,118.515,0.032,746.134,855.86,27,3276,0,25,24,24,0,3276.7,0,80,13/12/2024 14:39
4867,0,11.8515,24.4538,801.745,804.987,26,26,25,26,26,25,0,0.0337,855.86,8171.31,8171.31,804.987,3277,31,3276.7,29.1,29.1,30,30,118.515,0.032,746.134,855.86,27,3276,0,25,24,24,0,3276.7,0,80,13/12/2024 14:39
4868,0,11.8515,24.4538,801.745,804.987,26,26,25,26,26,25,0,0.0337,855.86,8171.31,8171.31,804.987,3277,31,3276.7,29.1,29.1,30,30,118.515,0.032,746.134,855.86,27,3276,0,25,24,24,0,3276.7,0,80,13/12/2024 14:39
4869,0,11.8515,24.4538,801.745,804.987,26,26,25,26,26,25,0,0.0337,855.86,8171.31,8171.31,804.987,3277,31,3276.7,29.1,29.1,30,30,118.515,0.032,746.134,855.86,27,3276,0,25,24,24,0,3276.7,0,80,13/12/2024 14:39
4870,0,11.8515,24.4538,801.745,804.987,26,26,25,26,26,25,0,0.0337,855.86,8171.31,8171.31,804.987,3277,31,3276.7,29.1,29.1,30,30,118.515,0.032,746.134,855.86,27,3276,0,25,24,24,0,3276.7,0,80,13/12/2024 14:39
4871,0,11.8515,24.4538,801.745,804.987,26,26,25,26,26,25,0,0.0337,855.86,8171.31,8171.31,804.987,3277,31,3276.7,29.1,29.1,30,30,118.515,0.032,746.134,855.86,27,3276,0,25,24,24,0,3276.7,0,80,13/12/2024 14:39
4872,0,11.8515,24.4538,801.745,804.987,26,26,25,26,26,25,0,0.0337,855.86,8171.31,8171.31,804.987,3277,31,3276.7,29.1,29.1,30,30,118.515,0.032,746.134,855.86,27,3276,0,25,24,24,0,3276.7,0,80,13/12/2024 14:39
4873,0,11.8515,24.4538,801.745,804.987,26,26,25,26,26,25,0,0.0337,855.86,8171.31,8171.31,804.987,3277,31,3276.7,29.1,29.1,30,30,118.515,0.032,746.134,855.86,27,3276,0,25,24,24,0,3276.7,0,80,13/12/2024 14:39
4874,0,11.8515,24.4538,801.745,804.987,26,26,25,26,26,25,0,0.0337,855.86,8171.31,8171.31,804.987,3277,31,3276.7,29.1,29.1,30,30,118.515,0.032,746.134,855.86,27,3276,0,25,24,24,0,3276.7,0,80,13/12/2024 14:39
4875,0,11.8515,24.4538,801.745,804.987,26,26,25,26,26,25,0,0.0337,855.86,8171.31,8171.31,804.987,3277,31,3276.7,29.1,29.1,30,30,118.515,0.032,746.134,855.86,27,3276,0,25,24,24,0,3276.7,0,80,13/12/2024 14:39
4876,0,11.8515,24.4538,801.745,804.987,26,26,25,26,26,25,0,0.0337,855.86,8171.31,8171.31,804.987,3277,31,3276.7,29.1,29.1,30,30,118.515,0.032,746.134,855.86,27,3276,0,25,24,24,0,3276.7,0,80,13/12/2024 14:39
4877,0,11.8515,24.4538,801.745,804.987,26,26,25,26,26,25,0,0.0337,855.86,8171.31,8171.31,804.987,3277,31,3276.7,29.1,29.1,30,30,118.515,0.032,746.134,855.86,27,3276,0,25,24,24,0,3276.7,0,80,13/12/2024 14:39
4878,0,11.8515,24.4538,801.745,804.987,26,26,25,26,26,25,0,0.0337,855.86,8171.31,8171.31,804.987,3277,31,3276.7,29.1,29.1,30,30,118.515,0.032,746.134,855.86,27,3276,0,25,24,24,0,3276.7,0,80,13/12/2024 14:39
4879,0,11.8515,24.4538,801.745,804.987,26,26,25,26,26,25,0,0.0337,855.86,8171.31,8171.31,804.987,3277,31,3276.7,29.1,29.1,30,30,118.515,0.032,746.134,855.86,27,3276,0,25,24,24,0,3276.7,0,80,13/12/2024 14:39
4880,0,11.8515,24.4538,801.745,804.987,26,26,25,26,26,25,0,0.0337,855.86,8171.31,8171.31,804.987,3277,31,3276.7,29.1,29.1,30,30,118.515,0.032,746.134,855.86,27,3276,0,25,24,24,0,3276.7,0,80,13/12/2024 14:39
4881,0,11.8515,24.4538,801.745,804.987,26,26,25,26,26,25,0,0.0337,855.86,8171.31,8171.31,804.987,3277,31,3276.7,29.1,29.1,30,30,118.515,0.032,746.134,855.86,27,3276,0,25,24,24,0,3276.7,0,80,13/12/2024 14:39
4882,0,11.8515,24.4538,801.745,804.987,26,26,25,26,26,25,0,0.0337,855.86,8171.31,8171.31,804.987,3277,31,3276.7,29.1,29.1,30,30,118.515,0.032,746.134,855.86,27,3276,0,25,24,24,0,3276.7,0,80,13/12/2024 14:39
4883,0,11.8515,24.4538,801.745,804.987,26,26,25,26,26,25,0,0.0337,855.86,8171.31,8171.31,804.987,3277,31,3276.7,29.1,29.1,30,30,118.515,0.032,746.134,855.86,27,3276,0,25,24,24,0,3276.7,0,80,13/12/2024 14:39
4884,0,11.8515,24.4538,801.745,804.987,26,26,25,26,26,25,0,0.0337,855.86,8171.31,8171.31,804.987,3277,31,3276.7,29.1,29.1,30,30,118.515,0.032,746.134,855.86,27,3276,0,25,24,24,0,3276.7,0,80,13/12/2024 14:39
4885,0,11.8515,24.4538,801.745,804.987,26,26,25,26,26,25,0,0.0337,855.86,8171.31,8171.31,804.987,3277,31,3276.7,29.1,29.1,30,30,118.515,0.032,746.134,855.86,27,3276,0,25,24,24,0,3276.7,0,80,13/12/2024 14:39
4886,0,11.8515,24.4538,801.745,804.987,26,26,25,26,26,25,0,0.0337,855.86,8171.31,8171.31,804.987,3277,31,3276.7,29.1,29.1,30,30,118.515,0.032,746.134,855.86,27,3276,0,25,24,24,0,3276.7,0,80,13/12/2024 14:39
4887,0,11.8515,24.4538,801.745,804.987,26,26,25,26,26,25,0,0.0337,855.86,8171.31,8171.31,804.987,3277,31,3276.7,29.1,29.1,30,30,118.515,0.032,746.134,855.86,27,3276,0,25,24,24,0,3276.7,0,80,13/12/2024 14:39
4888,0,11.8515,24.4538,801.745,804.987,26,26,25,26,26,25,0,0.0337,855.86,8171.31,8171.31,804.987,3277,31,3276.7,29.1,29.1,30,30,118.515,0.032,746.134,855.86,27,3276,0,25,24,24,0,3276.7,0,80,13/12/2024 14:39
4889,0,11.8515,24.4538,801.745,804.987,26,26,25,26,26,25,0,0.0337,855.86,8171.31,8171.31,804.987,3277,31,3276.7,29.1,29.1,30,30,118.515,0.032,746.134,855.86,27,3276,0,25,24,24,0,3276.7,0,80,13/12/2024 14:39
4890,0,11.8515,24.4538,801.745,804.987,26,26,25,26,26,25,0,0.0337,855.86,8171.31,8171.31,804.987,3277,31,3276.7,29.1,29.1,30,30,118.515,0.032,746.134,855.86,27,3276,0,25,24,24,0,3276.7,0,80,13/12/2024 14:39
4891,0,11.8515,24.4538,801.745,804.987,26,26,25,26,26,25,0,0.0337,855.86,8171.31,8171.31,804.987,3277,31,3276.7,29.1,29.1,30,30,118.515,0.032,746.134,855.86,27,3276,0,25,24,24,0,3276.7,0,80,13/12/2024 14:39
4892,0,11.8515,24.4538,801.745,804.987,26,26,25,26,26,25,0,0.0337,855.86,8171.31,8171.31,804.987,3277,31,3276.7,29.1,29.1,30,30,118.515,0.032,746.134,855.86,27,3276,0,25,24,24,0,3276.7,0,80,13/12/2024 14:39
4893,0,11.8515,24.4538,801.745,804.987,26,26,25,26,26,25,0,0.0337,855.86,8171.31,8171.31,804.987,3277,31,3276.7,29.1,29.1,30,30,118.515,0.032,746.134,855.86,27,3276,0,25,24,24,0,3276.7,0,80,13/12/2024 14:39
4894,0,11.8515,24.4538,801.745,804.987,26,26,25,26,26,25,0,0.0337,855.86,8171.31,8171.31,804.987,3277,31,3276.7,29.1,29.1,30,30,118.515,0.032,746.134,855.86,27,3276,0,25,24,24,0,3276.7,0,80,13/12/2024 14:39
4895,0,11.8515,24.4538,801.745,804.987,26,26,25,26,26,25,0,0.0337,855.86,8171.31,8171.31,804.987,3277,31,3276.7,29.1,29.1,30,30,118.515,0.032,746.134,855.86,27,3276,0,25,24,24,0,3276.7,0,80,13/12/2024 14:39
4896,0,11.8515,24.4538,801.745,804.987,26,26,25,26,26,25,0,0.0337,855.86,8171.31,8171.31,804.987,3277,31,3276.7,29.1,29.1,30,30,118.515,0.032,746.134,855.86,27,3276,0,25,24,24,0,3276.7,0,80,13/12/2024 14:39
4897,0,11.8515,24.4538,801.745,804.987,26,26,25,26,26,25,0,0.0337,855.86,8171.31,8171.31,804.987,3277,31,3276.7,29.1,29.1,30,30,118.515,0.032,746.134,855.86,27,3276,0,25,24,24,0,3276.7,0,80,13/12/2024 14:39
4898,0,11.8515,24.4538,801.745,804.987,26,26,25,26,26,25,0,0.0337,855.86,8171.31,8171.31,804.987,3277,31,3276.7,29.1,29.1,30,30,118.515,0.032,746.134,855.86,27,3276,0,25,24,24,0,3276.7,0,80,13/12/2024 14:39
4899,0,11.8515,24.4538,801.745,804.987,26,26,25,26,26,25,0,0.0337,855.86,8171.31,8171.31,804.987,3277,31,3276.7,29.1,29.1,30,30,118.515,0.032,746.134,855.86,27,3276,0,25,24,24,0,3276.7,0,80,13/12/2024 14:39
4900,0,11.8515,24.4538,801.745,804.987,26,26,25,26,26,25,0,0.0337,855.86,8171.31,8171.31,804.987,3277,31,3276.7,29.1,29.1,30,30,118.515,0.032,746.134,855.86,27,3276,0,25,24,24,0,3276.7,0,80,13/12/2024 14:39
4901,0,11.8515,24.4538,801.745,804.987,26,26,25,26,26,25,0,0.0337,855.86,8171.31,8171.31,804.987,3277,31,3276.7,29.1,29.1,30,30,118.515,0.032,746.134,855.86,27,3276,0,25,24,24,0,3276.7,0,80,13/12/2024 14:40
4902,0,11.8515,24.4538,801.745,804.987,26,26,25,26,26,25,0,0.0337,855.86,8171.31,8171.31,804.987,3277,31,3276.7,29.1,29.1,30,30,118.515,0.032,746.134,855.86,27,3276,0,25,24,24,0,3276.7,0,80,13/12/2024 14:40
4903,0,11.8515,24.4538,801.745,804.987,26,26,25,26,26,25,0,0.0337,855.86,8171.31,8171.31,804.987,3277,31,3276.7,29.1,29.1,30,30,118.515,0.032,746.134,855.86,27,3276,0,25,24,24,0,3276.7,0,80,13/12/2024 14:50
4904,0,11.8515,24.4538,801.745,804.987,26,26,25,26,26,25,0,0.0337,855.86,8171.31,8171.31,804.987,3277,31,3276.7,29.1,29.1,30,30,118.515,0.032,746.134,855.86,27,3276,0,25,24,24,0,3276.7,0,80,13/12/2024 14:54
4905,0,11.8515,24.4538,801.745,804.987,26,26,25,26,26,25,0,0.0337,855.86,8171.31,8171.31,804.987,3277,31,3276.7,29.1,29.1,30,30,118.515,0.032,746.134,855.86,27,3276,0,25,24,24,0,3276.7,0,80,13/12/2024 15:05
4906,0,11.8515,24.4538,801.745,804.987,26,26,25,26,26,25,0,0.0337,855.86,8171.31,8171.31,804.987,3277,31,3276.7,29.1,29.1,30,30,118.515,0.032,746.134,855.86,27,3276,0,25,24,24,0,3276.7,0,80,13/12/2024 15:05
4907,0,11.8515,24.4538,801.745,804.987,26,26,25,26,26,25,0,0.0337,855.86,8171.31,8171.31,804.987,3277,31,3276.7,29.1,29.1,30,30,118.515,0.032,746.134,855.86,27,3276,0,25,24,24,0,3276.7,0,80,13/12/2024 15:05
4908,0,11.8515,24.4538,801.745,804.987,26,26,25,26,26,25,0,0.0337,855.86,8171.31,8171.31,804.987,3277,31,3276.7,29.1,29.1,30,30,118.515,0.032,746.134,855.86,27,3276,0,25,24,24,0,3276.7,0,80,13/12/2024 15:05
4909,0,11.8515,24.4538,801.745,804.987,26,26,25,26,26,25,0,0.0337,855.86,8171.31,8171.31,804.987,3277,31,3276.7,29.1,29.1,30,30,118.515,0.032,746.134,855.86,27,3276,0,25,24,24,0,3276.7,0,80,13/12/2024 15:05
4910,0,11.8515,24.4538,801.745,804.987,26,26,25,26,26,25,0,0.0337,855.86,8171.31,8171.31,804.987,3277,31,3276.7,29.1,29.1,30,30,118.515,0.032,746.134,855.86,27,3276,0,25,24,24,0,3276.7,0,80,13/12/2024 15:16
